# Start coordinate are with the genome as reference (not MSA).
# Count starts from zero (first position = 1).
seqID	seqName	start	length
0	S1	1	5
0	S1	9	4
0	S1	24	2
0	S1	77	8
0	S1	90	6
0	S1	109	3
0	S1	137	23
0	S1	527	21
0	S1	567	12
0	S1	629	9
0	S1	655	3
0	S1	658	3
0	S1	668	6
0	S1	676	1
0	S1	697	12
0	S1	707	3
0	S1	763	3
0	S1	831	3
0	S1	876	3
0	S1	884	1
0	S1	899	3
0	S1	921	15
0	S1	1009	7
0	S1	1045	3
0	S1	1162	12
0	S1	1174	27
0	S1	1189	35
0	S1	1241	13
0	S1	1265	3
0	S1	1267	3
0	S1	1274	9
0	S1	1286	4
0	S1	1300	4
0	S1	1318	2
0	S1	1360	12
0	S1	1380	1
0	S1	1408	4
0	S1	1430	8
0	S1	2712	9
0	S1	2742	9
0	S1	2801	1
0	S1	3158	6
0	S1	3172	6
0	S1	3292	7
0	S1	3330	7
0	S1	3356	21
0	S1	3388	32
0	S1	3446	16
0	S1	3492	6
0	S1	3502	22
0	S1	3509	1
0	S1	3529	2
0	S1	3567	12
0	S1	3608	3
0	S1	3678	3
0	S1	3730	6
0	S1	3735	3
0	S1	3860	13
0	S1	3864	4
0	S1	3868	1
0	S1	3876	9
0	S1	3912	34
0	S1	3937	3
0	S1	3944	75
0	S1	3954	12
0	S1	3975	3
0	S1	3984	2
0	S1	4018	21
0	S1	4052	4
0	S1	4181	11
0	S1	4197	1
0	S1	4199	157
0	S1	4205	1
0	S1	4206	3
0	S1	4212	3
0	S1	4213	198
0	S1	4447	3
0	S1	4462	12
0	S1	4499	12
0	S1	4565	12
0	S1	4660	3
0	S1	4684	6
0	S1	4826	3
0	S1	4878	6
0	S1	4992	3
0	S1	4999	6
0	S1	5022	12
0	S1	5198	9
0	S1	5202	21
0	S1	5227	12
0	S1	5232	3
0	S1	5238	39
0	S1	5251	12
0	S1	5272	6
0	S1	5302	6
0	S1	5311	24
0	S1	5323	35
0	S1	5423	9
0	S1	5486	9
0	S1	5636	3
0	S1	5754	6
0	S1	5760	6
0	S1	6011	12
0	S1	6426	6
0	S1	6644	9
0	S1	6879	3
0	S1	7003	11
0	S1	7028	6
0	S1	7053	21
0	S1	7066	3
0	S1	7084	6
0	S1	7095	18
0	S1	7114	18
0	S1	7127	7
0	S1	7132	4
0	S1	7145	1
0	S1	7156	7
0	S1	7165	1
0	S1	7194	77
0	S1	7212	1
0	S1	7217	3
0	S1	7220	16
0	S1	7227	3
0	S1	7236	10
0	S1	7242	13
0	S1	7245	6
0	S1	7256	1
0	S1	7273	16
0	S1	7293	1
0	S1	7309	6
0	S1	7313	2
0	S1	7316	9
0	S1	7354	52
0	S1	7365	6
0	S1	7369	12
0	S1	7388	2
0	S1	7396	8
0	S1	7404	13
0	S1	7421	9
0	S1	7487	1
0	S1	7495	8
0	S1	7513	5
0	S1	7527	8
0	S1	7542	8
0	S1	7552	15
0	S1	7554	78
0	S1	7571	4
0	S1	7600	28
0	S1	7621	34
0	S1	7635	19
0	S1	7647	21
0	S1	7674	1
0	S1	7678	23
0	S1	7693	3
0	S1	7710	18
0	S1	7718	11
0	S1	7755	1
0	S1	7762	1
0	S1	7783	32
0	S1	7794	10
0	S1	7798	1
0	S1	7809	5
0	S1	7818	2
0	S1	7823	2497
1	S2	1	23
1	S2	10	2
1	S2	63	8
1	S2	76	6
1	S2	95	3
1	S2	123	23
1	S2	513	21
1	S2	553	12
1	S2	615	9
1	S2	641	3
1	S2	644	3
1	S2	654	6
1	S2	662	1
1	S2	683	12
1	S2	693	3
1	S2	749	3
1	S2	817	3
1	S2	862	3
1	S2	870	1
1	S2	885	3
1	S2	907	15
1	S2	995	7
1	S2	1031	3
1	S2	1148	12
1	S2	1160	27
1	S2	1175	35
1	S2	1227	13
1	S2	1251	3
1	S2	1253	3
1	S2	1260	9
1	S2	1272	4
1	S2	1286	4
1	S2	1304	2
1	S2	1346	12
1	S2	1366	1
1	S2	1394	4
1	S2	1416	8
1	S2	2698	9
1	S2	2728	9
1	S2	2787	1
1	S2	3144	6
1	S2	3158	6
1	S2	3278	7
1	S2	3316	7
1	S2	3342	21
1	S2	3374	32
1	S2	3432	16
1	S2	3478	6
1	S2	3488	22
1	S2	3495	1
1	S2	3515	2
1	S2	3553	12
1	S2	3594	3
1	S2	3664	3
1	S2	3716	6
1	S2	3721	3
1	S2	3846	13
1	S2	3850	4
1	S2	3854	1
1	S2	3862	9
1	S2	3898	34
1	S2	3923	3
1	S2	3930	75
1	S2	3940	12
1	S2	3961	3
1	S2	3970	2
1	S2	4004	21
1	S2	4038	4
1	S2	4167	11
1	S2	4183	1
1	S2	4185	157
1	S2	4191	1
1	S2	4192	3
1	S2	4202	198
1	S2	4436	3
1	S2	4451	12
1	S2	4488	12
1	S2	4554	12
1	S2	4649	3
1	S2	4673	6
1	S2	4815	3
1	S2	4867	6
1	S2	4981	3
1	S2	4988	6
1	S2	5011	12
1	S2	5187	9
1	S2	5191	21
1	S2	5216	12
1	S2	5221	3
1	S2	5227	39
1	S2	5240	12
1	S2	5261	6
1	S2	5291	6
1	S2	5300	24
1	S2	5312	35
1	S2	5412	9
1	S2	5475	9
1	S2	5625	3
1	S2	5743	6
1	S2	5749	6
1	S2	6000	12
1	S2	6415	6
1	S2	6633	9
1	S2	6868	3
1	S2	6992	11
1	S2	7017	6
1	S2	7042	21
1	S2	7055	3
1	S2	7073	6
1	S2	7084	18
1	S2	7103	18
1	S2	7116	7
1	S2	7121	4
1	S2	7134	1
1	S2	7145	7
1	S2	7154	1
1	S2	7183	77
1	S2	7201	1
1	S2	7206	3
1	S2	7209	16
1	S2	7216	3
1	S2	7225	10
1	S2	7231	13
1	S2	7234	6
1	S2	7245	1
1	S2	7262	16
1	S2	7282	1
1	S2	7298	6
1	S2	7302	2
1	S2	7305	9
1	S2	7343	52
1	S2	7354	6
1	S2	7358	12
1	S2	7377	2
1	S2	7385	8
1	S2	7393	13
1	S2	7410	9
1	S2	7476	1
1	S2	7484	8
1	S2	7502	5
1	S2	7516	8
1	S2	7531	8
1	S2	7541	15
1	S2	7543	78
1	S2	7560	4
1	S2	7589	28
1	S2	7610	34
1	S2	7624	19
1	S2	7636	21
1	S2	7663	1
1	S2	7667	23
1	S2	7682	3
1	S2	7699	18
1	S2	7707	11
1	S2	7744	1
1	S2	7751	1
1	S2	7772	32
1	S2	7783	10
1	S2	7787	1
1	S2	7797	2519
2	S3	1	1
2	S3	13	4
2	S3	28	2
2	S3	81	8
2	S3	94	6
2	S3	113	3
2	S3	141	23
2	S3	531	21
2	S3	571	12
2	S3	633	9
2	S3	659	3
2	S3	662	3
2	S3	672	6
2	S3	680	1
2	S3	701	12
2	S3	711	3
2	S3	767	3
2	S3	835	3
2	S3	880	3
2	S3	888	1
2	S3	903	3
2	S3	925	15
2	S3	1013	7
2	S3	1049	3
2	S3	1166	12
2	S3	1178	27
2	S3	1193	35
2	S3	1245	13
2	S3	1269	3
2	S3	1271	3
2	S3	1278	9
2	S3	1290	4
2	S3	1304	4
2	S3	1322	2
2	S3	1364	12
2	S3	1384	1
2	S3	1412	4
2	S3	1434	8
2	S3	2716	9
2	S3	2746	9
2	S3	2805	1
2	S3	3162	6
2	S3	3176	6
2	S3	3296	7
2	S3	3334	7
2	S3	3360	21
2	S3	3392	32
2	S3	3450	16
2	S3	3496	6
2	S3	3506	22
2	S3	3513	1
2	S3	3533	2
2	S3	3571	12
2	S3	3612	3
2	S3	3682	3
2	S3	3734	6
2	S3	3739	3
2	S3	3864	13
2	S3	3868	4
2	S3	3872	1
2	S3	3880	9
2	S3	3916	34
2	S3	3941	3
2	S3	3948	75
2	S3	3958	12
2	S3	3979	3
2	S3	3988	2
2	S3	4022	21
2	S3	4056	4
2	S3	4185	11
2	S3	4201	1
2	S3	4203	157
2	S3	4209	1
2	S3	4210	3
2	S3	4220	198
2	S3	4454	3
2	S3	4469	12
2	S3	4506	12
2	S3	4572	12
2	S3	4667	3
2	S3	4691	6
2	S3	4833	3
2	S3	4885	6
2	S3	4999	3
2	S3	5006	6
2	S3	5029	12
2	S3	5205	9
2	S3	5209	21
2	S3	5234	12
2	S3	5239	3
2	S3	5245	39
2	S3	5258	12
2	S3	5279	6
2	S3	5309	6
2	S3	5318	24
2	S3	5330	35
2	S3	5430	9
2	S3	5493	9
2	S3	5643	3
2	S3	5761	6
2	S3	5767	6
2	S3	6018	12
2	S3	6433	6
2	S3	6651	9
2	S3	6886	3
2	S3	7010	11
2	S3	7035	6
2	S3	7060	21
2	S3	7073	3
2	S3	7091	6
2	S3	7102	18
2	S3	7121	18
2	S3	7134	7
2	S3	7139	4
2	S3	7152	1
2	S3	7163	7
2	S3	7172	1
2	S3	7201	77
2	S3	7219	1
2	S3	7224	3
2	S3	7227	16
2	S3	7234	3
2	S3	7243	10
2	S3	7249	13
2	S3	7252	6
2	S3	7263	1
2	S3	7280	16
2	S3	7300	1
2	S3	7316	6
2	S3	7320	2
2	S3	7323	9
2	S3	7361	52
2	S3	7372	6
2	S3	7376	12
2	S3	7395	2
2	S3	7403	8
2	S3	7411	13
2	S3	7428	9
2	S3	7437	42
2	S3	7452	1
2	S3	7460	8
2	S3	7478	5
2	S3	7492	8
2	S3	7507	8
2	S3	7517	15
2	S3	7519	78
2	S3	7536	4
2	S3	7565	28
2	S3	7586	34
2	S3	7600	19
2	S3	7612	21
2	S3	7639	1
2	S3	7643	23
2	S3	7658	3
2	S3	7675	18
2	S3	7683	11
2	S3	7720	1
2	S3	7727	1
2	S3	7748	32
2	S3	7759	10
2	S3	7763	1
2	S3	7774	5
2	S3	7783	2
2	S3	7791	2494
3	S4	1	29
3	S4	4	2
3	S4	57	8
3	S4	70	6
3	S4	89	3
3	S4	117	23
3	S4	507	21
3	S4	547	12
3	S4	609	9
3	S4	635	3
3	S4	638	3
3	S4	648	6
3	S4	656	1
3	S4	677	12
3	S4	687	3
3	S4	743	3
3	S4	811	3
3	S4	856	3
3	S4	864	1
3	S4	879	3
3	S4	901	15
3	S4	989	7
3	S4	1025	3
3	S4	1142	12
3	S4	1154	27
3	S4	1169	35
3	S4	1221	13
3	S4	1245	3
3	S4	1247	3
3	S4	1254	9
3	S4	1266	4
3	S4	1280	4
3	S4	1298	2
3	S4	1340	12
3	S4	1360	1
3	S4	1388	4
3	S4	1410	8
3	S4	2692	9
3	S4	2722	9
3	S4	2781	1
3	S4	3138	6
3	S4	3152	6
3	S4	3272	7
3	S4	3310	7
3	S4	3336	21
3	S4	3368	32
3	S4	3426	16
3	S4	3472	6
3	S4	3482	22
3	S4	3489	1
3	S4	3509	2
3	S4	3547	12
3	S4	3588	3
3	S4	3658	3
3	S4	3710	6
3	S4	3715	3
3	S4	3840	13
3	S4	3844	4
3	S4	3848	1
3	S4	3856	9
3	S4	3892	34
3	S4	3917	3
3	S4	3924	75
3	S4	3934	12
3	S4	3955	3
3	S4	3964	2
3	S4	3998	21
3	S4	4032	4
3	S4	4161	11
3	S4	4177	1
3	S4	4179	157
3	S4	4185	1
3	S4	4186	3
3	S4	4196	198
3	S4	4430	3
3	S4	4445	12
3	S4	4482	12
3	S4	4548	12
3	S4	4643	3
3	S4	4667	6
3	S4	4809	3
3	S4	4861	6
3	S4	4975	3
3	S4	4982	6
3	S4	5005	12
3	S4	5181	9
3	S4	5185	21
3	S4	5210	12
3	S4	5215	3
3	S4	5221	39
3	S4	5234	12
3	S4	5255	6
3	S4	5285	6
3	S4	5294	24
3	S4	5306	35
3	S4	5406	9
3	S4	5469	9
3	S4	5619	3
3	S4	5737	6
3	S4	5743	6
3	S4	5994	12
3	S4	6409	6
3	S4	6627	9
3	S4	6862	3
3	S4	6986	11
3	S4	7011	6
3	S4	7036	21
3	S4	7049	3
3	S4	7067	6
3	S4	7078	18
3	S4	7097	18
3	S4	7110	7
3	S4	7115	4
3	S4	7128	1
3	S4	7139	7
3	S4	7148	1
3	S4	7177	77
3	S4	7195	1
3	S4	7200	3
3	S4	7203	16
3	S4	7210	3
3	S4	7219	10
3	S4	7225	13
3	S4	7228	6
3	S4	7239	1
3	S4	7256	16
3	S4	7276	1
3	S4	7292	6
3	S4	7296	2
3	S4	7299	9
3	S4	7337	52
3	S4	7348	6
3	S4	7352	12
3	S4	7371	2
3	S4	7379	8
3	S4	7387	13
3	S4	7404	9
3	S4	7413	42
3	S4	7428	1
3	S4	7436	8
3	S4	7454	5
3	S4	7468	8
3	S4	7483	8
3	S4	7493	15
3	S4	7495	78
3	S4	7512	4
3	S4	7541	28
3	S4	7562	34
3	S4	7576	19
3	S4	7588	21
3	S4	7615	1
3	S4	7619	23
3	S4	7634	3
3	S4	7651	18
3	S4	7659	11
3	S4	7696	1
3	S4	7703	1
3	S4	7724	32
3	S4	7735	10
3	S4	7739	1
3	S4	7750	5
3	S4	7759	2
3	S4	7767	2494
4	S5	1	1
4	S5	13	4
4	S5	28	2
4	S5	81	8
4	S5	94	6
4	S5	113	3
4	S5	141	23
4	S5	531	21
4	S5	571	12
4	S5	633	9
4	S5	659	3
4	S5	662	3
4	S5	672	6
4	S5	680	1
4	S5	701	12
4	S5	711	3
4	S5	767	3
4	S5	835	3
4	S5	880	3
4	S5	888	1
4	S5	903	3
4	S5	925	15
4	S5	1013	7
4	S5	1049	3
4	S5	1166	12
4	S5	1178	27
4	S5	1193	35
4	S5	1245	13
4	S5	1269	3
4	S5	1271	3
4	S5	1278	9
4	S5	1290	4
4	S5	1304	4
4	S5	1322	2
4	S5	1364	12
4	S5	1384	1
4	S5	1412	4
4	S5	1434	8
4	S5	2716	9
4	S5	2746	9
4	S5	2805	1
4	S5	3162	6
4	S5	3176	6
4	S5	3296	7
4	S5	3334	7
4	S5	3360	21
4	S5	3392	32
4	S5	3450	16
4	S5	3496	6
4	S5	3506	22
4	S5	3513	1
4	S5	3533	2
4	S5	3571	12
4	S5	3612	3
4	S5	3682	3
4	S5	3734	6
4	S5	3739	3
4	S5	3864	13
4	S5	3868	4
4	S5	3872	1
4	S5	3880	9
4	S5	3916	34
4	S5	3941	3
4	S5	3948	75
4	S5	3958	12
4	S5	3979	3
4	S5	3988	2
4	S5	4022	21
4	S5	4056	4
4	S5	4185	11
4	S5	4201	1
4	S5	4203	157
4	S5	4209	1
4	S5	4210	3
4	S5	4220	198
4	S5	4454	3
4	S5	4469	12
4	S5	4506	12
4	S5	4572	12
4	S5	4667	3
4	S5	4691	6
4	S5	4833	3
4	S5	4885	6
4	S5	4999	3
4	S5	5006	6
4	S5	5029	12
4	S5	5205	9
4	S5	5209	21
4	S5	5234	12
4	S5	5239	3
4	S5	5245	39
4	S5	5258	12
4	S5	5279	6
4	S5	5309	6
4	S5	5318	24
4	S5	5330	35
4	S5	5430	9
4	S5	5493	9
4	S5	5643	3
4	S5	5761	6
4	S5	5767	6
4	S5	6018	12
4	S5	6433	6
4	S5	6651	9
4	S5	6886	3
4	S5	7010	11
4	S5	7035	6
4	S5	7060	21
4	S5	7073	3
4	S5	7091	6
4	S5	7102	18
4	S5	7121	18
4	S5	7134	7
4	S5	7139	4
4	S5	7152	1
4	S5	7163	7
4	S5	7172	1
4	S5	7201	77
4	S5	7219	1
4	S5	7224	3
4	S5	7227	16
4	S5	7234	3
4	S5	7243	10
4	S5	7249	13
4	S5	7252	6
4	S5	7263	1
4	S5	7280	16
4	S5	7300	1
4	S5	7316	6
4	S5	7320	2
4	S5	7323	9
4	S5	7361	52
4	S5	7372	6
4	S5	7376	12
4	S5	7395	2
4	S5	7403	8
4	S5	7411	13
4	S5	7428	9
4	S5	7437	42
4	S5	7452	1
4	S5	7460	8
4	S5	7478	5
4	S5	7492	8
4	S5	7507	8
4	S5	7517	15
4	S5	7519	78
4	S5	7536	4
4	S5	7565	28
4	S5	7586	34
4	S5	7600	19
4	S5	7612	21
4	S5	7639	1
4	S5	7643	23
4	S5	7658	3
4	S5	7675	18
4	S5	7683	11
4	S5	7720	1
4	S5	7727	1
4	S5	7748	32
4	S5	7759	10
4	S5	7763	1
4	S5	7774	5
4	S5	7783	2
4	S5	7791	2494
5	S6	1	1
5	S6	13	4
5	S6	28	2
5	S6	81	8
5	S6	94	6
5	S6	113	3
5	S6	141	23
5	S6	531	21
5	S6	571	12
5	S6	633	9
5	S6	659	3
5	S6	662	3
5	S6	672	6
5	S6	680	1
5	S6	701	12
5	S6	711	3
5	S6	767	3
5	S6	835	3
5	S6	880	3
5	S6	888	1
5	S6	903	3
5	S6	925	15
5	S6	1013	7
5	S6	1049	3
5	S6	1166	12
5	S6	1178	27
5	S6	1193	35
5	S6	1245	13
5	S6	1269	3
5	S6	1271	3
5	S6	1278	9
5	S6	1290	4
5	S6	1304	4
5	S6	1322	2
5	S6	1364	12
5	S6	1384	1
5	S6	1412	4
5	S6	1434	8
5	S6	2716	9
5	S6	2746	9
5	S6	2805	1
5	S6	3162	6
5	S6	3176	6
5	S6	3296	7
5	S6	3334	7
5	S6	3360	21
5	S6	3392	32
5	S6	3450	16
5	S6	3496	6
5	S6	3506	22
5	S6	3513	1
5	S6	3533	2
5	S6	3571	12
5	S6	3612	3
5	S6	3682	3
5	S6	3734	6
5	S6	3739	3
5	S6	3864	13
5	S6	3868	4
5	S6	3872	1
5	S6	3880	9
5	S6	3916	34
5	S6	3941	3
5	S6	3948	75
5	S6	3958	12
5	S6	3979	3
5	S6	3988	2
5	S6	4022	21
5	S6	4056	4
5	S6	4185	11
5	S6	4201	1
5	S6	4203	157
5	S6	4209	1
5	S6	4210	3
5	S6	4220	198
5	S6	4454	3
5	S6	4469	12
5	S6	4506	12
5	S6	4572	12
5	S6	4667	3
5	S6	4691	6
5	S6	4833	3
5	S6	4885	6
5	S6	4999	3
5	S6	5006	6
5	S6	5029	12
5	S6	5205	9
5	S6	5209	21
5	S6	5234	12
5	S6	5239	3
5	S6	5245	39
5	S6	5258	12
5	S6	5279	6
5	S6	5309	6
5	S6	5318	24
5	S6	5330	35
5	S6	5430	9
5	S6	5493	9
5	S6	5643	3
5	S6	5761	6
5	S6	5767	6
5	S6	6018	12
5	S6	6433	6
5	S6	6651	9
5	S6	6886	3
5	S6	7010	11
5	S6	7035	6
5	S6	7060	21
5	S6	7073	3
5	S6	7091	6
5	S6	7102	18
5	S6	7121	18
5	S6	7134	7
5	S6	7139	4
5	S6	7152	1
5	S6	7163	7
5	S6	7172	1
5	S6	7201	77
5	S6	7219	1
5	S6	7224	3
5	S6	7227	16
5	S6	7234	3
5	S6	7243	10
5	S6	7249	13
5	S6	7252	6
5	S6	7263	1
5	S6	7280	16
5	S6	7300	1
5	S6	7316	6
5	S6	7320	2
5	S6	7323	9
5	S6	7361	52
5	S6	7372	6
5	S6	7376	12
5	S6	7395	2
5	S6	7403	8
5	S6	7411	13
5	S6	7428	9
5	S6	7437	42
5	S6	7452	1
5	S6	7460	8
5	S6	7478	5
5	S6	7492	8
5	S6	7507	8
5	S6	7517	15
5	S6	7519	78
5	S6	7536	4
5	S6	7565	28
5	S6	7586	34
5	S6	7600	19
5	S6	7612	21
5	S6	7639	1
5	S6	7643	23
5	S6	7658	3
5	S6	7675	18
5	S6	7683	11
5	S6	7720	1
5	S6	7727	1
5	S6	7748	32
5	S6	7759	10
5	S6	7763	1
5	S6	7774	5
5	S6	7783	2
5	S6	7791	2494
6	S7	1	1
6	S7	13	4
6	S7	28	2
6	S7	81	8
6	S7	94	6
6	S7	113	3
6	S7	141	23
6	S7	531	21
6	S7	571	12
6	S7	633	9
6	S7	659	3
6	S7	662	3
6	S7	672	6
6	S7	680	1
6	S7	701	12
6	S7	711	3
6	S7	767	3
6	S7	835	3
6	S7	880	3
6	S7	888	1
6	S7	903	3
6	S7	925	15
6	S7	1013	7
6	S7	1049	3
6	S7	1166	12
6	S7	1178	27
6	S7	1193	35
6	S7	1245	13
6	S7	1269	3
6	S7	1271	3
6	S7	1278	9
6	S7	1290	4
6	S7	1304	4
6	S7	1322	2
6	S7	1364	12
6	S7	1384	1
6	S7	1412	4
6	S7	1434	8
6	S7	2716	9
6	S7	2746	9
6	S7	2805	1
6	S7	3162	6
6	S7	3176	6
6	S7	3296	7
6	S7	3334	7
6	S7	3360	21
6	S7	3392	32
6	S7	3450	16
6	S7	3496	6
6	S7	3506	22
6	S7	3513	1
6	S7	3533	2
6	S7	3571	12
6	S7	3612	3
6	S7	3682	3
6	S7	3734	6
6	S7	3739	3
6	S7	3864	13
6	S7	3868	4
6	S7	3872	1
6	S7	3880	9
6	S7	3916	34
6	S7	3941	3
6	S7	3948	75
6	S7	3958	12
6	S7	3979	3
6	S7	3988	2
6	S7	4022	21
6	S7	4056	4
6	S7	4185	11
6	S7	4201	1
6	S7	4203	157
6	S7	4209	1
6	S7	4210	3
6	S7	4220	198
6	S7	4454	3
6	S7	4469	12
6	S7	4506	12
6	S7	4572	12
6	S7	4667	3
6	S7	4691	6
6	S7	4833	3
6	S7	4885	6
6	S7	4999	3
6	S7	5006	6
6	S7	5029	12
6	S7	5205	9
6	S7	5209	21
6	S7	5234	12
6	S7	5239	3
6	S7	5245	39
6	S7	5258	12
6	S7	5279	6
6	S7	5309	6
6	S7	5318	24
6	S7	5330	35
6	S7	5430	9
6	S7	5493	9
6	S7	5643	3
6	S7	5761	6
6	S7	5767	6
6	S7	6018	12
6	S7	6433	6
6	S7	6651	9
6	S7	6886	3
6	S7	7010	11
6	S7	7035	6
6	S7	7060	21
6	S7	7073	3
6	S7	7091	6
6	S7	7102	18
6	S7	7121	18
6	S7	7134	7
6	S7	7139	4
6	S7	7152	1
6	S7	7163	7
6	S7	7172	1
6	S7	7202	64
6	S7	7232	1
6	S7	7237	3
6	S7	7240	16
6	S7	7247	3
6	S7	7256	10
6	S7	7262	13
6	S7	7265	6
6	S7	7276	1
6	S7	7293	16
6	S7	7313	1
6	S7	7329	6
6	S7	7333	2
6	S7	7336	9
6	S7	7374	52
6	S7	7385	6
6	S7	7389	12
6	S7	7408	2
6	S7	7416	8
6	S7	7424	13
6	S7	7441	9
6	S7	7507	1
6	S7	7515	8
6	S7	7533	5
6	S7	7547	8
6	S7	7562	8
6	S7	7572	15
6	S7	7574	78
6	S7	7591	4
6	S7	7620	28
6	S7	7641	34
6	S7	7655	19
6	S7	7667	21
6	S7	7694	1
6	S7	7698	23
6	S7	7713	3
6	S7	7730	18
6	S7	7738	11
6	S7	7775	1
6	S7	7782	1
6	S7	7803	32
6	S7	7814	10
6	S7	7818	1
6	S7	7829	5
6	S7	7838	2
6	S7	7846	2494
7	S8	1	1
7	S8	13	4
7	S8	28	2
7	S8	81	8
7	S8	94	6
7	S8	113	3
7	S8	141	23
7	S8	531	21
7	S8	571	12
7	S8	633	9
7	S8	659	3
7	S8	662	3
7	S8	672	6
7	S8	680	1
7	S8	701	12
7	S8	711	3
7	S8	767	3
7	S8	835	3
7	S8	880	3
7	S8	888	1
7	S8	903	3
7	S8	925	15
7	S8	1013	7
7	S8	1049	3
7	S8	1166	12
7	S8	1178	27
7	S8	1193	35
7	S8	1245	13
7	S8	1269	3
7	S8	1271	3
7	S8	1278	9
7	S8	1290	4
7	S8	1304	4
7	S8	1322	2
7	S8	1364	12
7	S8	1384	1
7	S8	1412	4
7	S8	1434	8
7	S8	2716	9
7	S8	2746	9
7	S8	2805	1
7	S8	3162	6
7	S8	3176	6
7	S8	3296	7
7	S8	3334	7
7	S8	3360	21
7	S8	3392	32
7	S8	3450	16
7	S8	3496	6
7	S8	3506	22
7	S8	3513	1
7	S8	3533	2
7	S8	3571	12
7	S8	3612	3
7	S8	3682	3
7	S8	3734	6
7	S8	3739	3
7	S8	3864	13
7	S8	3868	4
7	S8	3872	1
7	S8	3880	9
7	S8	3916	34
7	S8	3941	3
7	S8	3948	75
7	S8	3958	12
7	S8	3979	3
7	S8	3988	2
7	S8	4022	21
7	S8	4056	4
7	S8	4185	11
7	S8	4201	1
7	S8	4203	157
7	S8	4209	1
7	S8	4210	3
7	S8	4220	198
7	S8	4454	3
7	S8	4469	12
7	S8	4506	12
7	S8	4572	12
7	S8	4667	3
7	S8	4691	6
7	S8	4833	3
7	S8	4885	6
7	S8	4999	3
7	S8	5006	6
7	S8	5029	12
7	S8	5205	9
7	S8	5209	21
7	S8	5234	12
7	S8	5239	3
7	S8	5245	39
7	S8	5258	12
7	S8	5279	6
7	S8	5309	6
7	S8	5318	24
7	S8	5330	35
7	S8	5430	9
7	S8	5493	9
7	S8	5643	3
7	S8	5761	6
7	S8	5767	6
7	S8	6018	12
7	S8	6433	6
7	S8	6651	9
7	S8	6886	3
7	S8	7010	11
7	S8	7035	6
7	S8	7060	21
7	S8	7073	3
7	S8	7091	6
7	S8	7102	18
7	S8	7121	18
7	S8	7134	7
7	S8	7139	4
7	S8	7152	1
7	S8	7163	7
7	S8	7172	1
7	S8	7202	64
7	S8	7232	1
7	S8	7237	3
7	S8	7240	16
7	S8	7247	3
7	S8	7256	10
7	S8	7262	13
7	S8	7265	6
7	S8	7276	1
7	S8	7293	16
7	S8	7313	1
7	S8	7329	6
7	S8	7333	2
7	S8	7336	9
7	S8	7374	52
7	S8	7385	6
7	S8	7389	12
7	S8	7408	2
7	S8	7416	8
7	S8	7424	13
7	S8	7441	9
7	S8	7507	1
7	S8	7515	8
7	S8	7533	5
7	S8	7547	8
7	S8	7562	8
7	S8	7572	15
7	S8	7574	78
7	S8	7591	4
7	S8	7620	28
7	S8	7641	34
7	S8	7655	19
7	S8	7667	21
7	S8	7694	1
7	S8	7698	23
7	S8	7713	3
7	S8	7730	18
7	S8	7738	11
7	S8	7775	1
7	S8	7782	1
7	S8	7803	32
7	S8	7814	10
7	S8	7818	1
7	S8	7829	5
7	S8	7838	2
7	S8	7846	2494
8	S9	1	1
8	S9	13	4
8	S9	28	2
8	S9	81	8
8	S9	94	6
8	S9	113	3
8	S9	141	23
8	S9	531	21
8	S9	571	12
8	S9	633	9
8	S9	659	3
8	S9	662	3
8	S9	672	6
8	S9	680	1
8	S9	701	12
8	S9	711	3
8	S9	767	3
8	S9	835	3
8	S9	880	3
8	S9	888	1
8	S9	903	3
8	S9	925	15
8	S9	1013	7
8	S9	1049	3
8	S9	1091	1
8	S9	1165	12
8	S9	1177	27
8	S9	1192	35
8	S9	1244	13
8	S9	1268	3
8	S9	1270	3
8	S9	1277	9
8	S9	1289	4
8	S9	1303	4
8	S9	1321	2
8	S9	1363	12
8	S9	1383	1
8	S9	1411	4
8	S9	1433	8
8	S9	2715	9
8	S9	2745	9
8	S9	3162	6
8	S9	3176	6
8	S9	3296	7
8	S9	3334	7
8	S9	3360	21
8	S9	3392	32
8	S9	3450	16
8	S9	3496	6
8	S9	3506	22
8	S9	3513	1
8	S9	3533	2
8	S9	3571	12
8	S9	3612	3
8	S9	3682	3
8	S9	3734	6
8	S9	3739	3
8	S9	3818	1
8	S9	3863	13
8	S9	3867	4
8	S9	3871	1
8	S9	3879	9
8	S9	3915	34
8	S9	3940	3
8	S9	3947	75
8	S9	3957	12
8	S9	3978	3
8	S9	3987	2
8	S9	4021	21
8	S9	4055	4
8	S9	4184	11
8	S9	4200	1
8	S9	4202	157
8	S9	4208	1
8	S9	4209	3
8	S9	4219	198
8	S9	4453	3
8	S9	4468	12
8	S9	4505	12
8	S9	4571	12
8	S9	4666	3
8	S9	4690	6
8	S9	4832	3
8	S9	4884	6
8	S9	4998	3
8	S9	5005	6
8	S9	5028	12
8	S9	5204	9
8	S9	5208	21
8	S9	5233	12
8	S9	5238	3
8	S9	5244	39
8	S9	5257	12
8	S9	5278	6
8	S9	5308	6
8	S9	5317	24
8	S9	5329	35
8	S9	5429	9
8	S9	5492	9
8	S9	5642	3
8	S9	5760	6
8	S9	5766	6
8	S9	6017	12
8	S9	6432	6
8	S9	6650	9
8	S9	6885	3
8	S9	7009	11
8	S9	7034	6
8	S9	7059	21
8	S9	7072	3
8	S9	7090	6
8	S9	7101	18
8	S9	7120	18
8	S9	7133	7
8	S9	7138	4
8	S9	7151	1
8	S9	7162	7
8	S9	7171	1
8	S9	7201	64
8	S9	7231	1
8	S9	7236	3
8	S9	7239	16
8	S9	7246	3
8	S9	7255	10
8	S9	7261	13
8	S9	7264	6
8	S9	7275	1
8	S9	7292	16
8	S9	7312	1
8	S9	7328	6
8	S9	7332	2
8	S9	7335	9
8	S9	7373	52
8	S9	7384	6
8	S9	7388	12
8	S9	7407	2
8	S9	7415	8
8	S9	7423	13
8	S9	7440	9
8	S9	7506	1
8	S9	7514	8
8	S9	7532	5
8	S9	7546	8
8	S9	7561	8
8	S9	7571	15
8	S9	7573	78
8	S9	7590	4
8	S9	7619	28
8	S9	7640	34
8	S9	7654	19
8	S9	7666	21
8	S9	7693	1
8	S9	7697	23
8	S9	7712	3
8	S9	7729	18
8	S9	7737	11
8	S9	7774	1
8	S9	7781	1
8	S9	7802	32
8	S9	7813	10
8	S9	7817	1
8	S9	7828	5
8	S9	7837	2
8	S9	7845	2494
9	S10	1	1
9	S10	13	4
9	S10	28	2
9	S10	81	8
9	S10	94	6
9	S10	113	3
9	S10	141	23
9	S10	531	21
9	S10	571	12
9	S10	633	9
9	S10	659	3
9	S10	662	3
9	S10	672	6
9	S10	680	1
9	S10	701	12
9	S10	711	3
9	S10	767	3
9	S10	835	3
9	S10	880	3
9	S10	888	1
9	S10	903	3
9	S10	925	15
9	S10	1013	7
9	S10	1049	3
9	S10	1166	12
9	S10	1178	27
9	S10	1193	35
9	S10	1245	13
9	S10	1269	3
9	S10	1271	3
9	S10	1278	9
9	S10	1290	4
9	S10	1304	4
9	S10	1322	2
9	S10	1364	12
9	S10	1384	1
9	S10	1412	4
9	S10	1434	8
9	S10	2716	9
9	S10	2746	9
9	S10	2805	1
9	S10	3162	6
9	S10	3176	6
9	S10	3296	7
9	S10	3334	7
9	S10	3360	21
9	S10	3392	32
9	S10	3450	16
9	S10	3496	6
9	S10	3506	22
9	S10	3513	1
9	S10	3533	2
9	S10	3571	12
9	S10	3612	3
9	S10	3682	3
9	S10	3734	6
9	S10	3739	3
9	S10	3864	13
9	S10	3868	4
9	S10	3872	1
9	S10	3880	9
9	S10	3916	34
9	S10	3941	3
9	S10	3948	75
9	S10	3958	12
9	S10	3979	3
9	S10	3988	2
9	S10	4022	21
9	S10	4056	4
9	S10	4185	11
9	S10	4201	1
9	S10	4203	157
9	S10	4209	1
9	S10	4210	3
9	S10	4220	198
9	S10	4454	3
9	S10	4469	12
9	S10	4506	12
9	S10	4572	12
9	S10	4667	3
9	S10	4691	6
9	S10	4833	3
9	S10	4885	6
9	S10	4999	3
9	S10	5006	6
9	S10	5029	12
9	S10	5205	9
9	S10	5209	21
9	S10	5234	12
9	S10	5239	3
9	S10	5245	39
9	S10	5258	12
9	S10	5279	6
9	S10	5309	6
9	S10	5318	24
9	S10	5330	35
9	S10	5430	9
9	S10	5493	9
9	S10	5643	3
9	S10	5761	6
9	S10	5767	6
9	S10	6018	12
9	S10	6433	6
9	S10	6651	9
9	S10	6886	3
9	S10	7010	11
9	S10	7035	6
9	S10	7060	21
9	S10	7073	3
9	S10	7091	6
9	S10	7102	18
9	S10	7121	18
9	S10	7134	7
9	S10	7139	4
9	S10	7152	1
9	S10	7163	7
9	S10	7172	1
9	S10	7277	1
9	S10	7295	1
9	S10	7300	3
9	S10	7303	16
9	S10	7310	3
9	S10	7319	10
9	S10	7325	13
9	S10	7328	6
9	S10	7339	1
9	S10	7356	16
9	S10	7376	1
9	S10	7392	6
9	S10	7396	2
9	S10	7399	9
9	S10	7437	52
9	S10	7448	6
9	S10	7452	12
9	S10	7471	2
9	S10	7479	8
9	S10	7487	13
9	S10	7504	9
9	S10	7513	42
9	S10	7528	1
9	S10	7536	8
9	S10	7554	5
9	S10	7568	8
9	S10	7583	8
9	S10	7593	15
9	S10	7595	78
9	S10	7612	4
9	S10	7641	28
9	S10	7662	34
9	S10	7676	19
9	S10	7688	21
9	S10	7715	1
9	S10	7719	23
9	S10	7734	3
9	S10	7751	18
9	S10	7759	11
9	S10	7796	1
9	S10	7803	1
9	S10	7824	32
9	S10	7835	10
9	S10	7839	1
9	S10	7850	5
9	S10	7859	2
9	S10	7867	2494
10	S11	1	1
10	S11	13	4
10	S11	28	2
10	S11	81	8
10	S11	94	6
10	S11	113	3
10	S11	141	23
10	S11	531	21
10	S11	571	12
10	S11	633	9
10	S11	659	3
10	S11	662	3
10	S11	672	6
10	S11	680	1
10	S11	701	12
10	S11	711	3
10	S11	767	3
10	S11	835	3
10	S11	880	3
10	S11	888	1
10	S11	903	3
10	S11	925	15
10	S11	1013	7
10	S11	1049	3
10	S11	1166	12
10	S11	1178	27
10	S11	1193	35
10	S11	1245	13
10	S11	1269	3
10	S11	1271	3
10	S11	1278	9
10	S11	1290	4
10	S11	1304	4
10	S11	1322	2
10	S11	1364	12
10	S11	1384	1
10	S11	1412	4
10	S11	1434	8
10	S11	2716	9
10	S11	2746	9
10	S11	2805	1
10	S11	3162	6
10	S11	3176	6
10	S11	3296	7
10	S11	3334	7
10	S11	3360	21
10	S11	3392	32
10	S11	3450	16
10	S11	3496	6
10	S11	3506	22
10	S11	3513	1
10	S11	3533	2
10	S11	3571	12
10	S11	3612	3
10	S11	3682	3
10	S11	3734	6
10	S11	3739	3
10	S11	3864	13
10	S11	3868	4
10	S11	3872	1
10	S11	3880	9
10	S11	3916	34
10	S11	3941	3
10	S11	3948	75
10	S11	3958	12
10	S11	3979	3
10	S11	3988	2
10	S11	4022	21
10	S11	4056	4
10	S11	4185	11
10	S11	4201	1
10	S11	4203	157
10	S11	4209	1
10	S11	4210	3
10	S11	4220	198
10	S11	4454	3
10	S11	4469	12
10	S11	4506	12
10	S11	4572	12
10	S11	4667	3
10	S11	4691	6
10	S11	4833	3
10	S11	4885	6
10	S11	4999	3
10	S11	5006	6
10	S11	5029	12
10	S11	5205	9
10	S11	5209	21
10	S11	5234	12
10	S11	5239	3
10	S11	5245	39
10	S11	5258	12
10	S11	5279	6
10	S11	5309	6
10	S11	5318	24
10	S11	5330	35
10	S11	5430	9
10	S11	5493	9
10	S11	5643	3
10	S11	5761	6
10	S11	5767	6
10	S11	6018	12
10	S11	6433	6
10	S11	6651	9
10	S11	6886	3
10	S11	7010	11
10	S11	7035	6
10	S11	7060	21
10	S11	7073	3
10	S11	7091	6
10	S11	7102	18
10	S11	7121	18
10	S11	7134	7
10	S11	7139	4
10	S11	7152	1
10	S11	7163	7
10	S11	7172	1
10	S11	7277	1
10	S11	7295	1
10	S11	7300	3
10	S11	7303	16
10	S11	7310	3
10	S11	7319	10
10	S11	7325	13
10	S11	7328	6
10	S11	7339	1
10	S11	7356	16
10	S11	7376	1
10	S11	7392	6
10	S11	7396	2
10	S11	7399	9
10	S11	7437	52
10	S11	7448	6
10	S11	7452	12
10	S11	7471	2
10	S11	7479	8
10	S11	7487	13
10	S11	7504	9
10	S11	7513	42
10	S11	7528	1
10	S11	7536	8
10	S11	7554	5
10	S11	7568	8
10	S11	7583	8
10	S11	7593	15
10	S11	7595	78
10	S11	7612	4
10	S11	7641	28
10	S11	7662	34
10	S11	7676	19
10	S11	7688	21
10	S11	7715	1
10	S11	7719	23
10	S11	7734	3
10	S11	7751	18
10	S11	7759	11
10	S11	7796	1
10	S11	7803	1
10	S11	7824	32
10	S11	7835	10
10	S11	7839	1
10	S11	7850	5
10	S11	7859	2
10	S11	7867	2494
