# Start coordinate are with the genome as reference (not MSA).
# Count starts from zero (first position = 1).
seqID	seqName	start	length
0	S1	1	22
0	S1	11	2
0	S1	59	14
0	S1	96	3
0	S1	124	23
0	S1	514	21
0	S1	525	6
0	S1	548	12
0	S1	610	9
0	S1	636	3
0	S1	639	3
0	S1	649	6
0	S1	657	1
0	S1	678	12
0	S1	688	3
0	S1	744	3
0	S1	812	3
0	S1	857	3
0	S1	881	3
0	S1	903	15
0	S1	991	7
0	S1	1027	3
0	S1	1144	12
0	S1	1156	27
0	S1	1171	35
0	S1	1223	13
0	S1	1247	3
0	S1	1249	3
0	S1	1254	12
0	S1	1265	4
0	S1	1279	4
0	S1	1291	8
0	S1	1333	9
0	S1	1356	1
0	S1	1376	13
0	S1	1397	8
0	S1	2679	9
0	S1	2709	9
0	S1	2768	1
0	S1	3125	6
0	S1	3139	6
0	S1	3259	7
0	S1	3297	7
0	S1	3323	21
0	S1	3355	32
0	S1	3380	3
0	S1	3410	16
0	S1	3458	3
0	S1	3484	7
0	S1	3491	1
0	S1	3510	8
0	S1	3529	3
0	S1	3532	9
0	S1	3584	3
0	S1	3654	3
0	S1	3706	6
0	S1	3711	6
0	S1	3850	4
0	S1	3854	1
0	S1	3862	9
0	S1	3863	1
0	S1	3902	6
0	S1	3913	6
0	S1	3944	3
0	S1	3954	72
0	S1	3964	12
0	S1	3985	3
0	S1	3994	2
0	S1	4028	21
0	S1	4062	4
0	S1	4191	11
0	S1	4207	1
0	S1	4209	28
0	S1	4214	90
0	S1	4225	14
0	S1	4240	1
0	S1	4241	3
0	S1	4251	198
0	S1	4485	3
0	S1	4500	12
0	S1	4537	12
0	S1	4603	12
0	S1	4698	3
0	S1	4722	6
0	S1	4864	3
0	S1	4916	6
0	S1	5030	3
0	S1	5037	6
0	S1	5060	12
0	S1	5236	9
0	S1	5240	21
0	S1	5265	12
0	S1	5270	3
0	S1	5276	39
0	S1	5289	12
0	S1	5310	6
0	S1	5340	6
0	S1	5349	24
0	S1	5361	35
0	S1	5364	3
0	S1	5458	9
0	S1	5521	9
0	S1	5671	3
0	S1	5789	6
0	S1	5797	3
0	S1	6049	12
0	S1	6464	6
0	S1	6682	9
0	S1	6917	3
0	S1	7041	11
0	S1	7064	9
0	S1	7089	18
0	S1	7125	6
0	S1	7135	21
0	S1	7143	32
0	S1	7149	36
0	S1	7156	7
0	S1	7185	85
0	S1	7186	1
0	S1	7204	1
0	S1	7209	3
0	S1	7217	10
0	S1	7225	3
0	S1	7234	10
0	S1	7240	13
0	S1	7243	6
0	S1	7254	1
0	S1	7273	13
0	S1	7294	1
0	S1	7310	6
0	S1	7314	2
0	S1	7353	12
0	S1	7373	2
0	S1	7382	8
0	S1	7405	6
0	S1	7409	12
0	S1	7428	2
0	S1	7436	8
0	S1	7440	10
0	S1	7463	10
0	S1	7472	42
0	S1	7487	1
0	S1	7521	5
0	S1	7535	8
0	S1	7550	8
0	S1	7560	15
0	S1	7562	78
0	S1	7609	2
0	S1	7610	28
0	S1	7622	1
0	S1	7629	35
0	S1	7643	19
0	S1	7655	21
0	S1	7687	23
0	S1	7702	4
0	S1	7718	18
0	S1	7726	11
0	S1	7746	10
0	S1	7783	32
0	S1	7794	10
0	S1	7798	1
0	S1	7809	5
0	S1	7818	2504
1	S2	14	4
1	S2	18	1
1	S2	28	2
1	S2	76	14
1	S2	113	3
1	S2	141	23
1	S2	531	21
1	S2	542	6
1	S2	565	12
1	S2	627	9
1	S2	653	3
1	S2	656	3
1	S2	666	6
1	S2	674	1
1	S2	695	12
1	S2	705	3
1	S2	761	3
1	S2	829	3
1	S2	874	3
1	S2	898	3
1	S2	920	15
1	S2	1008	7
1	S2	1044	3
1	S2	1161	12
1	S2	1173	27
1	S2	1188	35
1	S2	1240	13
1	S2	1264	3
1	S2	1266	3
1	S2	1271	12
1	S2	1282	4
1	S2	1296	4
1	S2	1308	8
1	S2	1350	9
1	S2	1373	1
1	S2	1393	13
1	S2	1414	8
1	S2	2696	9
1	S2	2726	9
1	S2	2785	1
1	S2	3142	6
1	S2	3156	6
1	S2	3276	7
1	S2	3314	7
1	S2	3340	21
1	S2	3372	32
1	S2	3397	3
1	S2	3427	16
1	S2	3475	3
1	S2	3501	7
1	S2	3508	1
1	S2	3527	8
1	S2	3546	3
1	S2	3549	9
1	S2	3601	3
1	S2	3671	3
1	S2	3723	6
1	S2	3728	6
1	S2	3867	4
1	S2	3871	1
1	S2	3879	9
1	S2	3880	1
1	S2	3919	6
1	S2	3930	6
1	S2	3961	3
1	S2	3971	72
1	S2	3981	12
1	S2	4002	3
1	S2	4011	2
1	S2	4045	21
1	S2	4079	4
1	S2	4208	11
1	S2	4224	1
1	S2	4226	28
1	S2	4231	90
1	S2	4242	14
1	S2	4257	1
1	S2	4258	3
1	S2	4268	198
1	S2	4502	3
1	S2	4517	12
1	S2	4554	12
1	S2	4620	12
1	S2	4715	3
1	S2	4739	6
1	S2	4881	3
1	S2	4933	6
1	S2	5047	3
1	S2	5054	6
1	S2	5077	12
1	S2	5253	9
1	S2	5257	21
1	S2	5282	12
1	S2	5287	3
1	S2	5293	39
1	S2	5306	12
1	S2	5327	6
1	S2	5357	6
1	S2	5366	24
1	S2	5378	35
1	S2	5381	3
1	S2	5475	9
1	S2	5538	9
1	S2	5688	3
1	S2	5806	6
1	S2	5814	3
1	S2	6066	12
1	S2	6481	6
1	S2	6699	9
1	S2	6934	3
1	S2	7058	11
1	S2	7081	9
1	S2	7106	18
1	S2	7142	6
1	S2	7152	21
1	S2	7160	32
1	S2	7166	36
1	S2	7173	7
1	S2	7202	85
1	S2	7203	1
1	S2	7221	1
1	S2	7226	3
1	S2	7234	10
1	S2	7242	3
1	S2	7251	10
1	S2	7257	13
1	S2	7260	6
1	S2	7271	1
1	S2	7290	13
1	S2	7311	1
1	S2	7327	6
1	S2	7331	2
1	S2	7370	12
1	S2	7390	2
1	S2	7399	8
1	S2	7422	6
1	S2	7426	12
1	S2	7445	2
1	S2	7453	8
1	S2	7457	10
1	S2	7480	10
1	S2	7489	42
1	S2	7504	1
1	S2	7538	5
1	S2	7552	8
1	S2	7567	8
1	S2	7577	15
1	S2	7579	78
1	S2	7626	2
1	S2	7627	28
1	S2	7639	1
1	S2	7646	35
1	S2	7660	19
1	S2	7672	21
1	S2	7704	23
1	S2	7719	4
1	S2	7735	18
1	S2	7743	11
1	S2	7763	10
1	S2	7800	32
1	S2	7811	10
1	S2	7815	1
1	S2	7826	5
1	S2	7844	2495
2	S3	14	4
2	S3	18	1
2	S3	28	2
2	S3	76	14
2	S3	113	3
2	S3	141	23
2	S3	531	21
2	S3	542	6
2	S3	565	12
2	S3	627	9
2	S3	653	3
2	S3	656	3
2	S3	666	6
2	S3	674	1
2	S3	695	12
2	S3	705	3
2	S3	761	3
2	S3	829	3
2	S3	874	3
2	S3	898	3
2	S3	920	15
2	S3	1008	7
2	S3	1044	3
2	S3	1161	12
2	S3	1173	27
2	S3	1188	35
2	S3	1240	13
2	S3	1264	3
2	S3	1266	3
2	S3	1271	12
2	S3	1282	4
2	S3	1296	4
2	S3	1308	8
2	S3	1350	9
2	S3	1373	1
2	S3	1393	13
2	S3	1414	8
2	S3	2696	9
2	S3	2726	9
2	S3	2785	1
2	S3	3142	6
2	S3	3156	6
2	S3	3276	7
2	S3	3314	7
2	S3	3340	21
2	S3	3372	32
2	S3	3397	3
2	S3	3427	16
2	S3	3475	3
2	S3	3501	7
2	S3	3508	1
2	S3	3527	8
2	S3	3546	3
2	S3	3549	9
2	S3	3601	3
2	S3	3671	3
2	S3	3723	6
2	S3	3728	6
2	S3	3867	4
2	S3	3871	1
2	S3	3879	9
2	S3	3880	1
2	S3	3919	6
2	S3	3930	6
2	S3	3961	3
2	S3	3971	72
2	S3	3981	12
2	S3	4002	3
2	S3	4011	2
2	S3	4045	21
2	S3	4079	4
2	S3	4208	11
2	S3	4224	1
2	S3	4226	28
2	S3	4231	90
2	S3	4242	14
2	S3	4257	1
2	S3	4258	3
2	S3	4268	198
2	S3	4502	3
2	S3	4517	12
2	S3	4554	12
2	S3	4620	12
2	S3	4715	3
2	S3	4739	6
2	S3	4881	3
2	S3	4933	6
2	S3	5047	3
2	S3	5054	6
2	S3	5077	12
2	S3	5253	9
2	S3	5257	21
2	S3	5282	12
2	S3	5287	3
2	S3	5293	39
2	S3	5306	12
2	S3	5327	6
2	S3	5357	6
2	S3	5366	24
2	S3	5378	35
2	S3	5381	3
2	S3	5475	9
2	S3	5538	9
2	S3	5688	3
2	S3	5806	6
2	S3	5814	3
2	S3	6066	12
2	S3	6481	6
2	S3	6699	9
2	S3	6934	3
2	S3	7058	11
2	S3	7081	9
2	S3	7106	18
2	S3	7142	6
2	S3	7152	21
2	S3	7160	32
2	S3	7166	36
2	S3	7173	7
2	S3	7202	85
2	S3	7203	1
2	S3	7221	1
2	S3	7226	3
2	S3	7234	10
2	S3	7242	3
2	S3	7251	10
2	S3	7257	13
2	S3	7260	6
2	S3	7271	1
2	S3	7290	13
2	S3	7311	1
2	S3	7327	6
2	S3	7331	2
2	S3	7370	12
2	S3	7390	2
2	S3	7399	8
2	S3	7422	6
2	S3	7426	12
2	S3	7445	2
2	S3	7453	8
2	S3	7457	10
2	S3	7480	10
2	S3	7489	42
2	S3	7504	1
2	S3	7538	5
2	S3	7552	8
2	S3	7567	8
2	S3	7577	15
2	S3	7579	78
2	S3	7626	2
2	S3	7627	28
2	S3	7639	1
2	S3	7646	35
2	S3	7660	19
2	S3	7672	21
2	S3	7704	23
2	S3	7719	4
2	S3	7735	18
2	S3	7743	11
2	S3	7763	10
2	S3	7800	32
2	S3	7811	10
2	S3	7815	1
2	S3	7826	5
2	S3	7844	2495
3	S4	14	4
3	S4	18	1
3	S4	28	2
3	S4	76	14
3	S4	113	3
3	S4	141	23
3	S4	531	21
3	S4	542	6
3	S4	565	12
3	S4	627	9
3	S4	653	3
3	S4	656	3
3	S4	666	6
3	S4	674	1
3	S4	695	12
3	S4	705	3
3	S4	761	3
3	S4	829	3
3	S4	874	3
3	S4	898	3
3	S4	920	15
3	S4	1008	7
3	S4	1044	3
3	S4	1161	12
3	S4	1173	27
3	S4	1188	35
3	S4	1240	13
3	S4	1264	3
3	S4	1266	3
3	S4	1271	12
3	S4	1282	4
3	S4	1296	4
3	S4	1308	8
3	S4	1350	9
3	S4	1373	1
3	S4	1393	13
3	S4	1414	8
3	S4	2696	9
3	S4	2726	9
3	S4	2785	1
3	S4	3142	6
3	S4	3156	6
3	S4	3276	7
3	S4	3314	7
3	S4	3340	21
3	S4	3372	32
3	S4	3397	3
3	S4	3427	16
3	S4	3475	3
3	S4	3501	7
3	S4	3508	1
3	S4	3527	8
3	S4	3546	3
3	S4	3549	9
3	S4	3601	3
3	S4	3671	3
3	S4	3723	6
3	S4	3728	6
3	S4	3867	4
3	S4	3871	1
3	S4	3879	9
3	S4	3880	1
3	S4	3919	6
3	S4	3930	6
3	S4	3961	3
3	S4	3971	72
3	S4	3981	12
3	S4	4002	3
3	S4	4011	2
3	S4	4045	21
3	S4	4079	4
3	S4	4208	11
3	S4	4224	1
3	S4	4226	28
3	S4	4231	90
3	S4	4242	14
3	S4	4257	1
3	S4	4258	3
3	S4	4268	198
3	S4	4502	3
3	S4	4517	12
3	S4	4554	12
3	S4	4620	12
3	S4	4715	3
3	S4	4739	6
3	S4	4881	3
3	S4	4933	6
3	S4	5047	3
3	S4	5054	6
3	S4	5077	12
3	S4	5253	9
3	S4	5257	21
3	S4	5282	12
3	S4	5287	3
3	S4	5293	39
3	S4	5306	12
3	S4	5327	6
3	S4	5357	6
3	S4	5366	24
3	S4	5378	35
3	S4	5381	3
3	S4	5475	9
3	S4	5538	9
3	S4	5688	3
3	S4	5806	6
3	S4	5814	3
3	S4	6066	12
3	S4	6481	6
3	S4	6699	9
3	S4	6934	3
3	S4	7058	11
3	S4	7081	9
3	S4	7106	18
3	S4	7142	6
3	S4	7152	21
3	S4	7160	32
3	S4	7166	36
3	S4	7173	7
3	S4	7202	85
3	S4	7203	1
3	S4	7221	1
3	S4	7226	3
3	S4	7234	10
3	S4	7242	3
3	S4	7251	10
3	S4	7257	13
3	S4	7260	6
3	S4	7271	1
3	S4	7290	13
3	S4	7311	1
3	S4	7327	6
3	S4	7331	2
3	S4	7370	12
3	S4	7390	2
3	S4	7399	8
3	S4	7422	6
3	S4	7426	12
3	S4	7445	2
3	S4	7453	8
3	S4	7457	10
3	S4	7480	10
3	S4	7489	42
3	S4	7504	1
3	S4	7538	5
3	S4	7552	8
3	S4	7567	8
3	S4	7577	15
3	S4	7579	78
3	S4	7626	2
3	S4	7627	28
3	S4	7639	1
3	S4	7646	35
3	S4	7660	19
3	S4	7672	21
3	S4	7704	23
3	S4	7719	4
3	S4	7735	18
3	S4	7743	11
3	S4	7763	10
3	S4	7800	32
3	S4	7811	10
3	S4	7815	1
3	S4	7826	5
3	S4	7844	2495
4	S5	14	4
4	S5	18	1
4	S5	28	2
4	S5	76	14
4	S5	113	3
4	S5	141	23
4	S5	531	21
4	S5	542	6
4	S5	565	12
4	S5	627	9
4	S5	653	3
4	S5	656	3
4	S5	666	6
4	S5	674	1
4	S5	695	12
4	S5	705	3
4	S5	761	3
4	S5	829	3
4	S5	874	3
4	S5	898	3
4	S5	920	15
4	S5	1008	7
4	S5	1044	3
4	S5	1161	12
4	S5	1173	27
4	S5	1188	35
4	S5	1240	13
4	S5	1264	3
4	S5	1266	3
4	S5	1271	12
4	S5	1282	4
4	S5	1296	4
4	S5	1308	8
4	S5	1350	9
4	S5	1373	1
4	S5	1393	13
4	S5	1414	8
4	S5	2696	9
4	S5	2726	9
4	S5	2785	1
4	S5	3142	6
4	S5	3156	6
4	S5	3276	7
4	S5	3314	7
4	S5	3340	21
4	S5	3373	23
4	S5	3406	3
4	S5	3436	16
4	S5	3484	3
4	S5	3510	7
4	S5	3517	1
4	S5	3536	8
4	S5	3555	3
4	S5	3558	9
4	S5	3610	3
4	S5	3680	3
4	S5	3732	6
4	S5	3737	6
4	S5	3876	4
4	S5	3880	1
4	S5	3888	9
4	S5	3889	1
4	S5	3928	6
4	S5	3939	6
4	S5	3970	3
4	S5	3980	72
4	S5	3990	12
4	S5	4011	3
4	S5	4020	2
4	S5	4054	21
4	S5	4088	4
4	S5	4217	11
4	S5	4233	1
4	S5	4235	28
4	S5	4240	90
4	S5	4251	14
4	S5	4266	1
4	S5	4267	3
4	S5	4277	198
4	S5	4511	3
4	S5	4526	12
4	S5	4563	12
4	S5	4629	12
4	S5	4724	3
4	S5	4748	6
4	S5	4890	3
4	S5	4942	6
4	S5	5056	3
4	S5	5063	6
4	S5	5086	12
4	S5	5262	9
4	S5	5266	21
4	S5	5291	12
4	S5	5296	3
4	S5	5302	39
4	S5	5315	12
4	S5	5336	6
4	S5	5366	6
4	S5	5375	24
4	S5	5387	35
4	S5	5390	3
4	S5	5484	9
4	S5	5547	9
4	S5	5697	3
4	S5	5815	6
4	S5	5823	3
4	S5	6075	12
4	S5	6490	6
4	S5	6708	9
4	S5	6943	3
4	S5	7067	11
4	S5	7090	9
4	S5	7115	18
4	S5	7151	6
4	S5	7161	21
4	S5	7169	32
4	S5	7175	36
4	S5	7182	7
4	S5	7211	85
4	S5	7212	1
4	S5	7230	1
4	S5	7235	3
4	S5	7243	10
4	S5	7251	3
4	S5	7260	10
4	S5	7266	13
4	S5	7269	6
4	S5	7280	1
4	S5	7299	13
4	S5	7320	1
4	S5	7336	6
4	S5	7340	2
4	S5	7379	12
4	S5	7399	2
4	S5	7408	8
4	S5	7431	6
4	S5	7435	12
4	S5	7454	2
4	S5	7462	8
4	S5	7466	10
4	S5	7489	10
4	S5	7498	42
4	S5	7513	1
4	S5	7547	5
4	S5	7561	8
4	S5	7576	8
4	S5	7586	15
4	S5	7588	78
4	S5	7635	2
4	S5	7636	28
4	S5	7648	1
4	S5	7655	35
4	S5	7669	19
4	S5	7681	21
4	S5	7713	23
4	S5	7728	4
4	S5	7744	18
4	S5	7752	11
4	S5	7772	10
4	S5	7809	32
4	S5	7820	10
4	S5	7824	1
4	S5	7835	5
4	S5	7853	2495
5	S6	14	4
5	S6	18	1
5	S6	28	2
5	S6	76	14
5	S6	113	3
5	S6	141	23
5	S6	531	21
5	S6	542	6
5	S6	565	12
5	S6	627	9
5	S6	653	3
5	S6	656	3
5	S6	666	6
5	S6	674	1
5	S6	695	12
5	S6	705	3
5	S6	761	3
5	S6	829	3
5	S6	874	3
5	S6	898	3
5	S6	920	15
5	S6	1008	7
5	S6	1044	3
5	S6	1161	12
5	S6	1173	27
5	S6	1188	35
5	S6	1240	13
5	S6	1264	3
5	S6	1266	3
5	S6	1271	12
5	S6	1282	4
5	S6	1296	4
5	S6	1308	8
5	S6	1350	9
5	S6	1373	1
5	S6	1393	13
5	S6	1414	8
5	S6	2696	9
5	S6	2726	9
5	S6	2785	1
5	S6	3142	6
5	S6	3156	6
5	S6	3276	7
5	S6	3314	7
5	S6	3340	21
5	S6	3373	23
5	S6	3406	3
5	S6	3436	16
5	S6	3484	3
5	S6	3510	7
5	S6	3517	1
5	S6	3536	8
5	S6	3555	3
5	S6	3558	9
5	S6	3610	3
5	S6	3680	3
5	S6	3732	6
5	S6	3737	6
5	S6	3876	4
5	S6	3880	1
5	S6	3888	9
5	S6	3889	1
5	S6	3928	6
5	S6	3939	6
5	S6	3970	3
5	S6	3980	72
5	S6	3990	12
5	S6	4011	3
5	S6	4020	2
5	S6	4054	21
5	S6	4088	4
5	S6	4217	11
5	S6	4233	1
5	S6	4235	28
5	S6	4240	90
5	S6	4251	14
5	S6	4266	1
5	S6	4267	3
5	S6	4277	198
5	S6	4511	3
5	S6	4526	12
5	S6	4563	12
5	S6	4629	12
5	S6	4724	3
5	S6	4748	6
5	S6	4890	3
5	S6	4942	6
5	S6	5056	3
5	S6	5063	6
5	S6	5086	12
5	S6	5262	9
5	S6	5266	21
5	S6	5291	12
5	S6	5296	3
5	S6	5302	39
5	S6	5315	12
5	S6	5336	6
5	S6	5366	6
5	S6	5375	24
5	S6	5387	35
5	S6	5390	3
5	S6	5484	9
5	S6	5547	9
5	S6	5697	3
5	S6	5815	6
5	S6	5823	3
5	S6	6075	12
5	S6	6490	6
5	S6	6708	9
5	S6	6943	3
5	S6	7067	11
5	S6	7090	9
5	S6	7115	18
5	S6	7151	6
5	S6	7161	21
5	S6	7169	32
5	S6	7175	36
5	S6	7182	7
5	S6	7211	85
5	S6	7212	1
5	S6	7230	1
5	S6	7235	3
5	S6	7243	10
5	S6	7251	3
5	S6	7260	10
5	S6	7266	13
5	S6	7269	6
5	S6	7280	1
5	S6	7299	13
5	S6	7320	1
5	S6	7336	6
5	S6	7340	2
5	S6	7379	12
5	S6	7399	2
5	S6	7408	8
5	S6	7431	6
5	S6	7435	12
5	S6	7454	2
5	S6	7462	8
5	S6	7466	10
5	S6	7489	10
5	S6	7498	42
5	S6	7513	1
5	S6	7547	5
5	S6	7561	8
5	S6	7576	8
5	S6	7586	15
5	S6	7588	78
5	S6	7635	2
5	S6	7636	28
5	S6	7648	1
5	S6	7655	35
5	S6	7669	19
5	S6	7681	21
5	S6	7713	23
5	S6	7728	4
5	S6	7744	18
5	S6	7752	11
5	S6	7772	10
5	S6	7809	32
5	S6	7820	10
5	S6	7824	1
5	S6	7835	5
5	S6	7853	2495
6	S7	14	4
6	S7	18	1
6	S7	28	2
6	S7	76	14
6	S7	113	3
6	S7	141	23
6	S7	531	21
6	S7	542	6
6	S7	565	12
6	S7	627	9
6	S7	653	3
6	S7	656	3
6	S7	666	6
6	S7	674	1
6	S7	695	12
6	S7	705	3
6	S7	761	3
6	S7	829	3
6	S7	874	3
6	S7	898	3
6	S7	920	15
6	S7	1008	7
6	S7	1044	3
6	S7	1161	12
6	S7	1173	27
6	S7	1188	35
6	S7	1240	13
6	S7	1264	3
6	S7	1266	3
6	S7	1271	12
6	S7	1282	4
6	S7	1296	4
6	S7	1308	8
6	S7	1350	9
6	S7	1373	1
6	S7	1393	13
6	S7	1414	8
6	S7	2696	9
6	S7	2726	9
6	S7	2785	1
6	S7	3142	6
6	S7	3156	6
6	S7	3276	7
6	S7	3314	7
6	S7	3340	21
6	S7	3373	23
6	S7	3406	3
6	S7	3436	16
6	S7	3484	3
6	S7	3510	7
6	S7	3517	1
6	S7	3536	8
6	S7	3555	3
6	S7	3558	9
6	S7	3610	3
6	S7	3680	3
6	S7	3732	6
6	S7	3737	6
6	S7	3876	4
6	S7	3880	1
6	S7	3888	9
6	S7	3889	1
6	S7	3928	6
6	S7	3939	6
6	S7	3970	3
6	S7	3980	72
6	S7	3990	12
6	S7	4011	3
6	S7	4020	2
6	S7	4054	21
6	S7	4088	4
6	S7	4217	11
6	S7	4233	1
6	S7	4235	28
6	S7	4240	90
6	S7	4251	14
6	S7	4266	1
6	S7	4267	3
6	S7	4277	198
6	S7	4511	3
6	S7	4526	12
6	S7	4563	12
6	S7	4629	12
6	S7	4724	3
6	S7	4748	6
6	S7	4890	3
6	S7	4942	6
6	S7	5056	3
6	S7	5063	6
6	S7	5086	12
6	S7	5262	9
6	S7	5266	21
6	S7	5291	12
6	S7	5296	3
6	S7	5302	39
6	S7	5315	12
6	S7	5336	6
6	S7	5366	6
6	S7	5375	24
6	S7	5387	35
6	S7	5390	3
6	S7	5484	9
6	S7	5547	9
6	S7	5697	3
6	S7	5815	6
6	S7	5823	3
6	S7	6075	12
6	S7	6490	6
6	S7	6708	9
6	S7	6943	3
6	S7	7067	11
6	S7	7090	9
6	S7	7115	18
6	S7	7151	6
6	S7	7161	21
6	S7	7169	32
6	S7	7175	36
6	S7	7182	7
6	S7	7211	85
6	S7	7212	1
6	S7	7230	1
6	S7	7235	3
6	S7	7243	10
6	S7	7251	3
6	S7	7260	10
6	S7	7266	13
6	S7	7269	6
6	S7	7280	1
6	S7	7299	13
6	S7	7320	1
6	S7	7336	6
6	S7	7340	2
6	S7	7379	12
6	S7	7399	2
6	S7	7408	8
6	S7	7431	6
6	S7	7435	12
6	S7	7454	2
6	S7	7462	8
6	S7	7466	10
6	S7	7489	10
6	S7	7498	42
6	S7	7513	1
6	S7	7547	5
6	S7	7561	8
6	S7	7576	8
6	S7	7586	15
6	S7	7588	78
6	S7	7635	2
6	S7	7636	28
6	S7	7648	1
6	S7	7655	35
6	S7	7669	19
6	S7	7681	21
6	S7	7713	23
6	S7	7728	4
6	S7	7744	18
6	S7	7752	11
6	S7	7772	10
6	S7	7809	32
6	S7	7820	10
6	S7	7824	1
6	S7	7835	5
6	S7	7853	2495
7	S8	14	4
7	S8	18	1
7	S8	28	2
7	S8	76	14
7	S8	113	3
7	S8	141	23
7	S8	531	21
7	S8	542	6
7	S8	565	12
7	S8	627	9
7	S8	653	3
7	S8	656	3
7	S8	666	6
7	S8	674	1
7	S8	695	12
7	S8	705	3
7	S8	761	3
7	S8	829	3
7	S8	874	3
7	S8	898	3
7	S8	920	15
7	S8	1008	7
7	S8	1044	3
7	S8	1161	12
7	S8	1173	27
7	S8	1188	35
7	S8	1240	13
7	S8	1264	3
7	S8	1266	3
7	S8	1271	12
7	S8	1282	4
7	S8	1296	4
7	S8	1308	8
7	S8	1350	9
7	S8	1373	1
7	S8	1393	13
7	S8	1414	8
7	S8	2696	9
7	S8	2726	9
7	S8	2785	1
7	S8	3142	6
7	S8	3156	6
7	S8	3276	7
7	S8	3314	7
7	S8	3340	21
7	S8	3373	23
7	S8	3406	3
7	S8	3436	16
7	S8	3484	3
7	S8	3510	7
7	S8	3517	1
7	S8	3536	8
7	S8	3555	3
7	S8	3558	9
7	S8	3610	3
7	S8	3680	3
7	S8	3732	6
7	S8	3737	6
7	S8	3876	4
7	S8	3880	1
7	S8	3888	9
7	S8	3889	1
7	S8	3928	6
7	S8	3939	6
7	S8	3970	3
7	S8	3980	72
7	S8	3990	12
7	S8	4011	3
7	S8	4020	2
7	S8	4054	21
7	S8	4088	4
7	S8	4217	11
7	S8	4233	1
7	S8	4235	28
7	S8	4240	90
7	S8	4251	14
7	S8	4266	1
7	S8	4267	3
7	S8	4277	198
7	S8	4511	3
7	S8	4526	12
7	S8	4563	12
7	S8	4629	12
7	S8	4724	3
7	S8	4748	6
7	S8	4890	3
7	S8	4942	6
7	S8	5056	3
7	S8	5063	6
7	S8	5086	12
7	S8	5262	9
7	S8	5266	21
7	S8	5291	12
7	S8	5296	3
7	S8	5302	39
7	S8	5315	12
7	S8	5336	6
7	S8	5366	6
7	S8	5375	24
7	S8	5387	35
7	S8	5390	3
7	S8	5484	9
7	S8	5547	9
7	S8	5697	3
7	S8	5815	6
7	S8	5823	3
7	S8	6075	12
7	S8	6490	6
7	S8	6708	9
7	S8	6943	3
7	S8	7067	11
7	S8	7090	9
7	S8	7115	18
7	S8	7151	6
7	S8	7161	21
7	S8	7169	32
7	S8	7175	36
7	S8	7182	7
7	S8	7211	85
7	S8	7212	1
7	S8	7230	1
7	S8	7235	3
7	S8	7243	10
7	S8	7251	3
7	S8	7260	10
7	S8	7266	13
7	S8	7269	6
7	S8	7280	1
7	S8	7299	13
7	S8	7320	1
7	S8	7336	6
7	S8	7340	2
7	S8	7379	12
7	S8	7399	2
7	S8	7408	8
7	S8	7431	6
7	S8	7435	12
7	S8	7454	2
7	S8	7462	8
7	S8	7466	10
7	S8	7489	10
7	S8	7498	42
7	S8	7513	1
7	S8	7547	5
7	S8	7561	8
7	S8	7576	8
7	S8	7586	15
7	S8	7588	78
7	S8	7635	2
7	S8	7636	28
7	S8	7648	1
7	S8	7655	35
7	S8	7669	19
7	S8	7681	21
7	S8	7713	23
7	S8	7728	4
7	S8	7744	18
7	S8	7752	11
7	S8	7772	10
7	S8	7809	32
7	S8	7820	10
7	S8	7824	1
7	S8	7835	5
7	S8	7853	2495
8	S9	14	4
8	S9	18	1
8	S9	28	2
8	S9	76	14
8	S9	113	3
8	S9	141	23
8	S9	531	21
8	S9	542	6
8	S9	565	12
8	S9	627	9
8	S9	653	3
8	S9	656	3
8	S9	666	6
8	S9	674	1
8	S9	695	12
8	S9	705	3
8	S9	761	3
8	S9	829	3
8	S9	874	3
8	S9	898	3
8	S9	920	15
8	S9	1008	7
8	S9	1044	3
8	S9	1161	12
8	S9	1173	27
8	S9	1188	35
8	S9	1240	13
8	S9	1264	3
8	S9	1266	3
8	S9	1271	12
8	S9	1282	4
8	S9	1296	4
8	S9	1308	8
8	S9	1350	9
8	S9	1373	1
8	S9	1393	13
8	S9	1414	8
8	S9	2696	9
8	S9	2726	9
8	S9	2785	1
8	S9	3142	6
8	S9	3156	6
8	S9	3276	7
8	S9	3314	7
8	S9	3340	21
8	S9	3373	23
8	S9	3406	3
8	S9	3436	16
8	S9	3484	3
8	S9	3510	7
8	S9	3517	1
8	S9	3536	8
8	S9	3555	3
8	S9	3558	9
8	S9	3610	3
8	S9	3680	3
8	S9	3732	6
8	S9	3737	6
8	S9	3876	4
8	S9	3880	1
8	S9	3888	9
8	S9	3889	1
8	S9	3928	6
8	S9	3939	6
8	S9	3970	3
8	S9	3980	72
8	S9	3990	12
8	S9	4011	3
8	S9	4020	2
8	S9	4054	21
8	S9	4088	4
8	S9	4217	11
8	S9	4233	1
8	S9	4235	28
8	S9	4240	90
8	S9	4251	14
8	S9	4266	1
8	S9	4267	3
8	S9	4277	198
8	S9	4511	3
8	S9	4526	12
8	S9	4563	12
8	S9	4629	12
8	S9	4724	3
8	S9	4748	6
8	S9	4890	3
8	S9	4942	6
8	S9	5056	3
8	S9	5063	6
8	S9	5086	12
8	S9	5262	9
8	S9	5266	21
8	S9	5291	12
8	S9	5296	3
8	S9	5302	39
8	S9	5315	12
8	S9	5336	6
8	S9	5366	6
8	S9	5375	24
8	S9	5387	35
8	S9	5390	3
8	S9	5484	9
8	S9	5547	9
8	S9	5697	3
8	S9	5815	6
8	S9	5823	3
8	S9	6075	12
8	S9	6490	6
8	S9	6708	9
8	S9	6943	3
8	S9	7067	11
8	S9	7090	9
8	S9	7115	18
8	S9	7151	6
8	S9	7161	21
8	S9	7169	32
8	S9	7175	36
8	S9	7182	7
8	S9	7211	85
8	S9	7212	1
8	S9	7230	1
8	S9	7235	3
8	S9	7243	10
8	S9	7251	3
8	S9	7260	10
8	S9	7266	13
8	S9	7269	6
8	S9	7280	1
8	S9	7299	13
8	S9	7320	1
8	S9	7336	6
8	S9	7340	2
8	S9	7379	12
8	S9	7399	2
8	S9	7408	8
8	S9	7431	6
8	S9	7435	12
8	S9	7454	2
8	S9	7462	8
8	S9	7466	10
8	S9	7489	10
8	S9	7498	42
8	S9	7513	1
8	S9	7547	5
8	S9	7561	8
8	S9	7576	8
8	S9	7586	15
8	S9	7588	78
8	S9	7635	2
8	S9	7636	28
8	S9	7648	1
8	S9	7655	35
8	S9	7669	19
8	S9	7681	21
8	S9	7713	23
8	S9	7728	4
8	S9	7744	18
8	S9	7752	11
8	S9	7772	10
8	S9	7809	32
8	S9	7820	10
8	S9	7824	1
8	S9	7835	5
8	S9	7853	2495
9	S10	14	4
9	S10	18	1
9	S10	28	2
9	S10	76	14
9	S10	113	3
9	S10	141	23
9	S10	531	21
9	S10	542	6
9	S10	565	12
9	S10	627	9
9	S10	653	3
9	S10	656	3
9	S10	666	6
9	S10	674	1
9	S10	695	12
9	S10	705	3
9	S10	761	3
9	S10	829	3
9	S10	874	3
9	S10	898	3
9	S10	920	15
9	S10	1008	7
9	S10	1044	3
9	S10	1161	12
9	S10	1173	27
9	S10	1188	35
9	S10	1240	13
9	S10	1264	3
9	S10	1266	3
9	S10	1271	12
9	S10	1282	4
9	S10	1296	4
9	S10	1308	8
9	S10	1350	9
9	S10	1373	1
9	S10	1393	13
9	S10	1414	8
9	S10	2696	9
9	S10	2726	9
9	S10	2785	1
9	S10	3142	6
9	S10	3156	6
9	S10	3276	7
9	S10	3314	7
9	S10	3340	21
9	S10	3372	32
9	S10	3397	3
9	S10	3427	16
9	S10	3475	3
9	S10	3501	7
9	S10	3508	1
9	S10	3528	2
9	S10	3552	3
9	S10	3555	9
9	S10	3607	3
9	S10	3677	3
9	S10	3729	6
9	S10	3734	6
9	S10	3873	4
9	S10	3877	1
9	S10	3885	9
9	S10	3886	1
9	S10	3925	6
9	S10	3936	6
9	S10	3967	3
9	S10	3977	72
9	S10	3987	12
9	S10	4008	3
9	S10	4017	2
9	S10	4051	21
9	S10	4085	4
9	S10	4214	11
9	S10	4230	1
9	S10	4232	28
9	S10	4237	90
9	S10	4248	14
9	S10	4263	1
9	S10	4264	3
9	S10	4274	198
9	S10	4508	3
9	S10	4523	12
9	S10	4560	12
9	S10	4626	12
9	S10	4721	3
9	S10	4745	6
9	S10	4887	3
9	S10	4939	6
9	S10	5053	3
9	S10	5060	6
9	S10	5083	12
9	S10	5259	9
9	S10	5263	21
9	S10	5288	12
9	S10	5293	3
9	S10	5299	39
9	S10	5312	12
9	S10	5333	6
9	S10	5363	6
9	S10	5372	24
9	S10	5384	35
9	S10	5387	3
9	S10	5481	9
9	S10	5544	9
9	S10	5694	3
9	S10	5812	6
9	S10	5820	3
9	S10	6072	12
9	S10	6487	6
9	S10	6705	9
9	S10	6940	3
9	S10	7064	11
9	S10	7087	9
9	S10	7112	18
9	S10	7148	6
9	S10	7158	21
9	S10	7166	32
9	S10	7173	10
9	S10	7176	4
9	S10	7179	1
9	S10	7200	7
9	S10	7229	85
9	S10	7230	1
9	S10	7248	1
9	S10	7253	3
9	S10	7261	10
9	S10	7269	3
9	S10	7278	10
9	S10	7284	13
9	S10	7287	6
9	S10	7298	1
9	S10	7317	13
9	S10	7338	1
9	S10	7354	6
9	S10	7358	2
9	S10	7398	1
9	S10	7428	2
9	S10	7437	8
9	S10	7460	6
9	S10	7464	12
9	S10	7483	2
9	S10	7491	8
9	S10	7495	10
9	S10	7518	10
9	S10	7527	42
9	S10	7542	1
9	S10	7576	5
9	S10	7590	8
9	S10	7605	8
9	S10	7615	15
9	S10	7617	78
9	S10	7664	2
9	S10	7665	28
9	S10	7677	1
9	S10	7684	35
9	S10	7698	19
9	S10	7710	21
9	S10	7742	23
9	S10	7757	4
9	S10	7773	18
9	S10	7781	11
9	S10	7801	10
9	S10	7838	32
9	S10	7849	10
9	S10	7853	1
9	S10	7864	5
9	S10	7882	2495
10	S11	14	4
10	S11	18	1
10	S11	28	2
10	S11	76	14
10	S11	113	3
10	S11	141	23
10	S11	531	21
10	S11	542	6
10	S11	565	12
10	S11	627	9
10	S11	653	3
10	S11	656	3
10	S11	666	6
10	S11	674	1
10	S11	695	12
10	S11	705	3
10	S11	761	3
10	S11	829	3
10	S11	874	3
10	S11	898	3
10	S11	920	15
10	S11	1008	7
10	S11	1044	3
10	S11	1161	12
10	S11	1173	27
10	S11	1188	35
10	S11	1240	13
10	S11	1264	3
10	S11	1266	3
10	S11	1271	12
10	S11	1282	4
10	S11	1296	4
10	S11	1308	8
10	S11	1350	9
10	S11	1373	1
10	S11	1393	13
10	S11	1414	8
10	S11	2696	9
10	S11	2726	9
10	S11	2785	1
10	S11	3142	6
10	S11	3156	6
10	S11	3276	7
10	S11	3314	7
10	S11	3340	21
10	S11	3372	32
10	S11	3397	3
10	S11	3427	16
10	S11	3475	3
10	S11	3501	7
10	S11	3508	1
10	S11	3528	2
10	S11	3552	3
10	S11	3555	9
10	S11	3607	3
10	S11	3677	3
10	S11	3729	6
10	S11	3734	6
10	S11	3873	4
10	S11	3877	1
10	S11	3885	9
10	S11	3886	1
10	S11	3925	6
10	S11	3936	6
10	S11	3967	3
10	S11	3977	72
10	S11	3987	12
10	S11	4008	3
10	S11	4017	2
10	S11	4051	21
10	S11	4085	4
10	S11	4214	11
10	S11	4230	1
10	S11	4232	28
10	S11	4237	90
10	S11	4248	14
10	S11	4263	1
10	S11	4264	3
10	S11	4274	198
10	S11	4508	3
10	S11	4523	12
10	S11	4560	12
10	S11	4626	12
10	S11	4721	3
10	S11	4745	6
10	S11	4887	3
10	S11	4939	6
10	S11	5053	3
10	S11	5060	6
10	S11	5083	12
10	S11	5259	9
10	S11	5263	21
10	S11	5288	12
10	S11	5293	3
10	S11	5299	39
10	S11	5312	12
10	S11	5333	6
10	S11	5363	6
10	S11	5372	24
10	S11	5384	35
10	S11	5387	3
10	S11	5481	9
10	S11	5544	9
10	S11	5694	3
10	S11	5812	6
10	S11	5820	3
10	S11	6072	12
10	S11	6487	6
10	S11	6705	9
10	S11	6940	3
10	S11	7064	11
10	S11	7087	9
10	S11	7112	18
10	S11	7148	6
10	S11	7158	21
10	S11	7166	32
10	S11	7173	10
10	S11	7176	4
10	S11	7179	1
10	S11	7200	7
10	S11	7229	85
10	S11	7230	1
10	S11	7248	1
10	S11	7253	3
10	S11	7261	10
10	S11	7269	3
10	S11	7278	10
10	S11	7284	13
10	S11	7287	6
10	S11	7298	1
10	S11	7317	13
10	S11	7338	1
10	S11	7354	6
10	S11	7358	2
10	S11	7398	1
10	S11	7428	2
10	S11	7437	8
10	S11	7460	6
10	S11	7464	12
10	S11	7483	2
10	S11	7491	8
10	S11	7495	10
10	S11	7518	10
10	S11	7527	42
10	S11	7542	1
10	S11	7576	5
10	S11	7590	8
10	S11	7605	8
10	S11	7615	15
10	S11	7617	78
10	S11	7664	2
10	S11	7665	28
10	S11	7677	1
10	S11	7684	35
10	S11	7698	19
10	S11	7710	21
10	S11	7742	23
10	S11	7757	4
10	S11	7773	18
10	S11	7781	11
10	S11	7801	10
10	S11	7838	32
10	S11	7849	10
10	S11	7853	1
10	S11	7864	5
10	S11	7882	2495
11	S12	14	4
11	S12	18	1
11	S12	28	2
11	S12	76	14
11	S12	113	3
11	S12	141	23
11	S12	531	21
11	S12	542	6
11	S12	565	12
11	S12	627	9
11	S12	653	3
11	S12	656	3
11	S12	666	6
11	S12	674	1
11	S12	695	12
11	S12	705	3
11	S12	761	3
11	S12	829	3
11	S12	874	3
11	S12	898	3
11	S12	920	15
11	S12	1008	7
11	S12	1044	3
11	S12	1161	12
11	S12	1173	27
11	S12	1188	35
11	S12	1240	13
11	S12	1264	3
11	S12	1266	3
11	S12	1271	12
11	S12	1282	4
11	S12	1296	4
11	S12	1308	8
11	S12	1350	9
11	S12	1373	1
11	S12	1393	13
11	S12	1414	8
11	S12	2696	9
11	S12	2726	9
11	S12	2785	1
11	S12	3142	6
11	S12	3156	6
11	S12	3276	7
11	S12	3314	7
11	S12	3340	21
11	S12	3372	32
11	S12	3397	3
11	S12	3427	16
11	S12	3475	3
11	S12	3501	7
11	S12	3508	1
11	S12	3528	2
11	S12	3552	3
11	S12	3555	9
11	S12	3607	3
11	S12	3677	3
11	S12	3729	6
11	S12	3734	6
11	S12	3873	4
11	S12	3877	1
11	S12	3885	9
11	S12	3886	1
11	S12	3925	6
11	S12	3936	6
11	S12	3967	3
11	S12	3977	72
11	S12	3987	12
11	S12	4008	3
11	S12	4017	2
11	S12	4051	21
11	S12	4085	4
11	S12	4214	11
11	S12	4230	1
11	S12	4232	28
11	S12	4237	90
11	S12	4248	14
11	S12	4263	1
11	S12	4264	3
11	S12	4274	198
11	S12	4508	3
11	S12	4523	12
11	S12	4560	12
11	S12	4626	12
11	S12	4721	3
11	S12	4745	6
11	S12	4887	3
11	S12	4939	6
11	S12	5053	3
11	S12	5060	6
11	S12	5083	12
11	S12	5259	9
11	S12	5263	21
11	S12	5288	12
11	S12	5293	3
11	S12	5299	39
11	S12	5312	12
11	S12	5333	6
11	S12	5363	6
11	S12	5372	24
11	S12	5384	35
11	S12	5387	3
11	S12	5481	9
11	S12	5544	9
11	S12	5694	3
11	S12	5812	6
11	S12	5820	3
11	S12	6072	12
11	S12	6487	6
11	S12	6705	9
11	S12	6940	3
11	S12	7064	11
11	S12	7087	9
11	S12	7112	18
11	S12	7148	6
11	S12	7158	21
11	S12	7166	32
11	S12	7173	10
11	S12	7176	4
11	S12	7179	1
11	S12	7200	7
11	S12	7229	85
11	S12	7230	1
11	S12	7248	1
11	S12	7253	3
11	S12	7261	10
11	S12	7269	3
11	S12	7278	10
11	S12	7284	13
11	S12	7287	6
11	S12	7298	1
11	S12	7317	13
11	S12	7338	1
11	S12	7354	6
11	S12	7358	2
11	S12	7398	1
11	S12	7428	2
11	S12	7437	8
11	S12	7460	6
11	S12	7464	12
11	S12	7483	2
11	S12	7491	8
11	S12	7495	10
11	S12	7518	10
11	S12	7527	42
11	S12	7542	1
11	S12	7576	5
11	S12	7590	8
11	S12	7605	8
11	S12	7615	15
11	S12	7617	78
11	S12	7664	2
11	S12	7665	28
11	S12	7677	1
11	S12	7684	35
11	S12	7698	19
11	S12	7710	21
11	S12	7742	23
11	S12	7757	4
11	S12	7773	18
11	S12	7781	11
11	S12	7801	10
11	S12	7838	32
11	S12	7849	10
11	S12	7853	1
11	S12	7864	5
11	S12	7882	2495
12	S13	14	4
12	S13	18	1
12	S13	28	2
12	S13	76	14
12	S13	113	3
12	S13	141	23
12	S13	531	21
12	S13	542	6
12	S13	565	12
12	S13	627	9
12	S13	653	3
12	S13	656	3
12	S13	666	6
12	S13	674	1
12	S13	695	12
12	S13	705	3
12	S13	761	3
12	S13	829	3
12	S13	874	3
12	S13	898	3
12	S13	920	15
12	S13	1008	7
12	S13	1044	3
12	S13	1161	12
12	S13	1173	27
12	S13	1188	35
12	S13	1240	13
12	S13	1264	3
12	S13	1266	3
12	S13	1271	12
12	S13	1282	4
12	S13	1296	4
12	S13	1308	8
12	S13	1350	9
12	S13	1373	1
12	S13	1393	13
12	S13	1414	8
12	S13	2696	9
12	S13	2726	9
12	S13	2785	1
12	S13	3142	6
12	S13	3156	6
12	S13	3276	7
12	S13	3314	7
12	S13	3340	21
12	S13	3372	32
12	S13	3397	3
12	S13	3427	16
12	S13	3475	3
12	S13	3501	7
12	S13	3508	1
12	S13	3528	2
12	S13	3552	3
12	S13	3555	9
12	S13	3607	3
12	S13	3677	3
12	S13	3729	6
12	S13	3734	6
12	S13	3873	4
12	S13	3877	1
12	S13	3885	9
12	S13	3886	1
12	S13	3925	6
12	S13	3936	6
12	S13	3967	3
12	S13	3977	72
12	S13	3987	12
12	S13	4008	3
12	S13	4017	2
12	S13	4051	21
12	S13	4085	4
12	S13	4214	11
12	S13	4230	1
12	S13	4232	28
12	S13	4237	90
12	S13	4248	14
12	S13	4263	1
12	S13	4264	3
12	S13	4274	198
12	S13	4508	3
12	S13	4523	12
12	S13	4560	12
12	S13	4626	12
12	S13	4721	3
12	S13	4745	6
12	S13	4887	3
12	S13	4939	6
12	S13	5053	3
12	S13	5060	6
12	S13	5083	12
12	S13	5259	9
12	S13	5263	21
12	S13	5288	12
12	S13	5293	3
12	S13	5299	39
12	S13	5312	12
12	S13	5333	6
12	S13	5363	6
12	S13	5372	24
12	S13	5384	35
12	S13	5387	3
12	S13	5481	9
12	S13	5544	9
12	S13	5694	3
12	S13	5812	6
12	S13	5820	3
12	S13	6072	12
12	S13	6487	6
12	S13	6705	9
12	S13	6940	3
12	S13	7064	11
12	S13	7087	9
12	S13	7112	18
12	S13	7148	6
12	S13	7158	21
12	S13	7166	32
12	S13	7173	10
12	S13	7176	4
12	S13	7179	1
12	S13	7200	7
12	S13	7229	85
12	S13	7230	1
12	S13	7248	1
12	S13	7253	3
12	S13	7261	10
12	S13	7269	3
12	S13	7278	10
12	S13	7284	13
12	S13	7287	6
12	S13	7298	1
12	S13	7317	13
12	S13	7338	1
12	S13	7354	6
12	S13	7358	2
12	S13	7398	1
12	S13	7428	2
12	S13	7437	8
12	S13	7460	6
12	S13	7464	12
12	S13	7483	2
12	S13	7491	8
12	S13	7495	10
12	S13	7518	10
12	S13	7527	42
12	S13	7542	1
12	S13	7576	5
12	S13	7590	8
12	S13	7605	8
12	S13	7615	15
12	S13	7617	78
12	S13	7664	2
12	S13	7665	28
12	S13	7677	1
12	S13	7684	35
12	S13	7698	19
12	S13	7710	21
12	S13	7742	23
12	S13	7757	4
12	S13	7773	18
12	S13	7781	11
12	S13	7801	10
12	S13	7838	32
12	S13	7849	10
12	S13	7853	1
12	S13	7864	5
12	S13	7882	2495
13	S14	14	4
13	S14	18	1
13	S14	28	2
13	S14	76	14
13	S14	113	3
13	S14	141	23
13	S14	531	21
13	S14	542	6
13	S14	565	12
13	S14	627	9
13	S14	653	3
13	S14	656	3
13	S14	666	6
13	S14	674	1
13	S14	695	12
13	S14	705	3
13	S14	761	3
13	S14	829	3
13	S14	874	3
13	S14	898	3
13	S14	920	15
13	S14	1008	7
13	S14	1044	3
13	S14	1161	12
13	S14	1173	27
13	S14	1188	35
13	S14	1240	13
13	S14	1264	3
13	S14	1266	3
13	S14	1271	12
13	S14	1282	4
13	S14	1296	4
13	S14	1308	8
13	S14	1350	9
13	S14	1373	1
13	S14	1393	13
13	S14	1414	8
13	S14	2696	9
13	S14	2726	9
13	S14	2785	1
13	S14	3142	6
13	S14	3156	6
13	S14	3276	7
13	S14	3314	7
13	S14	3340	21
13	S14	3372	32
13	S14	3397	3
13	S14	3427	16
13	S14	3475	3
13	S14	3501	7
13	S14	3508	1
13	S14	3528	2
13	S14	3552	3
13	S14	3555	9
13	S14	3607	3
13	S14	3677	3
13	S14	3729	6
13	S14	3734	6
13	S14	3873	4
13	S14	3877	1
13	S14	3885	9
13	S14	3886	1
13	S14	3925	6
13	S14	3936	6
13	S14	3967	3
13	S14	3977	72
13	S14	3987	12
13	S14	4008	3
13	S14	4017	2
13	S14	4051	21
13	S14	4085	4
13	S14	4214	11
13	S14	4230	1
13	S14	4232	28
13	S14	4237	90
13	S14	4248	14
13	S14	4263	1
13	S14	4264	3
13	S14	4274	198
13	S14	4508	3
13	S14	4523	12
13	S14	4560	12
13	S14	4626	12
13	S14	4721	3
13	S14	4745	6
13	S14	4887	3
13	S14	4939	6
13	S14	5053	3
13	S14	5060	6
13	S14	5083	12
13	S14	5259	9
13	S14	5263	21
13	S14	5288	12
13	S14	5293	3
13	S14	5299	39
13	S14	5312	12
13	S14	5333	6
13	S14	5363	6
13	S14	5372	24
13	S14	5384	35
13	S14	5387	3
13	S14	5481	9
13	S14	5544	9
13	S14	5694	3
13	S14	5812	6
13	S14	5820	3
13	S14	6072	12
13	S14	6487	6
13	S14	6705	9
13	S14	6940	3
13	S14	7064	11
13	S14	7087	9
13	S14	7112	18
13	S14	7148	6
13	S14	7158	21
13	S14	7166	32
13	S14	7173	10
13	S14	7176	4
13	S14	7179	1
13	S14	7200	7
13	S14	7229	85
13	S14	7230	1
13	S14	7248	1
13	S14	7253	3
13	S14	7261	10
13	S14	7269	3
13	S14	7278	10
13	S14	7284	13
13	S14	7287	6
13	S14	7298	1
13	S14	7317	13
13	S14	7338	1
13	S14	7354	6
13	S14	7358	2
13	S14	7398	1
13	S14	7428	2
13	S14	7437	8
13	S14	7460	6
13	S14	7464	12
13	S14	7483	2
13	S14	7491	8
13	S14	7495	10
13	S14	7518	10
13	S14	7527	42
13	S14	7542	1
13	S14	7576	5
13	S14	7590	8
13	S14	7605	8
13	S14	7615	15
13	S14	7617	78
13	S14	7664	2
13	S14	7665	28
13	S14	7677	1
13	S14	7684	35
13	S14	7698	19
13	S14	7710	21
13	S14	7742	23
13	S14	7757	4
13	S14	7773	18
13	S14	7781	11
13	S14	7801	10
13	S14	7838	32
13	S14	7849	10
13	S14	7853	1
13	S14	7864	5
13	S14	7882	2495
14	S15	14	4
14	S15	18	1
14	S15	28	2
14	S15	76	14
14	S15	113	3
14	S15	141	23
14	S15	531	21
14	S15	542	6
14	S15	565	12
14	S15	627	9
14	S15	653	3
14	S15	656	3
14	S15	666	6
14	S15	674	1
14	S15	695	12
14	S15	705	3
14	S15	761	3
14	S15	829	3
14	S15	874	3
14	S15	898	3
14	S15	920	15
14	S15	1008	7
14	S15	1044	3
14	S15	1161	12
14	S15	1173	27
14	S15	1188	35
14	S15	1240	13
14	S15	1264	3
14	S15	1266	3
14	S15	1271	12
14	S15	1282	4
14	S15	1296	4
14	S15	1308	8
14	S15	1350	9
14	S15	1373	1
14	S15	1393	13
14	S15	1414	8
14	S15	2696	9
14	S15	2726	9
14	S15	2785	1
14	S15	3142	6
14	S15	3156	6
14	S15	3276	7
14	S15	3314	7
14	S15	3340	21
14	S15	3372	32
14	S15	3397	3
14	S15	3427	16
14	S15	3475	3
14	S15	3501	7
14	S15	3508	1
14	S15	3528	2
14	S15	3552	3
14	S15	3555	9
14	S15	3607	3
14	S15	3677	3
14	S15	3729	6
14	S15	3734	6
14	S15	3873	4
14	S15	3877	1
14	S15	3885	9
14	S15	3886	1
14	S15	3925	6
14	S15	3936	6
14	S15	3967	3
14	S15	3977	72
14	S15	3987	12
14	S15	4008	3
14	S15	4017	2
14	S15	4051	21
14	S15	4085	4
14	S15	4214	11
14	S15	4230	1
14	S15	4232	28
14	S15	4237	90
14	S15	4248	14
14	S15	4263	1
14	S15	4264	3
14	S15	4274	198
14	S15	4508	3
14	S15	4523	12
14	S15	4560	12
14	S15	4626	12
14	S15	4721	3
14	S15	4745	6
14	S15	4887	3
14	S15	4939	6
14	S15	5053	3
14	S15	5060	6
14	S15	5083	12
14	S15	5259	9
14	S15	5263	21
14	S15	5288	12
14	S15	5293	3
14	S15	5299	39
14	S15	5312	12
14	S15	5333	6
14	S15	5363	6
14	S15	5372	24
14	S15	5384	35
14	S15	5387	3
14	S15	5481	9
14	S15	5544	9
14	S15	5694	3
14	S15	5812	6
14	S15	5820	3
14	S15	6072	12
14	S15	6487	6
14	S15	6705	9
14	S15	6940	3
14	S15	7064	11
14	S15	7087	9
14	S15	7112	18
14	S15	7148	6
14	S15	7158	21
14	S15	7166	32
14	S15	7173	10
14	S15	7176	4
14	S15	7179	1
14	S15	7200	7
14	S15	7229	85
14	S15	7230	1
14	S15	7248	1
14	S15	7253	3
14	S15	7261	10
14	S15	7269	3
14	S15	7278	10
14	S15	7284	13
14	S15	7287	6
14	S15	7298	1
14	S15	7317	13
14	S15	7338	1
14	S15	7354	6
14	S15	7358	2
14	S15	7398	1
14	S15	7428	2
14	S15	7437	8
14	S15	7460	6
14	S15	7464	12
14	S15	7483	2
14	S15	7491	8
14	S15	7495	10
14	S15	7518	10
14	S15	7527	42
14	S15	7542	1
14	S15	7576	5
14	S15	7590	8
14	S15	7605	8
14	S15	7615	15
14	S15	7617	78
14	S15	7664	2
14	S15	7665	28
14	S15	7677	1
14	S15	7684	35
14	S15	7698	19
14	S15	7710	21
14	S15	7742	23
14	S15	7757	4
14	S15	7773	18
14	S15	7781	11
14	S15	7801	10
14	S15	7838	32
14	S15	7849	10
14	S15	7853	1
14	S15	7864	5
14	S15	7882	2495
