POS	Node	State	Prob
1	S20	1	1
1	S21	1	1
1	N4	1	1
1	S22	1	1
1	N3	1	1
1	S23	1	1
1	N2	1	1
1	S12	1	1
1	S14	1	1
1	N10	1	1
1	S13	1	1
1	N9	1	1
1	S18	1	0.9991
1	S19	1	0.9981
1	N11	1	0.9996
1	N8	1	1
1	S15	1	1
1	N7	1	1
1	S16	1	1
1	S17	1	1
1	N12	1	1
1	N6	1	1
1	S9	1	1
1	S11	1	1
1	N17	1	1
1	S10	1	1
1	N16	1	1
1	S8	1	1
1	N15	1	1
1	S7	1	1
1	N14	1	1
1	S5	1	1
1	S6	1	1
1	N19	1	1
1	S3	1	1
1	S2	1	1
1	S1	1	1
1	S4	1	1
1	N22	1	1
1	N21	1	1
1	N20	1	1
1	N18	1	1
1	N13	1	1
1	N5	1	1
1	N1	1	0.997
2	S20	1	0
2	S21	1	0
2	N4	1	6.404e-08
2	S22	1	0
2	N3	1	2.428e-07
2	S23	1	0
2	N2	1	2.923e-05
2	S12	1	0
2	S14	1	0
2	N10	1	2.148e-10
2	S13	1	8.699e-06
2	N9	1	1.254e-07
2	S18	1	0.2043
2	S19	1	1
2	N11	1	0.1973
2	N8	1	4.905e-05
2	S15	1	0
2	N7	1	3.674e-07
2	S16	1	0
2	S17	1	0
2	N12	1	3.161e-08
2	N6	1	7.21e-08
2	S9	1	0
2	S11	1	0
2	N17	1	3.845e-08
2	S10	1	0
2	N16	1	1.689e-09
2	S8	1	0
2	N15	1	7.264e-09
2	S7	1	0
2	N14	1	4.889e-07
2	S5	1	0
2	S6	1	0
2	N19	1	2.564e-07
2	S3	1	0
2	S2	1	0
2	S1	1	0
2	S4	1	0
2	N22	1	7.681e-09
2	N21	1	1.435e-09
2	N20	1	2.291e-08
2	N18	1	7.39e-07
2	N13	1	5.763e-07
2	N5	1	1.654e-05
2	N1	1	0.01802
3	S20	1	0
3	S21	1	0
3	N4	1	6.38e-08
3	S22	1	0
3	N3	1	2.419e-07
3	S23	1	0
3	N2	1	2.912e-05
3	S12	1	0
3	S14	1	0
3	N10	1	1.1e-06
3	S13	1	1
3	N9	1	0.0006433
3	S18	1	0.009134
3	S19	1	0
3	N11	1	4.979e-05
3	N8	1	4.043e-06
3	S15	1	0
3	N7	1	4.178e-08
3	S16	1	0
3	S17	1	0
3	N12	1	3.148e-08
3	N6	1	7.118e-08
3	S9	1	0
3	S11	1	0
3	N17	1	3.831e-08
3	S10	1	0
3	N16	1	1.683e-09
3	S8	1	0
3	N15	1	7.237e-09
3	S7	1	0
3	N14	1	4.871e-07
3	S5	1	0
3	S6	1	0
3	N19	1	2.555e-07
3	S3	1	0
3	S2	1	0
3	S1	1	0
3	S4	1	0
3	N22	1	7.652e-09
3	N21	1	1.43e-09
3	N20	1	2.283e-08
3	N18	1	7.363e-07
3	N13	1	5.742e-07
3	N5	1	1.648e-05
3	N1	1	0.01796
4	S20	1	0
4	S21	1	0
4	N4	1	6.377e-08
4	S22	1	0
4	N3	1	2.418e-07
4	S23	1	0
4	N2	1	2.91e-05
4	S12	1	0
4	S14	1	0
4	N10	1	2.848e-14
4	S13	1	0
4	N9	1	1.91e-14
4	S18	1	1
4	S19	1	0
4	N11	1	0.004101
4	N8	1	1.256e-06
4	S15	1	0
4	N7	1	2.121e-08
4	S16	1	0
4	S17	1	0
4	N12	1	3.147e-08
4	N6	1	7.11e-08
4	S9	1	0
4	S11	1	0
4	N17	1	3.829e-08
4	S10	1	0
4	N16	1	1.682e-09
4	S8	1	0
4	N15	1	7.233e-09
4	S7	1	0
4	N14	1	4.868e-07
4	S5	1	0
4	S6	1	0
4	N19	1	2.553e-07
4	S3	1	0
4	S2	1	0
4	S1	1	0
4	S4	1	0
4	N22	1	7.648e-09
4	N21	1	1.429e-09
4	N20	1	2.281e-08
4	N18	1	7.359e-07
4	N13	1	5.739e-07
4	N5	1	1.647e-05
4	N1	1	0.01795
5	S20	1	1
5	S21	1	1
5	N4	1	1
5	S22	1	1
5	N3	1	1
5	S23	1	1
5	N2	1	1
5	S12	1	1
5	S14	1	1
5	N10	1	1
5	S13	1	1
5	N9	1	1
5	S18	1	0.9995
5	S19	1	1
5	N11	1	1
5	N8	1	1
5	S15	1	1
5	N7	1	1
5	S16	1	1
5	S17	1	1
5	N12	1	1
5	N6	1	1
5	S9	1	1
5	S11	1	1
5	N17	1	1
5	S10	1	1
5	N16	1	1
5	S8	1	1
5	N15	1	1
5	S7	1	1
5	N14	1	1
5	S5	1	1
5	S6	1	1
5	N19	1	1
5	S3	1	1
5	S2	1	1
5	S1	1	1
5	S4	1	1
5	N22	1	1
5	N21	1	1
5	N20	1	1
5	N18	1	1
5	N13	1	1
5	N5	1	1
5	N1	1	0.997
6	S20	1	1
6	S21	1	1
6	N4	1	1
6	S22	1	1
6	N3	1	1
6	S23	1	1
6	N2	1	1
6	S12	1	1
6	S14	1	1
6	N10	1	1
6	S13	1	1
6	N9	1	1
6	S18	1	1
6	S19	1	1
6	N11	1	1
6	N8	1	1
6	S15	1	1
6	N7	1	1
6	S16	1	1
6	S17	1	1
6	N12	1	1
6	N6	1	1
6	S9	1	1
6	S11	1	1
6	N17	1	1
6	S10	1	1
6	N16	1	1
6	S8	1	1
6	N15	1	1
6	S7	1	1
6	N14	1	1
6	S5	1	1
6	S6	1	1
6	N19	1	1
6	S3	1	1
6	S2	1	1
6	S1	1	1
6	S4	1	1
6	N22	1	1
6	N21	1	1
6	N20	1	1
6	N18	1	1
6	N13	1	1
6	N5	1	1
6	N1	1	0.997
7	S20	1	1
7	S21	1	1
7	N4	1	1
7	S22	1	1
7	N3	1	1
7	S23	1	1
7	N2	1	1
7	S12	1	1
7	S14	1	1
7	N10	1	1
7	S13	1	1
7	N9	1	1
7	S18	1	1
7	S19	1	1
7	N11	1	1
7	N8	1	1
7	S15	1	1
7	N7	1	1
7	S16	1	1
7	S17	1	1
7	N12	1	1
7	N6	1	1
7	S9	1	1
7	S11	1	1
7	N17	1	1
7	S10	1	1
7	N16	1	1
7	S8	1	1
7	N15	1	1
7	S7	1	1
7	N14	1	1
7	S5	1	1
7	S6	1	1
7	N19	1	1
7	S3	1	1
7	S2	1	1
7	S1	1	1
7	S4	1	1
7	N22	1	1
7	N21	1	1
7	N20	1	1
7	N18	1	1
7	N13	1	1
7	N5	1	1
7	N1	1	0.997
8	S20	1	1
8	S21	1	1
8	N4	1	1
8	S22	1	1
8	N3	1	1
8	S23	1	1
8	N2	1	0.9984
8	S12	1	0
8	S14	1	0
8	N10	1	3.874e-14
8	S13	1	0
8	N9	1	1.404e-12
8	S18	1	1
8	S19	1	1
8	N11	1	0.956
8	N8	1	0.0002939
8	S15	1	0
8	N7	1	2.188e-06
8	S16	1	0
8	S17	1	0
8	N12	1	4.133e-08
8	N6	1	1.706e-07
8	S9	1	0
8	S11	1	0
8	N17	1	4.883e-08
8	S10	1	0
8	N16	1	2.145e-09
8	S8	1	0
8	N15	1	9.227e-09
8	S7	1	0
8	N14	1	6.42e-07
8	S5	1	0
8	S6	1	0
8	N19	1	3.257e-07
8	S3	1	0
8	S2	1	0
8	S1	1	0
8	S4	1	0
8	N22	1	9.755e-09
8	N21	1	1.823e-09
8	N20	1	2.91e-08
8	N18	1	9.451e-07
8	N13	1	3.167e-06
8	N5	1	0.0002914
8	N1	1	0.5272
9	S20	1	1
9	S21	1	1
9	N4	1	1
9	S22	1	1
9	N3	1	1
9	S23	1	1
9	N2	1	1
9	S12	1	1
9	S14	1	1
9	N10	1	1
9	S13	1	1
9	N9	1	1
9	S18	1	1
9	S19	1	1
9	N11	1	1
9	N8	1	1
9	S15	1	1
9	N7	1	1
9	S16	1	1
9	S17	1	1
9	N12	1	1
9	N6	1	1
9	S9	1	1
9	S11	1	1
9	N17	1	1
9	S10	1	1
9	N16	1	1
9	S8	1	1
9	N15	1	1
9	S7	1	1
9	N14	1	1
9	S5	1	1
9	S6	1	1
9	N19	1	1
9	S3	1	1
9	S2	1	1
9	S1	1	1
9	S4	1	1
9	N22	1	1
9	N21	1	1
9	N20	1	1
9	N18	1	1
9	N13	1	1
9	N5	1	1
9	N1	1	0.997
10	S20	1	1
10	S21	1	1
10	N4	1	1
10	S22	1	1
10	N3	1	1
10	S23	1	1
10	N2	1	1
10	S12	1	1
10	S14	1	1
10	N10	1	1
10	S13	1	1
10	N9	1	1
10	S18	1	1
10	S19	1	1
10	N11	1	1
10	N8	1	1
10	S15	1	1
10	N7	1	1
10	S16	1	1
10	S17	1	1
10	N12	1	1
10	N6	1	1
10	S9	1	1
10	S11	1	1
10	N17	1	1
10	S10	1	1
10	N16	1	1
10	S8	1	1
10	N15	1	1
10	S7	1	1
10	N14	1	1
10	S5	1	1
10	S6	1	1
10	N19	1	1
10	S3	1	1
10	S2	1	1
10	S1	1	1
10	S4	1	1
10	N22	1	1
10	N21	1	1
10	N20	1	1
10	N18	1	1
10	N13	1	1
10	N5	1	1
10	N1	1	0.997
11	S20	1	1
11	S21	1	1
11	N4	1	1
11	S22	1	1
11	N3	1	1
11	S23	1	1
11	N2	1	1
11	S12	1	1
11	S14	1	1
11	N10	1	1
11	S13	1	1
11	N9	1	1
11	S18	1	1
11	S19	1	1
11	N11	1	1
11	N8	1	1
11	S15	1	1
11	N7	1	1
11	S16	1	1
11	S17	1	1
11	N12	1	1
11	N6	1	1
11	S9	1	1
11	S11	1	1
11	N17	1	1
11	S10	1	1
11	N16	1	1
11	S8	1	1
11	N15	1	1
11	S7	1	1
11	N14	1	1
11	S5	1	1
11	S6	1	1
11	N19	1	1
11	S3	1	1
11	S2	1	1
11	S1	1	1
11	S4	1	1
11	N22	1	1
11	N21	1	1
11	N20	1	1
11	N18	1	1
11	N13	1	1
11	N5	1	1
11	N1	1	0.997
12	S20	1	1
12	S21	1	1
12	N4	1	1
12	S22	1	1
12	N3	1	1
12	S23	1	1
12	N2	1	1
12	S12	1	1
12	S14	1	1
12	N10	1	1
12	S13	1	1
12	N9	1	1
12	S18	1	1
12	S19	1	1
12	N11	1	1
12	N8	1	1
12	S15	1	1
12	N7	1	1
12	S16	1	1
12	S17	1	1
12	N12	1	1
12	N6	1	1
12	S9	1	1
12	S11	1	1
12	N17	1	1
12	S10	1	1
12	N16	1	1
12	S8	1	1
12	N15	1	1
12	S7	1	1
12	N14	1	1
12	S5	1	1
12	S6	1	1
12	N19	1	1
12	S3	1	1
12	S2	1	1
12	S1	1	1
12	S4	1	1
12	N22	1	1
12	N21	1	1
12	N20	1	1
12	N18	1	1
12	N13	1	1
12	N5	1	1
12	N1	1	0.997
13	S20	1	1
13	S21	1	1
13	N4	1	1
13	S22	1	1
13	N3	1	1
13	S23	1	1
13	N2	1	1
13	S12	1	1
13	S14	1	1
13	N10	1	1
13	S13	1	1
13	N9	1	1
13	S18	1	1
13	S19	1	1
13	N11	1	1
13	N8	1	1
13	S15	1	1
13	N7	1	1
13	S16	1	1
13	S17	1	1
13	N12	1	1
13	N6	1	1
13	S9	1	1
13	S11	1	1
13	N17	1	1
13	S10	1	1
13	N16	1	1
13	S8	1	1
13	N15	1	1
13	S7	1	1
13	N14	1	1
13	S5	1	1
13	S6	1	1
13	N19	1	1
13	S3	1	1
13	S2	1	1
13	S1	1	1
13	S4	1	1
13	N22	1	1
13	N21	1	1
13	N20	1	1
13	N18	1	1
13	N13	1	1
13	N5	1	1
13	N1	1	0.997
14	S20	1	1
14	S21	1	1
14	N4	1	1
14	S22	1	1
14	N3	1	1
14	S23	1	1
14	N2	1	1
14	S12	1	1
14	S14	1	1
14	N10	1	1
14	S13	1	1
14	N9	1	1
14	S18	1	1
14	S19	1	1
14	N11	1	1
14	N8	1	1
14	S15	1	1
14	N7	1	1
14	S16	1	1
14	S17	1	1
14	N12	1	1
14	N6	1	1
14	S9	1	1
14	S11	1	1
14	N17	1	1
14	S10	1	1
14	N16	1	1
14	S8	1	1
14	N15	1	1
14	S7	1	1
14	N14	1	1
14	S5	1	1
14	S6	1	1
14	N19	1	1
14	S3	1	1
14	S2	1	1
14	S1	1	1
14	S4	1	1
14	N22	1	1
14	N21	1	1
14	N20	1	1
14	N18	1	1
14	N13	1	1
14	N5	1	1
14	N1	1	0.997
15	S20	1	1
15	S21	1	1
15	N4	1	1
15	S22	1	1
15	N3	1	1
15	S23	1	1
15	N2	1	1
15	S12	1	1
15	S14	1	1
15	N10	1	1
15	S13	1	1
15	N9	1	1
15	S18	1	1
15	S19	1	1
15	N11	1	1
15	N8	1	1
15	S15	1	1
15	N7	1	1
15	S16	1	1
15	S17	1	1
15	N12	1	1
15	N6	1	1
15	S9	1	1
15	S11	1	1
15	N17	1	1
15	S10	1	1
15	N16	1	1
15	S8	1	1
15	N15	1	1
15	S7	1	1
15	N14	1	1
15	S5	1	1
15	S6	1	1
15	N19	1	1
15	S3	1	1
15	S2	1	1
15	S1	1	1
15	S4	1	1
15	N22	1	1
15	N21	1	1
15	N20	1	1
15	N18	1	1
15	N13	1	1
15	N5	1	1
15	N1	1	0.997
16	S20	1	1
16	S21	1	1
16	N4	1	1
16	S22	1	1
16	N3	1	1
16	S23	1	1
16	N2	1	1
16	S12	1	1
16	S14	1	1
16	N10	1	1
16	S13	1	1
16	N9	1	1
16	S18	1	1
16	S19	1	1
16	N11	1	1
16	N8	1	1
16	S15	1	1
16	N7	1	1
16	S16	1	1
16	S17	1	1
16	N12	1	1
16	N6	1	1
16	S9	1	1
16	S11	1	1
16	N17	1	1
16	S10	1	1
16	N16	1	1
16	S8	1	1
16	N15	1	1
16	S7	1	1
16	N14	1	1
16	S5	1	1
16	S6	1	1
16	N19	1	1
16	S3	1	1
16	S2	1	1
16	S1	1	1
16	S4	1	1
16	N22	1	1
16	N21	1	1
16	N20	1	1
16	N18	1	1
16	N13	1	1
16	N5	1	1
16	N1	1	0.997
17	S20	1	1
17	S21	1	1
17	N4	1	1
17	S22	1	1
17	N3	1	1
17	S23	1	1
17	N2	1	1
17	S12	1	1
17	S14	1	1
17	N10	1	1
17	S13	1	1
17	N9	1	1
17	S18	1	1
17	S19	1	1
17	N11	1	1
17	N8	1	1
17	S15	1	1
17	N7	1	1
17	S16	1	1
17	S17	1	1
17	N12	1	1
17	N6	1	1
17	S9	1	1
17	S11	1	1
17	N17	1	1
17	S10	1	1
17	N16	1	1
17	S8	1	1
17	N15	1	1
17	S7	1	1
17	N14	1	1
17	S5	1	1
17	S6	1	1
17	N19	1	1
17	S3	1	1
17	S2	1	1
17	S1	1	1
17	S4	1	1
17	N22	1	1
17	N21	1	1
17	N20	1	1
17	N18	1	1
17	N13	1	1
17	N5	1	1
17	N1	1	0.997
18	S20	1	1
18	S21	1	1
18	N4	1	1
18	S22	1	1
18	N3	1	1
18	S23	1	1
18	N2	1	1
18	S12	1	1
18	S14	1	1
18	N10	1	1
18	S13	1	1
18	N9	1	1
18	S18	1	1
18	S19	1	1
18	N11	1	1
18	N8	1	1
18	S15	1	1
18	N7	1	1
18	S16	1	1
18	S17	1	1
18	N12	1	1
18	N6	1	1
18	S9	1	1
18	S11	1	1
18	N17	1	1
18	S10	1	1
18	N16	1	1
18	S8	1	1
18	N15	1	1
18	S7	1	1
18	N14	1	1
18	S5	1	1
18	S6	1	1
18	N19	1	1
18	S3	1	1
18	S2	1	1
18	S1	1	1
18	S4	1	1
18	N22	1	1
18	N21	1	1
18	N20	1	1
18	N18	1	1
18	N13	1	1
18	N5	1	1
18	N1	1	0.997
19	S20	1	1
19	S21	1	1
19	N4	1	1
19	S22	1	1
19	N3	1	1
19	S23	1	1
19	N2	1	1
19	S12	1	1
19	S14	1	1
19	N10	1	1
19	S13	1	1
19	N9	1	1
19	S18	1	1
19	S19	1	1
19	N11	1	1
19	N8	1	1
19	S15	1	1
19	N7	1	1
19	S16	1	1
19	S17	1	1
19	N12	1	1
19	N6	1	1
19	S9	1	1
19	S11	1	1
19	N17	1	1
19	S10	1	1
19	N16	1	1
19	S8	1	1
19	N15	1	1
19	S7	1	1
19	N14	1	1
19	S5	1	1
19	S6	1	1
19	N19	1	1
19	S3	1	1
19	S2	1	1
19	S1	1	1
19	S4	1	1
19	N22	1	1
19	N21	1	1
19	N20	1	1
19	N18	1	1
19	N13	1	1
19	N5	1	1
19	N1	1	0.997
20	S20	1	1
20	S21	1	1
20	N4	1	1
20	S22	1	1
20	N3	1	1
20	S23	1	1
20	N2	1	1
20	S12	1	1
20	S14	1	1
20	N10	1	1
20	S13	1	1
20	N9	1	1
20	S18	1	1
20	S19	1	1
20	N11	1	1
20	N8	1	1
20	S15	1	1
20	N7	1	1
20	S16	1	1
20	S17	1	1
20	N12	1	1
20	N6	1	1
20	S9	1	1
20	S11	1	1
20	N17	1	1
20	S10	1	1
20	N16	1	1
20	S8	1	1
20	N15	1	1
20	S7	1	1
20	N14	1	1
20	S5	1	1
20	S6	1	1
20	N19	1	1
20	S3	1	1
20	S2	1	1
20	S1	1	1
20	S4	1	1
20	N22	1	1
20	N21	1	1
20	N20	1	1
20	N18	1	1
20	N13	1	1
20	N5	1	1
20	N1	1	0.997
21	S20	1	1
21	S21	1	1
21	N4	1	1
21	S22	1	1
21	N3	1	1
21	S23	1	1
21	N2	1	1
21	S12	1	1
21	S14	1	1
21	N10	1	1
21	S13	1	1
21	N9	1	1
21	S18	1	1
21	S19	1	1
21	N11	1	1
21	N8	1	1
21	S15	1	1
21	N7	1	1
21	S16	1	1
21	S17	1	1
21	N12	1	1
21	N6	1	1
21	S9	1	1
21	S11	1	1
21	N17	1	1
21	S10	1	1
21	N16	1	1
21	S8	1	1
21	N15	1	1
21	S7	1	1
21	N14	1	1
21	S5	1	1
21	S6	1	1
21	N19	1	1
21	S3	1	1
21	S2	1	1
21	S1	1	1
21	S4	1	1
21	N22	1	1
21	N21	1	1
21	N20	1	1
21	N18	1	1
21	N13	1	1
21	N5	1	1
21	N1	1	0.997
22	S20	1	1
22	S21	1	1
22	N4	1	1
22	S22	1	1
22	N3	1	1
22	S23	1	1
22	N2	1	1
22	S12	1	1
22	S14	1	1
22	N10	1	1
22	S13	1	1
22	N9	1	1
22	S18	1	1
22	S19	1	1
22	N11	1	1
22	N8	1	1
22	S15	1	1
22	N7	1	1
22	S16	1	1
22	S17	1	1
22	N12	1	1
22	N6	1	1
22	S9	1	1
22	S11	1	1
22	N17	1	1
22	S10	1	1
22	N16	1	1
22	S8	1	1
22	N15	1	1
22	S7	1	1
22	N14	1	1
22	S5	1	1
22	S6	1	1
22	N19	1	1
22	S3	1	1
22	S2	1	1
22	S1	1	1
22	S4	1	1
22	N22	1	1
22	N21	1	1
22	N20	1	1
22	N18	1	1
22	N13	1	1
22	N5	1	1
22	N1	1	0.997
23	S20	1	1
23	S21	1	1
23	N4	1	1
23	S22	1	1
23	N3	1	1
23	S23	1	1
23	N2	1	1
23	S12	1	1
23	S14	1	1
23	N10	1	1
23	S13	1	1
23	N9	1	1
23	S18	1	1
23	S19	1	1
23	N11	1	1
23	N8	1	1
23	S15	1	1
23	N7	1	1
23	S16	1	1
23	S17	1	1
23	N12	1	1
23	N6	1	1
23	S9	1	1
23	S11	1	1
23	N17	1	1
23	S10	1	1
23	N16	1	1
23	S8	1	1
23	N15	1	1
23	S7	1	1
23	N14	1	1
23	S5	1	1
23	S6	1	1
23	N19	1	1
23	S3	1	1
23	S2	1	1
23	S1	1	1
23	S4	1	1
23	N22	1	1
23	N21	1	1
23	N20	1	1
23	N18	1	1
23	N13	1	1
23	N5	1	1
23	N1	1	0.997
24	S20	1	1
24	S21	1	1
24	N4	1	1
24	S22	1	1
24	N3	1	1
24	S23	1	1
24	N2	1	1
24	S12	1	1
24	S14	1	1
24	N10	1	1
24	S13	1	1
24	N9	1	1
24	S18	1	1
24	S19	1	1
24	N11	1	1
24	N8	1	1
24	S15	1	1
24	N7	1	1
24	S16	1	1
24	S17	1	1
24	N12	1	1
24	N6	1	1
24	S9	1	1
24	S11	1	1
24	N17	1	1
24	S10	1	1
24	N16	1	1
24	S8	1	1
24	N15	1	1
24	S7	1	1
24	N14	1	1
24	S5	1	1
24	S6	1	1
24	N19	1	1
24	S3	1	1
24	S2	1	1
24	S1	1	1
24	S4	1	1
24	N22	1	1
24	N21	1	1
24	N20	1	1
24	N18	1	1
24	N13	1	1
24	N5	1	1
24	N1	1	0.997
25	S20	1	1
25	S21	1	1
25	N4	1	1
25	S22	1	1
25	N3	1	1
25	S23	1	1
25	N2	1	1
25	S12	1	1
25	S14	1	1
25	N10	1	1
25	S13	1	1
25	N9	1	1
25	S18	1	1
25	S19	1	1
25	N11	1	1
25	N8	1	1
25	S15	1	1
25	N7	1	1
25	S16	1	1
25	S17	1	1
25	N12	1	1
25	N6	1	1
25	S9	1	1
25	S11	1	1
25	N17	1	1
25	S10	1	1
25	N16	1	1
25	S8	1	1
25	N15	1	1
25	S7	1	1
25	N14	1	1
25	S5	1	1
25	S6	1	1
25	N19	1	1
25	S3	1	1
25	S2	1	1
25	S1	1	1
25	S4	1	1
25	N22	1	1
25	N21	1	1
25	N20	1	1
25	N18	1	1
25	N13	1	1
25	N5	1	1
25	N1	1	0.997
26	S20	1	1
26	S21	1	1
26	N4	1	1
26	S22	1	1
26	N3	1	1
26	S23	1	1
26	N2	1	1
26	S12	1	1
26	S14	1	1
26	N10	1	1
26	S13	1	1
26	N9	1	1
26	S18	1	1
26	S19	1	1
26	N11	1	1
26	N8	1	1
26	S15	1	1
26	N7	1	1
26	S16	1	1
26	S17	1	1
26	N12	1	1
26	N6	1	1
26	S9	1	1
26	S11	1	1
26	N17	1	1
26	S10	1	1
26	N16	1	1
26	S8	1	1
26	N15	1	1
26	S7	1	1
26	N14	1	1
26	S5	1	1
26	S6	1	1
26	N19	1	1
26	S3	1	1
26	S2	1	1
26	S1	1	1
26	S4	1	1
26	N22	1	1
26	N21	1	1
26	N20	1	1
26	N18	1	1
26	N13	1	1
26	N5	1	1
26	N1	1	0.997
27	S20	1	1
27	S21	1	1
27	N4	1	1
27	S22	1	1
27	N3	1	1
27	S23	1	1
27	N2	1	1
27	S12	1	1
27	S14	1	1
27	N10	1	1
27	S13	1	1
27	N9	1	1
27	S18	1	1
27	S19	1	1
27	N11	1	1
27	N8	1	1
27	S15	1	1
27	N7	1	1
27	S16	1	1
27	S17	1	1
27	N12	1	1
27	N6	1	1
27	S9	1	1
27	S11	1	1
27	N17	1	1
27	S10	1	1
27	N16	1	1
27	S8	1	1
27	N15	1	1
27	S7	1	1
27	N14	1	1
27	S5	1	1
27	S6	1	1
27	N19	1	1
27	S3	1	1
27	S2	1	1
27	S1	1	1
27	S4	1	1
27	N22	1	1
27	N21	1	1
27	N20	1	1
27	N18	1	1
27	N13	1	1
27	N5	1	1
27	N1	1	0.997
28	S20	1	1
28	S21	1	1
28	N4	1	1
28	S22	1	1
28	N3	1	1
28	S23	1	1
28	N2	1	1
28	S12	1	1
28	S14	1	1
28	N10	1	1
28	S13	1	1
28	N9	1	1
28	S18	1	1
28	S19	1	1
28	N11	1	1
28	N8	1	1
28	S15	1	1
28	N7	1	1
28	S16	1	1
28	S17	1	1
28	N12	1	1
28	N6	1	1
28	S9	1	1
28	S11	1	1
28	N17	1	1
28	S10	1	1
28	N16	1	1
28	S8	1	1
28	N15	1	1
28	S7	1	1
28	N14	1	1
28	S5	1	1
28	S6	1	1
28	N19	1	1
28	S3	1	1
28	S2	1	1
28	S1	1	1
28	S4	1	1
28	N22	1	1
28	N21	1	1
28	N20	1	1
28	N18	1	1
28	N13	1	1
28	N5	1	1
28	N1	1	0.997
29	S20	1	1
29	S21	1	1
29	N4	1	1
29	S22	1	1
29	N3	1	1
29	S23	1	1
29	N2	1	1
29	S12	1	1
29	S14	1	1
29	N10	1	1
29	S13	1	1
29	N9	1	1
29	S18	1	1
29	S19	1	1
29	N11	1	1
29	N8	1	1
29	S15	1	1
29	N7	1	1
29	S16	1	1
29	S17	1	1
29	N12	1	1
29	N6	1	1
29	S9	1	1
29	S11	1	1
29	N17	1	1
29	S10	1	1
29	N16	1	1
29	S8	1	1
29	N15	1	1
29	S7	1	1
29	N14	1	1
29	S5	1	1
29	S6	1	1
29	N19	1	1
29	S3	1	1
29	S2	1	1
29	S1	1	1
29	S4	1	1
29	N22	1	1
29	N21	1	1
29	N20	1	1
29	N18	1	1
29	N13	1	1
29	N5	1	1
29	N1	1	0.997
30	S20	1	1
30	S21	1	1
30	N4	1	1
30	S22	1	1
30	N3	1	1
30	S23	1	1
30	N2	1	1
30	S12	1	1
30	S14	1	1
30	N10	1	1
30	S13	1	1
30	N9	1	1
30	S18	1	1
30	S19	1	1
30	N11	1	1
30	N8	1	1
30	S15	1	1
30	N7	1	1
30	S16	1	1
30	S17	1	1
30	N12	1	1
30	N6	1	1
30	S9	1	1
30	S11	1	1
30	N17	1	1
30	S10	1	1
30	N16	1	1
30	S8	1	1
30	N15	1	1
30	S7	1	1
30	N14	1	1
30	S5	1	1
30	S6	1	1
30	N19	1	1
30	S3	1	1
30	S2	1	1
30	S1	1	1
30	S4	1	1
30	N22	1	1
30	N21	1	1
30	N20	1	1
30	N18	1	1
30	N13	1	1
30	N5	1	1
30	N1	1	0.997
31	S20	1	1
31	S21	1	1
31	N4	1	1
31	S22	1	1
31	N3	1	1
31	S23	1	1
31	N2	1	1
31	S12	1	1
31	S14	1	1
31	N10	1	1
31	S13	1	1
31	N9	1	1
31	S18	1	1
31	S19	1	1
31	N11	1	1
31	N8	1	1
31	S15	1	1
31	N7	1	1
31	S16	1	1
31	S17	1	1
31	N12	1	1
31	N6	1	1
31	S9	1	1
31	S11	1	1
31	N17	1	1
31	S10	1	1
31	N16	1	1
31	S8	1	1
31	N15	1	1
31	S7	1	1
31	N14	1	1
31	S5	1	1
31	S6	1	1
31	N19	1	1
31	S3	1	1
31	S2	1	1
31	S1	1	1
31	S4	1	1
31	N22	1	1
31	N21	1	1
31	N20	1	1
31	N18	1	1
31	N13	1	1
31	N5	1	1
31	N1	1	0.997
32	S20	1	1
32	S21	1	1
32	N4	1	1
32	S22	1	1
32	N3	1	1
32	S23	1	1
32	N2	1	1
32	S12	1	1
32	S14	1	1
32	N10	1	1
32	S13	1	1
32	N9	1	1
32	S18	1	1
32	S19	1	1
32	N11	1	1
32	N8	1	1
32	S15	1	1
32	N7	1	1
32	S16	1	1
32	S17	1	1
32	N12	1	1
32	N6	1	1
32	S9	1	1
32	S11	1	1
32	N17	1	1
32	S10	1	1
32	N16	1	1
32	S8	1	1
32	N15	1	1
32	S7	1	1
32	N14	1	1
32	S5	1	1
32	S6	1	1
32	N19	1	1
32	S3	1	1
32	S2	1	1
32	S1	1	1
32	S4	1	1
32	N22	1	1
32	N21	1	1
32	N20	1	1
32	N18	1	1
32	N13	1	1
32	N5	1	1
32	N1	1	0.997
33	S20	1	1
33	S21	1	1
33	N4	1	1
33	S22	1	1
33	N3	1	1
33	S23	1	1
33	N2	1	1
33	S12	1	1
33	S14	1	1
33	N10	1	1
33	S13	1	1
33	N9	1	1
33	S18	1	1
33	S19	1	1
33	N11	1	1
33	N8	1	1
33	S15	1	1
33	N7	1	1
33	S16	1	1
33	S17	1	1
33	N12	1	1
33	N6	1	1
33	S9	1	1
33	S11	1	1
33	N17	1	1
33	S10	1	1
33	N16	1	1
33	S8	1	1
33	N15	1	1
33	S7	1	1
33	N14	1	1
33	S5	1	1
33	S6	1	1
33	N19	1	1
33	S3	1	1
33	S2	1	1
33	S1	1	1
33	S4	1	1
33	N22	1	1
33	N21	1	1
33	N20	1	1
33	N18	1	1
33	N13	1	1
33	N5	1	1
33	N1	1	0.997
34	S20	1	1
34	S21	1	1
34	N4	1	1
34	S22	1	1
34	N3	1	1
34	S23	1	1
34	N2	1	1
34	S12	1	1
34	S14	1	1
34	N10	1	1
34	S13	1	1
34	N9	1	1
34	S18	1	1
34	S19	1	1
34	N11	1	1
34	N8	1	1
34	S15	1	1
34	N7	1	1
34	S16	1	1
34	S17	1	1
34	N12	1	1
34	N6	1	1
34	S9	1	1
34	S11	1	1
34	N17	1	1
34	S10	1	1
34	N16	1	1
34	S8	1	1
34	N15	1	1
34	S7	1	1
34	N14	1	1
34	S5	1	1
34	S6	1	1
34	N19	1	1
34	S3	1	1
34	S2	1	1
34	S1	1	1
34	S4	1	1
34	N22	1	1
34	N21	1	1
34	N20	1	1
34	N18	1	1
34	N13	1	1
34	N5	1	1
34	N1	1	0.997
35	S20	1	1
35	S21	1	1
35	N4	1	1
35	S22	1	1
35	N3	1	1
35	S23	1	1
35	N2	1	1
35	S12	1	1
35	S14	1	1
35	N10	1	1
35	S13	1	1
35	N9	1	1
35	S18	1	1
35	S19	1	1
35	N11	1	1
35	N8	1	1
35	S15	1	1
35	N7	1	1
35	S16	1	1
35	S17	1	1
35	N12	1	1
35	N6	1	1
35	S9	1	1
35	S11	1	1
35	N17	1	1
35	S10	1	1
35	N16	1	1
35	S8	1	1
35	N15	1	1
35	S7	1	1
35	N14	1	1
35	S5	1	1
35	S6	1	1
35	N19	1	1
35	S3	1	1
35	S2	1	1
35	S1	1	1
35	S4	1	1
35	N22	1	1
35	N21	1	1
35	N20	1	1
35	N18	1	1
35	N13	1	1
35	N5	1	1
35	N1	1	0.997
36	S20	1	1
36	S21	1	1
36	N4	1	1
36	S22	1	1
36	N3	1	1
36	S23	1	1
36	N2	1	1
36	S12	1	1
36	S14	1	1
36	N10	1	1
36	S13	1	1
36	N9	1	1
36	S18	1	1
36	S19	1	1
36	N11	1	1
36	N8	1	1
36	S15	1	1
36	N7	1	1
36	S16	1	1
36	S17	1	1
36	N12	1	1
36	N6	1	1
36	S9	1	1
36	S11	1	1
36	N17	1	1
36	S10	1	1
36	N16	1	1
36	S8	1	1
36	N15	1	1
36	S7	1	1
36	N14	1	1
36	S5	1	1
36	S6	1	1
36	N19	1	1
36	S3	1	1
36	S2	1	1
36	S1	1	1
36	S4	1	1
36	N22	1	1
36	N21	1	1
36	N20	1	1
36	N18	1	1
36	N13	1	1
36	N5	1	1
36	N1	1	0.997
37	S20	1	1
37	S21	1	1
37	N4	1	1
37	S22	1	1
37	N3	1	1
37	S23	1	1
37	N2	1	1
37	S12	1	1
37	S14	1	1
37	N10	1	1
37	S13	1	1
37	N9	1	1
37	S18	1	1
37	S19	1	1
37	N11	1	1
37	N8	1	1
37	S15	1	1
37	N7	1	1
37	S16	1	1
37	S17	1	1
37	N12	1	1
37	N6	1	1
37	S9	1	1
37	S11	1	1
37	N17	1	1
37	S10	1	1
37	N16	1	1
37	S8	1	1
37	N15	1	1
37	S7	1	1
37	N14	1	1
37	S5	1	1
37	S6	1	1
37	N19	1	1
37	S3	1	1
37	S2	1	1
37	S1	1	1
37	S4	1	1
37	N22	1	1
37	N21	1	1
37	N20	1	1
37	N18	1	1
37	N13	1	1
37	N5	1	1
37	N1	1	0.997
38	S20	1	1
38	S21	1	1
38	N4	1	1
38	S22	1	1
38	N3	1	1
38	S23	1	1
38	N2	1	1
38	S12	1	1
38	S14	1	1
38	N10	1	1
38	S13	1	1
38	N9	1	1
38	S18	1	1
38	S19	1	1
38	N11	1	1
38	N8	1	1
38	S15	1	1
38	N7	1	1
38	S16	1	1
38	S17	1	1
38	N12	1	1
38	N6	1	1
38	S9	1	1
38	S11	1	1
38	N17	1	1
38	S10	1	1
38	N16	1	1
38	S8	1	1
38	N15	1	1
38	S7	1	1
38	N14	1	1
38	S5	1	1
38	S6	1	1
38	N19	1	1
38	S3	1	1
38	S2	1	1
38	S1	1	1
38	S4	1	1
38	N22	1	1
38	N21	1	1
38	N20	1	1
38	N18	1	1
38	N13	1	1
38	N5	1	1
38	N1	1	0.997
39	S20	1	1
39	S21	1	1
39	N4	1	1
39	S22	1	1
39	N3	1	1
39	S23	1	1
39	N2	1	1
39	S12	1	1
39	S14	1	1
39	N10	1	1
39	S13	1	1
39	N9	1	1
39	S18	1	1
39	S19	1	1
39	N11	1	1
39	N8	1	1
39	S15	1	1
39	N7	1	1
39	S16	1	1
39	S17	1	1
39	N12	1	1
39	N6	1	1
39	S9	1	1
39	S11	1	1
39	N17	1	1
39	S10	1	1
39	N16	1	1
39	S8	1	1
39	N15	1	1
39	S7	1	1
39	N14	1	1
39	S5	1	1
39	S6	1	1
39	N19	1	1
39	S3	1	1
39	S2	1	1
39	S1	1	1
39	S4	1	1
39	N22	1	1
39	N21	1	1
39	N20	1	1
39	N18	1	1
39	N13	1	1
39	N5	1	1
39	N1	1	0.997
40	S20	1	1
40	S21	1	1
40	N4	1	1
40	S22	1	1
40	N3	1	1
40	S23	1	1
40	N2	1	1
40	S12	1	1
40	S14	1	1
40	N10	1	1
40	S13	1	1
40	N9	1	1
40	S18	1	1
40	S19	1	1
40	N11	1	1
40	N8	1	1
40	S15	1	1
40	N7	1	1
40	S16	1	1
40	S17	1	1
40	N12	1	1
40	N6	1	1
40	S9	1	1
40	S11	1	1
40	N17	1	1
40	S10	1	1
40	N16	1	1
40	S8	1	1
40	N15	1	1
40	S7	1	1
40	N14	1	1
40	S5	1	1
40	S6	1	1
40	N19	1	1
40	S3	1	1
40	S2	1	1
40	S1	1	1
40	S4	1	1
40	N22	1	1
40	N21	1	1
40	N20	1	1
40	N18	1	1
40	N13	1	1
40	N5	1	1
40	N1	1	0.997
41	S20	1	1
41	S21	1	1
41	N4	1	1
41	S22	1	1
41	N3	1	1
41	S23	1	1
41	N2	1	1
41	S12	1	1
41	S14	1	1
41	N10	1	1
41	S13	1	1
41	N9	1	1
41	S18	1	1
41	S19	1	1
41	N11	1	1
41	N8	1	1
41	S15	1	1
41	N7	1	1
41	S16	1	1
41	S17	1	1
41	N12	1	1
41	N6	1	1
41	S9	1	1
41	S11	1	1
41	N17	1	1
41	S10	1	1
41	N16	1	1
41	S8	1	1
41	N15	1	1
41	S7	1	1
41	N14	1	1
41	S5	1	1
41	S6	1	1
41	N19	1	1
41	S3	1	1
41	S2	1	1
41	S1	1	1
41	S4	1	1
41	N22	1	1
41	N21	1	1
41	N20	1	1
41	N18	1	1
41	N13	1	1
41	N5	1	1
41	N1	1	0.997
42	S20	1	1
42	S21	1	1
42	N4	1	1
42	S22	1	1
42	N3	1	1
42	S23	1	1
42	N2	1	1
42	S12	1	1
42	S14	1	1
42	N10	1	1
42	S13	1	1
42	N9	1	1
42	S18	1	1
42	S19	1	1
42	N11	1	1
42	N8	1	1
42	S15	1	1
42	N7	1	1
42	S16	1	1
42	S17	1	1
42	N12	1	1
42	N6	1	1
42	S9	1	1
42	S11	1	1
42	N17	1	1
42	S10	1	1
42	N16	1	1
42	S8	1	1
42	N15	1	1
42	S7	1	1
42	N14	1	1
42	S5	1	1
42	S6	1	1
42	N19	1	1
42	S3	1	1
42	S2	1	1
42	S1	1	1
42	S4	1	1
42	N22	1	1
42	N21	1	1
42	N20	1	1
42	N18	1	1
42	N13	1	1
42	N5	1	1
42	N1	1	0.997
43	S20	1	1
43	S21	1	1
43	N4	1	1
43	S22	1	1
43	N3	1	1
43	S23	1	1
43	N2	1	1
43	S12	1	1
43	S14	1	1
43	N10	1	1
43	S13	1	1
43	N9	1	1
43	S18	1	1
43	S19	1	1
43	N11	1	1
43	N8	1	1
43	S15	1	1
43	N7	1	1
43	S16	1	1
43	S17	1	1
43	N12	1	1
43	N6	1	1
43	S9	1	1
43	S11	1	1
43	N17	1	1
43	S10	1	1
43	N16	1	1
43	S8	1	1
43	N15	1	1
43	S7	1	1
43	N14	1	1
43	S5	1	1
43	S6	1	1
43	N19	1	1
43	S3	1	1
43	S2	1	1
43	S1	1	1
43	S4	1	1
43	N22	1	1
43	N21	1	1
43	N20	1	1
43	N18	1	1
43	N13	1	1
43	N5	1	1
43	N1	1	0.997
44	S20	1	1
44	S21	1	1
44	N4	1	1
44	S22	1	1
44	N3	1	1
44	S23	1	1
44	N2	1	1
44	S12	1	1
44	S14	1	1
44	N10	1	1
44	S13	1	1
44	N9	1	1
44	S18	1	1
44	S19	1	1
44	N11	1	1
44	N8	1	1
44	S15	1	1
44	N7	1	1
44	S16	1	1
44	S17	1	1
44	N12	1	1
44	N6	1	1
44	S9	1	1
44	S11	1	1
44	N17	1	1
44	S10	1	1
44	N16	1	1
44	S8	1	1
44	N15	1	1
44	S7	1	1
44	N14	1	1
44	S5	1	1
44	S6	1	1
44	N19	1	1
44	S3	1	1
44	S2	1	1
44	S1	1	1
44	S4	1	1
44	N22	1	1
44	N21	1	1
44	N20	1	1
44	N18	1	1
44	N13	1	1
44	N5	1	1
44	N1	1	0.997
45	S20	1	1
45	S21	1	1
45	N4	1	1
45	S22	1	1
45	N3	1	1
45	S23	1	1
45	N2	1	1
45	S12	1	1
45	S14	1	1
45	N10	1	1
45	S13	1	1
45	N9	1	1
45	S18	1	1
45	S19	1	1
45	N11	1	1
45	N8	1	1
45	S15	1	1
45	N7	1	1
45	S16	1	1
45	S17	1	1
45	N12	1	1
45	N6	1	1
45	S9	1	1
45	S11	1	1
45	N17	1	1
45	S10	1	1
45	N16	1	1
45	S8	1	1
45	N15	1	1
45	S7	1	1
45	N14	1	1
45	S5	1	1
45	S6	1	1
45	N19	1	1
45	S3	1	1
45	S2	1	1
45	S1	1	1
45	S4	1	1
45	N22	1	1
45	N21	1	1
45	N20	1	1
45	N18	1	1
45	N13	1	1
45	N5	1	1
45	N1	1	0.997
46	S20	1	1
46	S21	1	1
46	N4	1	1
46	S22	1	1
46	N3	1	1
46	S23	1	1
46	N2	1	1
46	S12	1	1
46	S14	1	1
46	N10	1	1
46	S13	1	1
46	N9	1	1
46	S18	1	1
46	S19	1	1
46	N11	1	1
46	N8	1	1
46	S15	1	1
46	N7	1	1
46	S16	1	1
46	S17	1	1
46	N12	1	1
46	N6	1	1
46	S9	1	1
46	S11	1	1
46	N17	1	1
46	S10	1	1
46	N16	1	1
46	S8	1	1
46	N15	1	1
46	S7	1	1
46	N14	1	1
46	S5	1	1
46	S6	1	1
46	N19	1	1
46	S3	1	1
46	S2	1	1
46	S1	1	1
46	S4	1	1
46	N22	1	1
46	N21	1	1
46	N20	1	1
46	N18	1	1
46	N13	1	1
46	N5	1	1
46	N1	1	0.997
47	S20	1	1
47	S21	1	1
47	N4	1	1
47	S22	1	1
47	N3	1	1
47	S23	1	1
47	N2	1	1
47	S12	1	1
47	S14	1	1
47	N10	1	1
47	S13	1	1
47	N9	1	1
47	S18	1	1
47	S19	1	1
47	N11	1	1
47	N8	1	1
47	S15	1	1
47	N7	1	1
47	S16	1	1
47	S17	1	1
47	N12	1	1
47	N6	1	1
47	S9	1	1
47	S11	1	1
47	N17	1	1
47	S10	1	1
47	N16	1	1
47	S8	1	1
47	N15	1	1
47	S7	1	1
47	N14	1	1
47	S5	1	1
47	S6	1	1
47	N19	1	1
47	S3	1	1
47	S2	1	1
47	S1	1	1
47	S4	1	1
47	N22	1	1
47	N21	1	1
47	N20	1	1
47	N18	1	1
47	N13	1	1
47	N5	1	1
47	N1	1	0.997
48	S20	1	1
48	S21	1	1
48	N4	1	1
48	S22	1	1
48	N3	1	1
48	S23	1	1
48	N2	1	1
48	S12	1	1
48	S14	1	1
48	N10	1	1
48	S13	1	1
48	N9	1	1
48	S18	1	1
48	S19	1	1
48	N11	1	1
48	N8	1	1
48	S15	1	1
48	N7	1	1
48	S16	1	1
48	S17	1	1
48	N12	1	1
48	N6	1	1
48	S9	1	1
48	S11	1	1
48	N17	1	1
48	S10	1	1
48	N16	1	1
48	S8	1	1
48	N15	1	1
48	S7	1	1
48	N14	1	1
48	S5	1	1
48	S6	1	1
48	N19	1	1
48	S3	1	1
48	S2	1	1
48	S1	1	1
48	S4	1	1
48	N22	1	1
48	N21	1	1
48	N20	1	1
48	N18	1	1
48	N13	1	1
48	N5	1	1
48	N1	1	0.997
49	S20	1	1
49	S21	1	1
49	N4	1	1
49	S22	1	1
49	N3	1	1
49	S23	1	1
49	N2	1	1
49	S12	1	1
49	S14	1	1
49	N10	1	1
49	S13	1	1
49	N9	1	1
49	S18	1	1
49	S19	1	1
49	N11	1	1
49	N8	1	1
49	S15	1	1
49	N7	1	1
49	S16	1	1
49	S17	1	1
49	N12	1	1
49	N6	1	1
49	S9	1	1
49	S11	1	1
49	N17	1	1
49	S10	1	1
49	N16	1	1
49	S8	1	1
49	N15	1	1
49	S7	1	1
49	N14	1	1
49	S5	1	1
49	S6	1	1
49	N19	1	1
49	S3	1	1
49	S2	1	1
49	S1	1	1
49	S4	1	1
49	N22	1	1
49	N21	1	1
49	N20	1	1
49	N18	1	1
49	N13	1	1
49	N5	1	1
49	N1	1	0.997
50	S20	1	1
50	S21	1	1
50	N4	1	1
50	S22	1	1
50	N3	1	1
50	S23	1	1
50	N2	1	1
50	S12	1	1
50	S14	1	1
50	N10	1	1
50	S13	1	1
50	N9	1	1
50	S18	1	1
50	S19	1	1
50	N11	1	1
50	N8	1	1
50	S15	1	1
50	N7	1	1
50	S16	1	1
50	S17	1	1
50	N12	1	1
50	N6	1	1
50	S9	1	1
50	S11	1	1
50	N17	1	1
50	S10	1	1
50	N16	1	1
50	S8	1	1
50	N15	1	1
50	S7	1	1
50	N14	1	1
50	S5	1	1
50	S6	1	1
50	N19	1	1
50	S3	1	1
50	S2	1	1
50	S1	1	1
50	S4	1	1
50	N22	1	1
50	N21	1	1
50	N20	1	1
50	N18	1	1
50	N13	1	1
50	N5	1	1
50	N1	1	0.997
51	S20	1	1
51	S21	1	1
51	N4	1	1
51	S22	1	1
51	N3	1	1
51	S23	1	1
51	N2	1	1
51	S12	1	1
51	S14	1	1
51	N10	1	1
51	S13	1	1
51	N9	1	1
51	S18	1	1
51	S19	1	1
51	N11	1	1
51	N8	1	1
51	S15	1	1
51	N7	1	1
51	S16	1	1
51	S17	1	1
51	N12	1	1
51	N6	1	1
51	S9	1	1
51	S11	1	1
51	N17	1	1
51	S10	1	1
51	N16	1	1
51	S8	1	1
51	N15	1	1
51	S7	1	1
51	N14	1	1
51	S5	1	1
51	S6	1	1
51	N19	1	1
51	S3	1	1
51	S2	1	1
51	S1	1	1
51	S4	1	1
51	N22	1	1
51	N21	1	1
51	N20	1	1
51	N18	1	1
51	N13	1	1
51	N5	1	1
51	N1	1	0.997
52	S20	1	1
52	S21	1	1
52	N4	1	1
52	S22	1	1
52	N3	1	1
52	S23	1	1
52	N2	1	1
52	S12	1	1
52	S14	1	1
52	N10	1	1
52	S13	1	1
52	N9	1	1
52	S18	1	1
52	S19	1	1
52	N11	1	1
52	N8	1	1
52	S15	1	1
52	N7	1	1
52	S16	1	1
52	S17	1	1
52	N12	1	1
52	N6	1	1
52	S9	1	1
52	S11	1	1
52	N17	1	1
52	S10	1	1
52	N16	1	1
52	S8	1	1
52	N15	1	1
52	S7	1	1
52	N14	1	1
52	S5	1	1
52	S6	1	1
52	N19	1	1
52	S3	1	1
52	S2	1	1
52	S1	1	1
52	S4	1	1
52	N22	1	1
52	N21	1	1
52	N20	1	1
52	N18	1	1
52	N13	1	1
52	N5	1	1
52	N1	1	0.997
53	S20	1	1
53	S21	1	1
53	N4	1	1
53	S22	1	1
53	N3	1	1
53	S23	1	1
53	N2	1	0.9999
53	S12	1	1
53	S14	1	1
53	N10	1	1
53	S13	1	1
53	N9	1	1
53	S18	1	1
53	S19	1	1
53	N11	1	1
53	N8	1	1
53	S15	1	1
53	N7	1	1
53	S16	1	1
53	S17	1	1
53	N12	1	1
53	N6	1	1
53	S9	1	1
53	S11	1	1
53	N17	1	1
53	S10	1	1
53	N16	1	1
53	S8	1	1
53	N15	1	1
53	S7	1	0
53	N14	1	0.9909
53	S5	1	1
53	S6	1	1
53	N19	1	1
53	S3	1	1
53	S2	1	1
53	S1	1	1
53	S4	1	1
53	N22	1	1
53	N21	1	1
53	N20	1	1
53	N18	1	1
53	N13	1	0.9993
53	N5	1	0.9996
53	N1	1	0.9872
54	S20	1	1
54	S21	1	1
54	N4	1	1
54	S22	1	1
54	N3	1	1
54	S23	1	1
54	N2	1	0.9984
54	S12	1	0
54	S14	1	0
54	N10	1	3.874e-14
54	S13	1	0
54	N9	1	1.404e-12
54	S18	1	1
54	S19	1	1
54	N11	1	0.956
54	N8	1	0.0002939
54	S15	1	0
54	N7	1	2.188e-06
54	S16	1	0
54	S17	1	0
54	N12	1	4.133e-08
54	N6	1	1.706e-07
54	S9	1	0
54	S11	1	0
54	N17	1	4.883e-08
54	S10	1	0
54	N16	1	2.145e-09
54	S8	1	0
54	N15	1	9.227e-09
54	S7	1	0
54	N14	1	6.42e-07
54	S5	1	0
54	S6	1	0
54	N19	1	3.257e-07
54	S3	1	0
54	S2	1	0
54	S1	1	0
54	S4	1	0
54	N22	1	9.755e-09
54	N21	1	1.823e-09
54	N20	1	2.91e-08
54	N18	1	9.451e-07
54	N13	1	3.167e-06
54	N5	1	0.0002914
54	N1	1	0.5272
55	S20	1	1
55	S21	1	1
55	N4	1	1
55	S22	1	1
55	N3	1	1
55	S23	1	1
55	N2	1	1
55	S12	1	1
55	S14	1	1
55	N10	1	1
55	S13	1	1
55	N9	1	1
55	S18	1	1
55	S19	1	1
55	N11	1	1
55	N8	1	1
55	S15	1	1
55	N7	1	1
55	S16	1	1
55	S17	1	1
55	N12	1	1
55	N6	1	1
55	S9	1	1
55	S11	1	1
55	N17	1	1
55	S10	1	1
55	N16	1	1
55	S8	1	1
55	N15	1	1
55	S7	1	1
55	N14	1	1
55	S5	1	1
55	S6	1	1
55	N19	1	1
55	S3	1	1
55	S2	1	1
55	S1	1	1
55	S4	1	1
55	N22	1	1
55	N21	1	1
55	N20	1	1
55	N18	1	1
55	N13	1	1
55	N5	1	1
55	N1	1	0.997
56	S20	1	1
56	S21	1	1
56	N4	1	1
56	S22	1	1
56	N3	1	1
56	S23	1	1
56	N2	1	0.9999
56	S12	1	1
56	S14	1	1
56	N10	1	1
56	S13	1	1
56	N9	1	1
56	S18	1	1
56	S19	1	1
56	N11	1	1
56	N8	1	1
56	S15	1	1
56	N7	1	1
56	S16	1	1
56	S17	1	1
56	N12	1	1
56	N6	1	1
56	S9	1	1
56	S11	1	1
56	N17	1	1
56	S10	1	1
56	N16	1	1
56	S8	1	1
56	N15	1	1
56	S7	1	1
56	N14	1	0.9993
56	S5	1	0
56	S6	1	0
56	N19	1	2.154e-05
56	S3	1	0
56	S2	1	0
56	S1	1	0
56	S4	1	0
56	N22	1	8.832e-09
56	N21	1	2.723e-09
56	N20	1	2.16e-07
56	N18	1	0.002356
56	N13	1	0.9847
56	N5	1	0.9919
56	N1	1	0.9839
57	S20	1	0.9751
57	S21	1	0.9749
57	N4	1	0.9754
57	S22	1	0.975
57	N3	1	0.9756
57	S23	1	0.9751
57	N2	1	0.9762
57	S12	1	0.9942
57	S14	1	0.9938
57	N10	1	0.9942
57	S13	1	0.9942
57	N9	1	0.9942
57	S18	1	0.9935
57	S19	1	0.9925
57	N11	1	0.994
57	N8	1	0.9944
57	S15	1	0.9942
57	N7	1	0.9945
57	S16	1	0.9944
57	S17	1	0.9942
57	N12	1	0.995
57	N6	1	0.9952
57	S9	1	0.995
57	S11	1	0.9947
57	N17	1	0.9959
57	S10	1	0.9953
57	N16	1	0.996
57	S8	1	0.9956
57	N15	1	0.996
57	S7	1	0.9951
57	N14	1	0.997
57	S5	1	1
57	S6	1	1
57	N19	1	1
57	S3	1	1
57	S2	1	1
57	S1	1	1
57	S4	1	1
57	N22	1	1
57	N21	1	1
57	N20	1	1
57	N18	1	1
57	N13	1	0.9979
57	N5	1	0.9971
57	N1	1	0.9856
58	S20	1	0.9751
58	S21	1	0.9749
58	N4	1	0.9754
58	S22	1	0.975
58	N3	1	0.9756
58	S23	1	0.9751
58	N2	1	0.9762
58	S12	1	0.9942
58	S14	1	0.9938
58	N10	1	0.9942
58	S13	1	0.9942
58	N9	1	0.9942
58	S18	1	0.9935
58	S19	1	0.9925
58	N11	1	0.994
58	N8	1	0.9944
58	S15	1	0.9942
58	N7	1	0.9945
58	S16	1	0.9944
58	S17	1	0.9942
58	N12	1	0.995
58	N6	1	0.9952
58	S9	1	0.995
58	S11	1	0.9947
58	N17	1	0.9959
58	S10	1	0.9953
58	N16	1	0.996
58	S8	1	0.9956
58	N15	1	0.996
58	S7	1	0.9951
58	N14	1	0.997
58	S5	1	1
58	S6	1	1
58	N19	1	1
58	S3	1	1
58	S2	1	1
58	S1	1	1
58	S4	1	1
58	N22	1	1
58	N21	1	1
58	N20	1	1
58	N18	1	1
58	N13	1	0.9979
58	N5	1	0.9971
58	N1	1	0.9856
59	S20	1	1
59	S21	1	1
59	N4	1	1
59	S22	1	1
59	N3	1	1
59	S23	1	1
59	N2	1	1
59	S12	1	1
59	S14	1	1
59	N10	1	1
59	S13	1	1
59	N9	1	1
59	S18	1	1
59	S19	1	1
59	N11	1	1
59	N8	1	1
59	S15	1	1
59	N7	1	1
59	S16	1	1
59	S17	1	1
59	N12	1	1
59	N6	1	1
59	S9	1	1
59	S11	1	1
59	N17	1	1
59	S10	1	1
59	N16	1	1
59	S8	1	1
59	N15	1	1
59	S7	1	1
59	N14	1	1
59	S5	1	1
59	S6	1	1
59	N19	1	1
59	S3	1	1
59	S2	1	1
59	S1	1	1
59	S4	1	1
59	N22	1	1
59	N21	1	1
59	N20	1	1
59	N18	1	1
59	N13	1	1
59	N5	1	1
59	N1	1	0.997
60	S20	1	1
60	S21	1	1
60	N4	1	1
60	S22	1	1
60	N3	1	1
60	S23	1	1
60	N2	1	0.9984
60	S12	1	0
60	S14	1	0
60	N10	1	3.874e-14
60	S13	1	0
60	N9	1	1.404e-12
60	S18	1	1
60	S19	1	1
60	N11	1	0.956
60	N8	1	0.0002939
60	S15	1	0
60	N7	1	2.188e-06
60	S16	1	0
60	S17	1	0
60	N12	1	4.133e-08
60	N6	1	1.706e-07
60	S9	1	0
60	S11	1	0
60	N17	1	4.883e-08
60	S10	1	0
60	N16	1	2.145e-09
60	S8	1	0
60	N15	1	9.227e-09
60	S7	1	0
60	N14	1	6.42e-07
60	S5	1	0
60	S6	1	0
60	N19	1	3.257e-07
60	S3	1	0
60	S2	1	0
60	S1	1	0
60	S4	1	0
60	N22	1	9.755e-09
60	N21	1	1.823e-09
60	N20	1	2.91e-08
60	N18	1	9.451e-07
60	N13	1	3.167e-06
60	N5	1	0.0002914
60	N1	1	0.5272
61	S20	1	0.9774
61	S21	1	0.9772
61	N4	1	0.9777
61	S22	1	0.9773
61	N3	1	0.9779
61	S23	1	0.9774
61	N2	1	0.9785
61	S12	1	1
61	S14	1	1
61	N10	1	1
61	S13	1	1
61	N9	1	1
61	S18	1	0.9991
61	S19	1	0.9979
61	N11	1	0.9996
61	N8	1	1
61	S15	1	1
61	N7	1	1
61	S16	1	1
61	S17	1	1
61	N12	1	1
61	N6	1	1
61	S9	1	1
61	S11	1	1
61	N17	1	1
61	S10	1	1
61	N16	1	1
61	S8	1	1
61	N15	1	1
61	S7	1	1
61	N14	1	1
61	S5	1	1
61	S6	1	1
61	N19	1	1
61	S3	1	1
61	S2	1	1
61	S1	1	1
61	S4	1	1
61	N22	1	1
61	N21	1	1
61	N20	1	1
61	N18	1	1
61	N13	1	1
61	N5	1	1
61	N1	1	0.9882
62	S20	1	1
62	S21	1	1
62	N4	1	1
62	S22	1	1
62	N3	1	1
62	S23	1	1
62	N2	1	1
62	S12	1	1
62	S14	1	1
62	N10	1	1
62	S13	1	1
62	N9	1	1
62	S18	1	1
62	S19	1	1
62	N11	1	1
62	N8	1	1
62	S15	1	1
62	N7	1	1
62	S16	1	1
62	S17	1	1
62	N12	1	1
62	N6	1	1
62	S9	1	1
62	S11	1	1
62	N17	1	1
62	S10	1	1
62	N16	1	1
62	S8	1	1
62	N15	1	1
62	S7	1	1
62	N14	1	1
62	S5	1	1
62	S6	1	1
62	N19	1	1
62	S3	1	1
62	S2	1	1
62	S1	1	1
62	S4	1	1
62	N22	1	1
62	N21	1	1
62	N20	1	1
62	N18	1	1
62	N13	1	1
62	N5	1	1
62	N1	1	0.997
63	S20	1	1
63	S21	1	1
63	N4	1	1
63	S22	1	1
63	N3	1	1
63	S23	1	1
63	N2	1	1
63	S12	1	1
63	S14	1	1
63	N10	1	1
63	S13	1	1
63	N9	1	1
63	S18	1	1
63	S19	1	1
63	N11	1	1
63	N8	1	1
63	S15	1	1
63	N7	1	1
63	S16	1	1
63	S17	1	1
63	N12	1	1
63	N6	1	1
63	S9	1	1
63	S11	1	1
63	N17	1	1
63	S10	1	1
63	N16	1	1
63	S8	1	1
63	N15	1	1
63	S7	1	1
63	N14	1	1
63	S5	1	1
63	S6	1	1
63	N19	1	1
63	S3	1	1
63	S2	1	1
63	S1	1	1
63	S4	1	1
63	N22	1	1
63	N21	1	1
63	N20	1	1
63	N18	1	1
63	N13	1	1
63	N5	1	1
63	N1	1	0.997
64	S20	1	1
64	S21	1	1
64	N4	1	1
64	S22	1	1
64	N3	1	1
64	S23	1	1
64	N2	1	1
64	S12	1	1
64	S14	1	1
64	N10	1	1
64	S13	1	1
64	N9	1	1
64	S18	1	1
64	S19	1	1
64	N11	1	1
64	N8	1	1
64	S15	1	1
64	N7	1	1
64	S16	1	1
64	S17	1	1
64	N12	1	1
64	N6	1	1
64	S9	1	1
64	S11	1	1
64	N17	1	1
64	S10	1	1
64	N16	1	1
64	S8	1	1
64	N15	1	1
64	S7	1	1
64	N14	1	1
64	S5	1	1
64	S6	1	1
64	N19	1	1
64	S3	1	1
64	S2	1	1
64	S1	1	1
64	S4	1	1
64	N22	1	1
64	N21	1	1
64	N20	1	1
64	N18	1	1
64	N13	1	1
64	N5	1	1
64	N1	1	0.997
65	S20	1	1
65	S21	1	1
65	N4	1	1
65	S22	1	1
65	N3	1	1
65	S23	1	1
65	N2	1	1
65	S12	1	1
65	S14	1	1
65	N10	1	1
65	S13	1	1
65	N9	1	1
65	S18	1	1
65	S19	1	1
65	N11	1	1
65	N8	1	1
65	S15	1	1
65	N7	1	1
65	S16	1	1
65	S17	1	1
65	N12	1	1
65	N6	1	1
65	S9	1	1
65	S11	1	1
65	N17	1	1
65	S10	1	1
65	N16	1	1
65	S8	1	1
65	N15	1	1
65	S7	1	1
65	N14	1	1
65	S5	1	1
65	S6	1	1
65	N19	1	1
65	S3	1	1
65	S2	1	1
65	S1	1	1
65	S4	1	1
65	N22	1	1
65	N21	1	1
65	N20	1	1
65	N18	1	1
65	N13	1	1
65	N5	1	1
65	N1	1	0.997
66	S20	1	1
66	S21	1	1
66	N4	1	1
66	S22	1	1
66	N3	1	1
66	S23	1	1
66	N2	1	1
66	S12	1	1
66	S14	1	1
66	N10	1	1
66	S13	1	1
66	N9	1	1
66	S18	1	1
66	S19	1	1
66	N11	1	1
66	N8	1	1
66	S15	1	1
66	N7	1	1
66	S16	1	1
66	S17	1	1
66	N12	1	1
66	N6	1	1
66	S9	1	1
66	S11	1	1
66	N17	1	1
66	S10	1	1
66	N16	1	1
66	S8	1	1
66	N15	1	1
66	S7	1	1
66	N14	1	1
66	S5	1	1
66	S6	1	1
66	N19	1	1
66	S3	1	1
66	S2	1	1
66	S1	1	1
66	S4	1	1
66	N22	1	1
66	N21	1	1
66	N20	1	1
66	N18	1	1
66	N13	1	1
66	N5	1	1
66	N1	1	0.997
67	S20	1	1
67	S21	1	1
67	N4	1	1
67	S22	1	1
67	N3	1	1
67	S23	1	1
67	N2	1	1
67	S12	1	1
67	S14	1	1
67	N10	1	1
67	S13	1	1
67	N9	1	1
67	S18	1	1
67	S19	1	1
67	N11	1	1
67	N8	1	1
67	S15	1	1
67	N7	1	1
67	S16	1	1
67	S17	1	1
67	N12	1	1
67	N6	1	1
67	S9	1	1
67	S11	1	1
67	N17	1	1
67	S10	1	1
67	N16	1	1
67	S8	1	1
67	N15	1	1
67	S7	1	1
67	N14	1	1
67	S5	1	1
67	S6	1	1
67	N19	1	1
67	S3	1	1
67	S2	1	1
67	S1	1	1
67	S4	1	1
67	N22	1	1
67	N21	1	1
67	N20	1	1
67	N18	1	1
67	N13	1	1
67	N5	1	1
67	N1	1	0.997
68	S20	1	1
68	S21	1	1
68	N4	1	1
68	S22	1	1
68	N3	1	1
68	S23	1	1
68	N2	1	1
68	S12	1	1
68	S14	1	1
68	N10	1	1
68	S13	1	1
68	N9	1	1
68	S18	1	1
68	S19	1	1
68	N11	1	1
68	N8	1	1
68	S15	1	1
68	N7	1	1
68	S16	1	1
68	S17	1	1
68	N12	1	1
68	N6	1	1
68	S9	1	1
68	S11	1	1
68	N17	1	1
68	S10	1	1
68	N16	1	1
68	S8	1	1
68	N15	1	1
68	S7	1	1
68	N14	1	1
68	S5	1	1
68	S6	1	1
68	N19	1	1
68	S3	1	1
68	S2	1	1
68	S1	1	1
68	S4	1	1
68	N22	1	1
68	N21	1	1
68	N20	1	1
68	N18	1	1
68	N13	1	1
68	N5	1	1
68	N1	1	0.997
69	S20	1	1
69	S21	1	1
69	N4	1	1
69	S22	1	1
69	N3	1	1
69	S23	1	1
69	N2	1	1
69	S12	1	1
69	S14	1	1
69	N10	1	1
69	S13	1	1
69	N9	1	1
69	S18	1	1
69	S19	1	1
69	N11	1	1
69	N8	1	1
69	S15	1	1
69	N7	1	1
69	S16	1	1
69	S17	1	1
69	N12	1	1
69	N6	1	1
69	S9	1	1
69	S11	1	1
69	N17	1	1
69	S10	1	1
69	N16	1	1
69	S8	1	1
69	N15	1	1
69	S7	1	1
69	N14	1	1
69	S5	1	1
69	S6	1	1
69	N19	1	1
69	S3	1	1
69	S2	1	1
69	S1	1	1
69	S4	1	1
69	N22	1	1
69	N21	1	1
69	N20	1	1
69	N18	1	1
69	N13	1	1
69	N5	1	1
69	N1	1	0.997
70	S20	1	1
70	S21	1	1
70	N4	1	1
70	S22	1	1
70	N3	1	1
70	S23	1	1
70	N2	1	1
70	S12	1	1
70	S14	1	1
70	N10	1	1
70	S13	1	1
70	N9	1	1
70	S18	1	1
70	S19	1	1
70	N11	1	1
70	N8	1	1
70	S15	1	1
70	N7	1	1
70	S16	1	1
70	S17	1	1
70	N12	1	1
70	N6	1	1
70	S9	1	1
70	S11	1	1
70	N17	1	1
70	S10	1	1
70	N16	1	1
70	S8	1	1
70	N15	1	1
70	S7	1	1
70	N14	1	1
70	S5	1	1
70	S6	1	1
70	N19	1	1
70	S3	1	1
70	S2	1	1
70	S1	1	1
70	S4	1	1
70	N22	1	1
70	N21	1	1
70	N20	1	1
70	N18	1	1
70	N13	1	1
70	N5	1	1
70	N1	1	0.997
71	S20	1	1
71	S21	1	1
71	N4	1	1
71	S22	1	1
71	N3	1	1
71	S23	1	1
71	N2	1	1
71	S12	1	1
71	S14	1	1
71	N10	1	1
71	S13	1	1
71	N9	1	1
71	S18	1	1
71	S19	1	1
71	N11	1	1
71	N8	1	1
71	S15	1	1
71	N7	1	1
71	S16	1	1
71	S17	1	1
71	N12	1	1
71	N6	1	1
71	S9	1	1
71	S11	1	1
71	N17	1	1
71	S10	1	1
71	N16	1	1
71	S8	1	1
71	N15	1	1
71	S7	1	1
71	N14	1	1
71	S5	1	1
71	S6	1	1
71	N19	1	1
71	S3	1	1
71	S2	1	1
71	S1	1	1
71	S4	1	1
71	N22	1	1
71	N21	1	1
71	N20	1	1
71	N18	1	1
71	N13	1	1
71	N5	1	1
71	N1	1	0.997
72	S20	1	1
72	S21	1	1
72	N4	1	1
72	S22	1	1
72	N3	1	1
72	S23	1	1
72	N2	1	1
72	S12	1	1
72	S14	1	1
72	N10	1	1
72	S13	1	1
72	N9	1	1
72	S18	1	1
72	S19	1	1
72	N11	1	1
72	N8	1	1
72	S15	1	1
72	N7	1	1
72	S16	1	1
72	S17	1	1
72	N12	1	1
72	N6	1	1
72	S9	1	1
72	S11	1	1
72	N17	1	1
72	S10	1	1
72	N16	1	1
72	S8	1	1
72	N15	1	1
72	S7	1	1
72	N14	1	1
72	S5	1	1
72	S6	1	1
72	N19	1	1
72	S3	1	1
72	S2	1	1
72	S1	1	1
72	S4	1	1
72	N22	1	1
72	N21	1	1
72	N20	1	1
72	N18	1	1
72	N13	1	1
72	N5	1	1
72	N1	1	0.997
73	S20	1	1
73	S21	1	1
73	N4	1	1
73	S22	1	1
73	N3	1	1
73	S23	1	1
73	N2	1	1
73	S12	1	1
73	S14	1	1
73	N10	1	1
73	S13	1	1
73	N9	1	1
73	S18	1	1
73	S19	1	1
73	N11	1	1
73	N8	1	1
73	S15	1	1
73	N7	1	1
73	S16	1	1
73	S17	1	1
73	N12	1	1
73	N6	1	1
73	S9	1	1
73	S11	1	1
73	N17	1	1
73	S10	1	1
73	N16	1	1
73	S8	1	1
73	N15	1	1
73	S7	1	1
73	N14	1	1
73	S5	1	1
73	S6	1	1
73	N19	1	1
73	S3	1	1
73	S2	1	1
73	S1	1	1
73	S4	1	1
73	N22	1	1
73	N21	1	1
73	N20	1	1
73	N18	1	1
73	N13	1	1
73	N5	1	1
73	N1	1	0.997
74	S20	1	1
74	S21	1	1
74	N4	1	1
74	S22	1	1
74	N3	1	1
74	S23	1	1
74	N2	1	1
74	S12	1	1
74	S14	1	1
74	N10	1	1
74	S13	1	1
74	N9	1	1
74	S18	1	1
74	S19	1	1
74	N11	1	1
74	N8	1	1
74	S15	1	1
74	N7	1	1
74	S16	1	1
74	S17	1	1
74	N12	1	1
74	N6	1	1
74	S9	1	1
74	S11	1	1
74	N17	1	1
74	S10	1	1
74	N16	1	1
74	S8	1	1
74	N15	1	1
74	S7	1	1
74	N14	1	1
74	S5	1	1
74	S6	1	1
74	N19	1	1
74	S3	1	1
74	S2	1	1
74	S1	1	1
74	S4	1	1
74	N22	1	1
74	N21	1	1
74	N20	1	1
74	N18	1	1
74	N13	1	1
74	N5	1	1
74	N1	1	0.997
75	S20	1	1
75	S21	1	1
75	N4	1	1
75	S22	1	1
75	N3	1	1
75	S23	1	1
75	N2	1	1
75	S12	1	1
75	S14	1	1
75	N10	1	1
75	S13	1	1
75	N9	1	1
75	S18	1	1
75	S19	1	1
75	N11	1	1
75	N8	1	1
75	S15	1	1
75	N7	1	1
75	S16	1	1
75	S17	1	1
75	N12	1	1
75	N6	1	1
75	S9	1	1
75	S11	1	1
75	N17	1	1
75	S10	1	1
75	N16	1	1
75	S8	1	1
75	N15	1	1
75	S7	1	1
75	N14	1	1
75	S5	1	1
75	S6	1	1
75	N19	1	1
75	S3	1	1
75	S2	1	1
75	S1	1	1
75	S4	1	1
75	N22	1	1
75	N21	1	1
75	N20	1	1
75	N18	1	1
75	N13	1	1
75	N5	1	1
75	N1	1	0.997
76	S20	1	1
76	S21	1	1
76	N4	1	1
76	S22	1	1
76	N3	1	1
76	S23	1	1
76	N2	1	1
76	S12	1	1
76	S14	1	1
76	N10	1	1
76	S13	1	1
76	N9	1	1
76	S18	1	1
76	S19	1	1
76	N11	1	1
76	N8	1	1
76	S15	1	1
76	N7	1	1
76	S16	1	1
76	S17	1	1
76	N12	1	1
76	N6	1	1
76	S9	1	1
76	S11	1	1
76	N17	1	1
76	S10	1	1
76	N16	1	1
76	S8	1	1
76	N15	1	1
76	S7	1	1
76	N14	1	1
76	S5	1	1
76	S6	1	1
76	N19	1	1
76	S3	1	1
76	S2	1	1
76	S1	1	1
76	S4	1	1
76	N22	1	1
76	N21	1	1
76	N20	1	1
76	N18	1	1
76	N13	1	1
76	N5	1	1
76	N1	1	0.997
77	S20	1	1
77	S21	1	1
77	N4	1	1
77	S22	1	1
77	N3	1	1
77	S23	1	1
77	N2	1	1
77	S12	1	1
77	S14	1	1
77	N10	1	1
77	S13	1	1
77	N9	1	1
77	S18	1	1
77	S19	1	1
77	N11	1	1
77	N8	1	1
77	S15	1	1
77	N7	1	1
77	S16	1	1
77	S17	1	1
77	N12	1	1
77	N6	1	1
77	S9	1	1
77	S11	1	1
77	N17	1	1
77	S10	1	1
77	N16	1	1
77	S8	1	1
77	N15	1	1
77	S7	1	1
77	N14	1	1
77	S5	1	1
77	S6	1	1
77	N19	1	1
77	S3	1	1
77	S2	1	1
77	S1	1	1
77	S4	1	1
77	N22	1	1
77	N21	1	1
77	N20	1	1
77	N18	1	1
77	N13	1	1
77	N5	1	1
77	N1	1	0.997
78	S20	1	1
78	S21	1	1
78	N4	1	1
78	S22	1	1
78	N3	1	1
78	S23	1	1
78	N2	1	1
78	S12	1	1
78	S14	1	1
78	N10	1	1
78	S13	1	1
78	N9	1	1
78	S18	1	1
78	S19	1	1
78	N11	1	1
78	N8	1	1
78	S15	1	1
78	N7	1	1
78	S16	1	1
78	S17	1	1
78	N12	1	1
78	N6	1	1
78	S9	1	1
78	S11	1	1
78	N17	1	1
78	S10	1	1
78	N16	1	1
78	S8	1	1
78	N15	1	1
78	S7	1	1
78	N14	1	1
78	S5	1	1
78	S6	1	1
78	N19	1	1
78	S3	1	1
78	S2	1	1
78	S1	1	1
78	S4	1	1
78	N22	1	1
78	N21	1	1
78	N20	1	1
78	N18	1	1
78	N13	1	1
78	N5	1	1
78	N1	1	0.997
79	S20	1	1
79	S21	1	1
79	N4	1	1
79	S22	1	1
79	N3	1	1
79	S23	1	1
79	N2	1	1
79	S12	1	1
79	S14	1	1
79	N10	1	1
79	S13	1	1
79	N9	1	1
79	S18	1	1
79	S19	1	1
79	N11	1	1
79	N8	1	1
79	S15	1	1
79	N7	1	1
79	S16	1	1
79	S17	1	1
79	N12	1	1
79	N6	1	1
79	S9	1	1
79	S11	1	1
79	N17	1	1
79	S10	1	1
79	N16	1	1
79	S8	1	1
79	N15	1	1
79	S7	1	1
79	N14	1	1
79	S5	1	1
79	S6	1	1
79	N19	1	1
79	S3	1	1
79	S2	1	1
79	S1	1	1
79	S4	1	1
79	N22	1	1
79	N21	1	1
79	N20	1	1
79	N18	1	1
79	N13	1	1
79	N5	1	1
79	N1	1	0.997
80	S20	1	1
80	S21	1	1
80	N4	1	1
80	S22	1	1
80	N3	1	1
80	S23	1	1
80	N2	1	1
80	S12	1	1
80	S14	1	1
80	N10	1	1
80	S13	1	1
80	N9	1	1
80	S18	1	1
80	S19	1	1
80	N11	1	1
80	N8	1	1
80	S15	1	1
80	N7	1	1
80	S16	1	1
80	S17	1	1
80	N12	1	1
80	N6	1	1
80	S9	1	1
80	S11	1	1
80	N17	1	1
80	S10	1	1
80	N16	1	1
80	S8	1	1
80	N15	1	1
80	S7	1	1
80	N14	1	1
80	S5	1	1
80	S6	1	1
80	N19	1	1
80	S3	1	1
80	S2	1	1
80	S1	1	1
80	S4	1	1
80	N22	1	1
80	N21	1	1
80	N20	1	1
80	N18	1	1
80	N13	1	1
80	N5	1	1
80	N1	1	0.997
81	S20	1	1
81	S21	1	1
81	N4	1	1
81	S22	1	1
81	N3	1	1
81	S23	1	1
81	N2	1	1
81	S12	1	1
81	S14	1	1
81	N10	1	1
81	S13	1	1
81	N9	1	1
81	S18	1	1
81	S19	1	1
81	N11	1	1
81	N8	1	1
81	S15	1	1
81	N7	1	1
81	S16	1	1
81	S17	1	1
81	N12	1	1
81	N6	1	1
81	S9	1	1
81	S11	1	1
81	N17	1	1
81	S10	1	1
81	N16	1	1
81	S8	1	1
81	N15	1	1
81	S7	1	1
81	N14	1	1
81	S5	1	1
81	S6	1	1
81	N19	1	1
81	S3	1	1
81	S2	1	1
81	S1	1	1
81	S4	1	1
81	N22	1	1
81	N21	1	1
81	N20	1	1
81	N18	1	1
81	N13	1	1
81	N5	1	1
81	N1	1	0.997
82	S20	1	1
82	S21	1	1
82	N4	1	1
82	S22	1	1
82	N3	1	1
82	S23	1	1
82	N2	1	1
82	S12	1	1
82	S14	1	1
82	N10	1	1
82	S13	1	1
82	N9	1	1
82	S18	1	1
82	S19	1	1
82	N11	1	1
82	N8	1	1
82	S15	1	1
82	N7	1	1
82	S16	1	1
82	S17	1	1
82	N12	1	1
82	N6	1	1
82	S9	1	1
82	S11	1	1
82	N17	1	1
82	S10	1	1
82	N16	1	1
82	S8	1	1
82	N15	1	1
82	S7	1	1
82	N14	1	1
82	S5	1	1
82	S6	1	1
82	N19	1	1
82	S3	1	1
82	S2	1	1
82	S1	1	1
82	S4	1	1
82	N22	1	1
82	N21	1	1
82	N20	1	1
82	N18	1	1
82	N13	1	1
82	N5	1	1
82	N1	1	0.997
83	S20	1	1
83	S21	1	1
83	N4	1	1
83	S22	1	1
83	N3	1	1
83	S23	1	1
83	N2	1	1
83	S12	1	1
83	S14	1	1
83	N10	1	1
83	S13	1	1
83	N9	1	1
83	S18	1	1
83	S19	1	1
83	N11	1	1
83	N8	1	1
83	S15	1	1
83	N7	1	1
83	S16	1	1
83	S17	1	1
83	N12	1	1
83	N6	1	1
83	S9	1	1
83	S11	1	1
83	N17	1	1
83	S10	1	1
83	N16	1	1
83	S8	1	1
83	N15	1	1
83	S7	1	1
83	N14	1	1
83	S5	1	1
83	S6	1	1
83	N19	1	1
83	S3	1	1
83	S2	1	1
83	S1	1	1
83	S4	1	1
83	N22	1	1
83	N21	1	1
83	N20	1	1
83	N18	1	1
83	N13	1	1
83	N5	1	1
83	N1	1	0.997
84	S20	1	1
84	S21	1	1
84	N4	1	1
84	S22	1	1
84	N3	1	1
84	S23	1	1
84	N2	1	1
84	S12	1	1
84	S14	1	1
84	N10	1	1
84	S13	1	1
84	N9	1	1
84	S18	1	1
84	S19	1	1
84	N11	1	1
84	N8	1	1
84	S15	1	1
84	N7	1	1
84	S16	1	1
84	S17	1	1
84	N12	1	1
84	N6	1	1
84	S9	1	1
84	S11	1	1
84	N17	1	1
84	S10	1	1
84	N16	1	1
84	S8	1	1
84	N15	1	1
84	S7	1	1
84	N14	1	1
84	S5	1	1
84	S6	1	1
84	N19	1	1
84	S3	1	1
84	S2	1	1
84	S1	1	1
84	S4	1	1
84	N22	1	1
84	N21	1	1
84	N20	1	1
84	N18	1	1
84	N13	1	1
84	N5	1	1
84	N1	1	0.997
85	S20	1	1
85	S21	1	1
85	N4	1	1
85	S22	1	1
85	N3	1	1
85	S23	1	1
85	N2	1	1
85	S12	1	1
85	S14	1	1
85	N10	1	1
85	S13	1	1
85	N9	1	1
85	S18	1	1
85	S19	1	1
85	N11	1	1
85	N8	1	1
85	S15	1	1
85	N7	1	1
85	S16	1	1
85	S17	1	1
85	N12	1	1
85	N6	1	1
85	S9	1	1
85	S11	1	1
85	N17	1	1
85	S10	1	1
85	N16	1	1
85	S8	1	1
85	N15	1	1
85	S7	1	1
85	N14	1	1
85	S5	1	1
85	S6	1	1
85	N19	1	1
85	S3	1	1
85	S2	1	1
85	S1	1	1
85	S4	1	1
85	N22	1	1
85	N21	1	1
85	N20	1	1
85	N18	1	1
85	N13	1	1
85	N5	1	1
85	N1	1	0.997
86	S20	1	1
86	S21	1	1
86	N4	1	1
86	S22	1	1
86	N3	1	1
86	S23	1	1
86	N2	1	1
86	S12	1	1
86	S14	1	1
86	N10	1	1
86	S13	1	1
86	N9	1	1
86	S18	1	1
86	S19	1	1
86	N11	1	1
86	N8	1	1
86	S15	1	1
86	N7	1	1
86	S16	1	1
86	S17	1	1
86	N12	1	1
86	N6	1	1
86	S9	1	1
86	S11	1	1
86	N17	1	1
86	S10	1	1
86	N16	1	1
86	S8	1	1
86	N15	1	1
86	S7	1	1
86	N14	1	1
86	S5	1	1
86	S6	1	1
86	N19	1	1
86	S3	1	1
86	S2	1	1
86	S1	1	1
86	S4	1	1
86	N22	1	1
86	N21	1	1
86	N20	1	1
86	N18	1	1
86	N13	1	1
86	N5	1	1
86	N1	1	0.997
87	S20	1	1
87	S21	1	1
87	N4	1	1
87	S22	1	1
87	N3	1	1
87	S23	1	1
87	N2	1	1
87	S12	1	1
87	S14	1	1
87	N10	1	1
87	S13	1	1
87	N9	1	1
87	S18	1	1
87	S19	1	1
87	N11	1	1
87	N8	1	1
87	S15	1	1
87	N7	1	1
87	S16	1	1
87	S17	1	1
87	N12	1	1
87	N6	1	1
87	S9	1	1
87	S11	1	1
87	N17	1	1
87	S10	1	1
87	N16	1	1
87	S8	1	1
87	N15	1	1
87	S7	1	1
87	N14	1	1
87	S5	1	1
87	S6	1	1
87	N19	1	1
87	S3	1	1
87	S2	1	1
87	S1	1	1
87	S4	1	1
87	N22	1	1
87	N21	1	1
87	N20	1	1
87	N18	1	1
87	N13	1	1
87	N5	1	1
87	N1	1	0.997
88	S20	1	1
88	S21	1	1
88	N4	1	1
88	S22	1	1
88	N3	1	1
88	S23	1	1
88	N2	1	1
88	S12	1	1
88	S14	1	1
88	N10	1	1
88	S13	1	1
88	N9	1	1
88	S18	1	1
88	S19	1	1
88	N11	1	1
88	N8	1	1
88	S15	1	1
88	N7	1	1
88	S16	1	1
88	S17	1	1
88	N12	1	1
88	N6	1	1
88	S9	1	1
88	S11	1	1
88	N17	1	1
88	S10	1	1
88	N16	1	1
88	S8	1	1
88	N15	1	1
88	S7	1	1
88	N14	1	1
88	S5	1	1
88	S6	1	1
88	N19	1	1
88	S3	1	1
88	S2	1	1
88	S1	1	1
88	S4	1	1
88	N22	1	1
88	N21	1	1
88	N20	1	1
88	N18	1	1
88	N13	1	1
88	N5	1	1
88	N1	1	0.997
89	S20	1	1
89	S21	1	1
89	N4	1	1
89	S22	1	1
89	N3	1	1
89	S23	1	1
89	N2	1	1
89	S12	1	1
89	S14	1	1
89	N10	1	1
89	S13	1	1
89	N9	1	1
89	S18	1	1
89	S19	1	1
89	N11	1	1
89	N8	1	1
89	S15	1	1
89	N7	1	1
89	S16	1	1
89	S17	1	1
89	N12	1	1
89	N6	1	1
89	S9	1	1
89	S11	1	1
89	N17	1	1
89	S10	1	1
89	N16	1	1
89	S8	1	1
89	N15	1	1
89	S7	1	1
89	N14	1	1
89	S5	1	1
89	S6	1	1
89	N19	1	1
89	S3	1	1
89	S2	1	1
89	S1	1	1
89	S4	1	1
89	N22	1	1
89	N21	1	1
89	N20	1	1
89	N18	1	1
89	N13	1	1
89	N5	1	1
89	N1	1	0.997
90	S20	1	1
90	S21	1	1
90	N4	1	1
90	S22	1	1
90	N3	1	1
90	S23	1	1
90	N2	1	1
90	S12	1	1
90	S14	1	1
90	N10	1	1
90	S13	1	1
90	N9	1	1
90	S18	1	1
90	S19	1	1
90	N11	1	1
90	N8	1	1
90	S15	1	1
90	N7	1	1
90	S16	1	1
90	S17	1	1
90	N12	1	1
90	N6	1	1
90	S9	1	1
90	S11	1	1
90	N17	1	1
90	S10	1	1
90	N16	1	1
90	S8	1	1
90	N15	1	1
90	S7	1	1
90	N14	1	1
90	S5	1	1
90	S6	1	1
90	N19	1	1
90	S3	1	1
90	S2	1	1
90	S1	1	1
90	S4	1	1
90	N22	1	1
90	N21	1	1
90	N20	1	1
90	N18	1	1
90	N13	1	1
90	N5	1	1
90	N1	1	0.997
91	S20	1	1
91	S21	1	1
91	N4	1	1
91	S22	1	1
91	N3	1	1
91	S23	1	1
91	N2	1	1
91	S12	1	1
91	S14	1	1
91	N10	1	1
91	S13	1	1
91	N9	1	1
91	S18	1	1
91	S19	1	1
91	N11	1	1
91	N8	1	1
91	S15	1	1
91	N7	1	1
91	S16	1	1
91	S17	1	1
91	N12	1	1
91	N6	1	1
91	S9	1	1
91	S11	1	1
91	N17	1	1
91	S10	1	1
91	N16	1	1
91	S8	1	1
91	N15	1	1
91	S7	1	1
91	N14	1	1
91	S5	1	1
91	S6	1	1
91	N19	1	1
91	S3	1	1
91	S2	1	1
91	S1	1	1
91	S4	1	1
91	N22	1	1
91	N21	1	1
91	N20	1	1
91	N18	1	1
91	N13	1	1
91	N5	1	1
91	N1	1	0.997
92	S20	1	1
92	S21	1	1
92	N4	1	1
92	S22	1	1
92	N3	1	1
92	S23	1	1
92	N2	1	1
92	S12	1	1
92	S14	1	1
92	N10	1	1
92	S13	1	1
92	N9	1	1
92	S18	1	1
92	S19	1	1
92	N11	1	1
92	N8	1	1
92	S15	1	1
92	N7	1	1
92	S16	1	1
92	S17	1	1
92	N12	1	1
92	N6	1	1
92	S9	1	1
92	S11	1	1
92	N17	1	1
92	S10	1	1
92	N16	1	1
92	S8	1	1
92	N15	1	1
92	S7	1	1
92	N14	1	1
92	S5	1	1
92	S6	1	1
92	N19	1	1
92	S3	1	1
92	S2	1	1
92	S1	1	1
92	S4	1	1
92	N22	1	1
92	N21	1	1
92	N20	1	1
92	N18	1	1
92	N13	1	1
92	N5	1	1
92	N1	1	0.997
93	S20	1	1
93	S21	1	1
93	N4	1	1
93	S22	1	1
93	N3	1	1
93	S23	1	1
93	N2	1	1
93	S12	1	1
93	S14	1	1
93	N10	1	1
93	S13	1	1
93	N9	1	1
93	S18	1	1
93	S19	1	1
93	N11	1	1
93	N8	1	1
93	S15	1	1
93	N7	1	1
93	S16	1	1
93	S17	1	1
93	N12	1	1
93	N6	1	1
93	S9	1	1
93	S11	1	1
93	N17	1	1
93	S10	1	1
93	N16	1	1
93	S8	1	1
93	N15	1	1
93	S7	1	1
93	N14	1	1
93	S5	1	1
93	S6	1	1
93	N19	1	1
93	S3	1	1
93	S2	1	1
93	S1	1	1
93	S4	1	1
93	N22	1	1
93	N21	1	1
93	N20	1	1
93	N18	1	1
93	N13	1	1
93	N5	1	1
93	N1	1	0.997
94	S20	1	1
94	S21	1	1
94	N4	1	1
94	S22	1	1
94	N3	1	1
94	S23	1	1
94	N2	1	1
94	S12	1	1
94	S14	1	1
94	N10	1	1
94	S13	1	1
94	N9	1	1
94	S18	1	1
94	S19	1	1
94	N11	1	1
94	N8	1	1
94	S15	1	1
94	N7	1	1
94	S16	1	1
94	S17	1	1
94	N12	1	1
94	N6	1	1
94	S9	1	1
94	S11	1	1
94	N17	1	1
94	S10	1	1
94	N16	1	1
94	S8	1	1
94	N15	1	1
94	S7	1	1
94	N14	1	1
94	S5	1	1
94	S6	1	1
94	N19	1	1
94	S3	1	1
94	S2	1	1
94	S1	1	1
94	S4	1	1
94	N22	1	1
94	N21	1	1
94	N20	1	1
94	N18	1	1
94	N13	1	1
94	N5	1	1
94	N1	1	0.997
95	S20	1	1
95	S21	1	1
95	N4	1	1
95	S22	1	1
95	N3	1	1
95	S23	1	1
95	N2	1	1
95	S12	1	1
95	S14	1	1
95	N10	1	1
95	S13	1	1
95	N9	1	1
95	S18	1	1
95	S19	1	1
95	N11	1	1
95	N8	1	1
95	S15	1	1
95	N7	1	1
95	S16	1	1
95	S17	1	1
95	N12	1	1
95	N6	1	1
95	S9	1	1
95	S11	1	1
95	N17	1	1
95	S10	1	1
95	N16	1	1
95	S8	1	1
95	N15	1	1
95	S7	1	1
95	N14	1	1
95	S5	1	1
95	S6	1	1
95	N19	1	1
95	S3	1	1
95	S2	1	1
95	S1	1	1
95	S4	1	1
95	N22	1	1
95	N21	1	1
95	N20	1	1
95	N18	1	1
95	N13	1	1
95	N5	1	1
95	N1	1	0.997
96	S20	1	1
96	S21	1	1
96	N4	1	1
96	S22	1	1
96	N3	1	1
96	S23	1	1
96	N2	1	1
96	S12	1	1
96	S14	1	1
96	N10	1	1
96	S13	1	1
96	N9	1	1
96	S18	1	1
96	S19	1	1
96	N11	1	1
96	N8	1	1
96	S15	1	1
96	N7	1	1
96	S16	1	1
96	S17	1	1
96	N12	1	1
96	N6	1	1
96	S9	1	1
96	S11	1	1
96	N17	1	1
96	S10	1	1
96	N16	1	1
96	S8	1	1
96	N15	1	1
96	S7	1	1
96	N14	1	1
96	S5	1	1
96	S6	1	1
96	N19	1	1
96	S3	1	1
96	S2	1	1
96	S1	1	1
96	S4	1	1
96	N22	1	1
96	N21	1	1
96	N20	1	1
96	N18	1	1
96	N13	1	1
96	N5	1	1
96	N1	1	0.997
97	S20	1	1
97	S21	1	1
97	N4	1	1
97	S22	1	1
97	N3	1	1
97	S23	1	1
97	N2	1	1
97	S12	1	1
97	S14	1	1
97	N10	1	1
97	S13	1	1
97	N9	1	1
97	S18	1	1
97	S19	1	1
97	N11	1	1
97	N8	1	1
97	S15	1	1
97	N7	1	1
97	S16	1	1
97	S17	1	1
97	N12	1	1
97	N6	1	1
97	S9	1	1
97	S11	1	1
97	N17	1	1
97	S10	1	1
97	N16	1	1
97	S8	1	1
97	N15	1	1
97	S7	1	1
97	N14	1	1
97	S5	1	1
97	S6	1	1
97	N19	1	1
97	S3	1	1
97	S2	1	1
97	S1	1	1
97	S4	1	1
97	N22	1	1
97	N21	1	1
97	N20	1	1
97	N18	1	1
97	N13	1	1
97	N5	1	1
97	N1	1	0.997
98	S20	1	1
98	S21	1	1
98	N4	1	1
98	S22	1	1
98	N3	1	1
98	S23	1	1
98	N2	1	1
98	S12	1	1
98	S14	1	1
98	N10	1	1
98	S13	1	1
98	N9	1	1
98	S18	1	1
98	S19	1	1
98	N11	1	1
98	N8	1	1
98	S15	1	1
98	N7	1	1
98	S16	1	1
98	S17	1	1
98	N12	1	1
98	N6	1	1
98	S9	1	1
98	S11	1	1
98	N17	1	1
98	S10	1	1
98	N16	1	1
98	S8	1	1
98	N15	1	1
98	S7	1	1
98	N14	1	1
98	S5	1	1
98	S6	1	1
98	N19	1	1
98	S3	1	1
98	S2	1	1
98	S1	1	1
98	S4	1	1
98	N22	1	1
98	N21	1	1
98	N20	1	1
98	N18	1	1
98	N13	1	1
98	N5	1	1
98	N1	1	0.997
99	S20	1	1
99	S21	1	1
99	N4	1	1
99	S22	1	1
99	N3	1	1
99	S23	1	1
99	N2	1	1
99	S12	1	1
99	S14	1	1
99	N10	1	1
99	S13	1	1
99	N9	1	1
99	S18	1	1
99	S19	1	1
99	N11	1	1
99	N8	1	1
99	S15	1	1
99	N7	1	1
99	S16	1	1
99	S17	1	1
99	N12	1	1
99	N6	1	1
99	S9	1	1
99	S11	1	1
99	N17	1	1
99	S10	1	1
99	N16	1	1
99	S8	1	1
99	N15	1	1
99	S7	1	1
99	N14	1	1
99	S5	1	1
99	S6	1	1
99	N19	1	1
99	S3	1	1
99	S2	1	1
99	S1	1	1
99	S4	1	1
99	N22	1	1
99	N21	1	1
99	N20	1	1
99	N18	1	1
99	N13	1	1
99	N5	1	1
99	N1	1	0.997
100	S20	1	1
100	S21	1	1
100	N4	1	1
100	S22	1	1
100	N3	1	1
100	S23	1	1
100	N2	1	1
100	S12	1	1
100	S14	1	1
100	N10	1	1
100	S13	1	1
100	N9	1	1
100	S18	1	1
100	S19	1	1
100	N11	1	1
100	N8	1	1
100	S15	1	1
100	N7	1	1
100	S16	1	1
100	S17	1	1
100	N12	1	1
100	N6	1	1
100	S9	1	1
100	S11	1	1
100	N17	1	1
100	S10	1	1
100	N16	1	1
100	S8	1	1
100	N15	1	1
100	S7	1	1
100	N14	1	1
100	S5	1	1
100	S6	1	1
100	N19	1	1
100	S3	1	1
100	S2	1	1
100	S1	1	1
100	S4	1	1
100	N22	1	1
100	N21	1	1
100	N20	1	1
100	N18	1	1
100	N13	1	1
100	N5	1	1
100	N1	1	0.997
101	S20	1	1
101	S21	1	1
101	N4	1	1
101	S22	1	1
101	N3	1	1
101	S23	1	1
101	N2	1	1
101	S12	1	1
101	S14	1	1
101	N10	1	1
101	S13	1	1
101	N9	1	1
101	S18	1	1
101	S19	1	1
101	N11	1	1
101	N8	1	1
101	S15	1	1
101	N7	1	1
101	S16	1	1
101	S17	1	1
101	N12	1	1
101	N6	1	1
101	S9	1	1
101	S11	1	1
101	N17	1	1
101	S10	1	1
101	N16	1	1
101	S8	1	1
101	N15	1	1
101	S7	1	1
101	N14	1	1
101	S5	1	1
101	S6	1	1
101	N19	1	1
101	S3	1	1
101	S2	1	1
101	S1	1	1
101	S4	1	1
101	N22	1	1
101	N21	1	1
101	N20	1	1
101	N18	1	1
101	N13	1	1
101	N5	1	1
101	N1	1	0.997
102	S20	1	1
102	S21	1	1
102	N4	1	1
102	S22	1	1
102	N3	1	1
102	S23	1	1
102	N2	1	1
102	S12	1	1
102	S14	1	1
102	N10	1	1
102	S13	1	1
102	N9	1	1
102	S18	1	1
102	S19	1	1
102	N11	1	1
102	N8	1	1
102	S15	1	1
102	N7	1	1
102	S16	1	1
102	S17	1	1
102	N12	1	1
102	N6	1	1
102	S9	1	1
102	S11	1	1
102	N17	1	1
102	S10	1	1
102	N16	1	1
102	S8	1	1
102	N15	1	1
102	S7	1	1
102	N14	1	1
102	S5	1	1
102	S6	1	1
102	N19	1	1
102	S3	1	1
102	S2	1	1
102	S1	1	1
102	S4	1	1
102	N22	1	1
102	N21	1	1
102	N20	1	1
102	N18	1	1
102	N13	1	1
102	N5	1	1
102	N1	1	0.997
103	S20	1	1
103	S21	1	1
103	N4	1	1
103	S22	1	1
103	N3	1	1
103	S23	1	1
103	N2	1	1
103	S12	1	1
103	S14	1	1
103	N10	1	1
103	S13	1	1
103	N9	1	1
103	S18	1	1
103	S19	1	1
103	N11	1	1
103	N8	1	1
103	S15	1	1
103	N7	1	1
103	S16	1	1
103	S17	1	1
103	N12	1	1
103	N6	1	1
103	S9	1	1
103	S11	1	1
103	N17	1	1
103	S10	1	1
103	N16	1	1
103	S8	1	1
103	N15	1	1
103	S7	1	1
103	N14	1	1
103	S5	1	1
103	S6	1	1
103	N19	1	1
103	S3	1	1
103	S2	1	1
103	S1	1	1
103	S4	1	1
103	N22	1	1
103	N21	1	1
103	N20	1	1
103	N18	1	1
103	N13	1	1
103	N5	1	1
103	N1	1	0.997
104	S20	1	1
104	S21	1	1
104	N4	1	1
104	S22	1	1
104	N3	1	1
104	S23	1	1
104	N2	1	1
104	S12	1	1
104	S14	1	1
104	N10	1	1
104	S13	1	1
104	N9	1	1
104	S18	1	1
104	S19	1	1
104	N11	1	1
104	N8	1	1
104	S15	1	1
104	N7	1	1
104	S16	1	1
104	S17	1	1
104	N12	1	1
104	N6	1	1
104	S9	1	1
104	S11	1	1
104	N17	1	1
104	S10	1	1
104	N16	1	1
104	S8	1	1
104	N15	1	1
104	S7	1	1
104	N14	1	1
104	S5	1	1
104	S6	1	1
104	N19	1	1
104	S3	1	1
104	S2	1	1
104	S1	1	1
104	S4	1	1
104	N22	1	1
104	N21	1	1
104	N20	1	1
104	N18	1	1
104	N13	1	1
104	N5	1	1
104	N1	1	0.997
105	S20	1	1
105	S21	1	1
105	N4	1	1
105	S22	1	1
105	N3	1	1
105	S23	1	1
105	N2	1	1
105	S12	1	1
105	S14	1	1
105	N10	1	1
105	S13	1	1
105	N9	1	1
105	S18	1	1
105	S19	1	1
105	N11	1	1
105	N8	1	1
105	S15	1	1
105	N7	1	1
105	S16	1	1
105	S17	1	1
105	N12	1	1
105	N6	1	1
105	S9	1	1
105	S11	1	1
105	N17	1	1
105	S10	1	1
105	N16	1	1
105	S8	1	1
105	N15	1	1
105	S7	1	1
105	N14	1	1
105	S5	1	1
105	S6	1	1
105	N19	1	1
105	S3	1	1
105	S2	1	1
105	S1	1	1
105	S4	1	1
105	N22	1	1
105	N21	1	1
105	N20	1	1
105	N18	1	1
105	N13	1	1
105	N5	1	1
105	N1	1	0.997
106	S20	1	1
106	S21	1	1
106	N4	1	1
106	S22	1	1
106	N3	1	1
106	S23	1	1
106	N2	1	1
106	S12	1	1
106	S14	1	1
106	N10	1	1
106	S13	1	1
106	N9	1	1
106	S18	1	1
106	S19	1	1
106	N11	1	1
106	N8	1	1
106	S15	1	1
106	N7	1	1
106	S16	1	1
106	S17	1	1
106	N12	1	1
106	N6	1	1
106	S9	1	1
106	S11	1	1
106	N17	1	1
106	S10	1	1
106	N16	1	1
106	S8	1	1
106	N15	1	1
106	S7	1	1
106	N14	1	1
106	S5	1	1
106	S6	1	1
106	N19	1	1
106	S3	1	1
106	S2	1	1
106	S1	1	1
106	S4	1	1
106	N22	1	1
106	N21	1	1
106	N20	1	1
106	N18	1	1
106	N13	1	1
106	N5	1	1
106	N1	1	0.997
107	S20	1	1
107	S21	1	1
107	N4	1	1
107	S22	1	1
107	N3	1	1
107	S23	1	1
107	N2	1	1
107	S12	1	1
107	S14	1	1
107	N10	1	1
107	S13	1	1
107	N9	1	1
107	S18	1	1
107	S19	1	1
107	N11	1	1
107	N8	1	1
107	S15	1	1
107	N7	1	1
107	S16	1	1
107	S17	1	1
107	N12	1	1
107	N6	1	1
107	S9	1	1
107	S11	1	1
107	N17	1	1
107	S10	1	1
107	N16	1	1
107	S8	1	1
107	N15	1	1
107	S7	1	1
107	N14	1	1
107	S5	1	1
107	S6	1	1
107	N19	1	1
107	S3	1	1
107	S2	1	1
107	S1	1	1
107	S4	1	1
107	N22	1	1
107	N21	1	1
107	N20	1	1
107	N18	1	1
107	N13	1	1
107	N5	1	1
107	N1	1	0.997
108	S20	1	1
108	S21	1	1
108	N4	1	1
108	S22	1	1
108	N3	1	1
108	S23	1	1
108	N2	1	1
108	S12	1	1
108	S14	1	1
108	N10	1	1
108	S13	1	1
108	N9	1	1
108	S18	1	1
108	S19	1	1
108	N11	1	1
108	N8	1	1
108	S15	1	1
108	N7	1	1
108	S16	1	1
108	S17	1	1
108	N12	1	1
108	N6	1	1
108	S9	1	1
108	S11	1	1
108	N17	1	1
108	S10	1	1
108	N16	1	1
108	S8	1	1
108	N15	1	1
108	S7	1	1
108	N14	1	1
108	S5	1	1
108	S6	1	1
108	N19	1	1
108	S3	1	1
108	S2	1	1
108	S1	1	1
108	S4	1	1
108	N22	1	1
108	N21	1	1
108	N20	1	1
108	N18	1	1
108	N13	1	1
108	N5	1	1
108	N1	1	0.997
109	S20	1	1
109	S21	1	1
109	N4	1	1
109	S22	1	1
109	N3	1	1
109	S23	1	1
109	N2	1	1
109	S12	1	1
109	S14	1	1
109	N10	1	1
109	S13	1	1
109	N9	1	1
109	S18	1	1
109	S19	1	1
109	N11	1	1
109	N8	1	1
109	S15	1	1
109	N7	1	1
109	S16	1	1
109	S17	1	1
109	N12	1	1
109	N6	1	1
109	S9	1	1
109	S11	1	1
109	N17	1	1
109	S10	1	1
109	N16	1	1
109	S8	1	1
109	N15	1	1
109	S7	1	1
109	N14	1	1
109	S5	1	1
109	S6	1	1
109	N19	1	1
109	S3	1	1
109	S2	1	1
109	S1	1	1
109	S4	1	1
109	N22	1	1
109	N21	1	1
109	N20	1	1
109	N18	1	1
109	N13	1	1
109	N5	1	1
109	N1	1	0.997
110	S20	1	1
110	S21	1	1
110	N4	1	1
110	S22	1	1
110	N3	1	1
110	S23	1	1
110	N2	1	1
110	S12	1	1
110	S14	1	1
110	N10	1	1
110	S13	1	1
110	N9	1	1
110	S18	1	1
110	S19	1	1
110	N11	1	1
110	N8	1	1
110	S15	1	1
110	N7	1	1
110	S16	1	1
110	S17	1	1
110	N12	1	1
110	N6	1	1
110	S9	1	1
110	S11	1	1
110	N17	1	1
110	S10	1	1
110	N16	1	1
110	S8	1	1
110	N15	1	1
110	S7	1	1
110	N14	1	1
110	S5	1	1
110	S6	1	1
110	N19	1	1
110	S3	1	1
110	S2	1	1
110	S1	1	1
110	S4	1	1
110	N22	1	1
110	N21	1	1
110	N20	1	1
110	N18	1	1
110	N13	1	1
110	N5	1	1
110	N1	1	0.997
111	S20	1	1
111	S21	1	1
111	N4	1	1
111	S22	1	1
111	N3	1	1
111	S23	1	1
111	N2	1	1
111	S12	1	1
111	S14	1	1
111	N10	1	1
111	S13	1	1
111	N9	1	1
111	S18	1	1
111	S19	1	1
111	N11	1	1
111	N8	1	1
111	S15	1	1
111	N7	1	1
111	S16	1	1
111	S17	1	1
111	N12	1	1
111	N6	1	1
111	S9	1	1
111	S11	1	1
111	N17	1	1
111	S10	1	1
111	N16	1	1
111	S8	1	1
111	N15	1	1
111	S7	1	1
111	N14	1	1
111	S5	1	1
111	S6	1	1
111	N19	1	1
111	S3	1	1
111	S2	1	1
111	S1	1	1
111	S4	1	1
111	N22	1	1
111	N21	1	1
111	N20	1	1
111	N18	1	1
111	N13	1	1
111	N5	1	1
111	N1	1	0.997
112	S20	1	1
112	S21	1	1
112	N4	1	1
112	S22	1	1
112	N3	1	1
112	S23	1	1
112	N2	1	1
112	S12	1	1
112	S14	1	1
112	N10	1	1
112	S13	1	1
112	N9	1	1
112	S18	1	1
112	S19	1	1
112	N11	1	1
112	N8	1	1
112	S15	1	1
112	N7	1	1
112	S16	1	1
112	S17	1	1
112	N12	1	1
112	N6	1	1
112	S9	1	1
112	S11	1	1
112	N17	1	1
112	S10	1	1
112	N16	1	1
112	S8	1	1
112	N15	1	1
112	S7	1	1
112	N14	1	1
112	S5	1	1
112	S6	1	1
112	N19	1	1
112	S3	1	1
112	S2	1	1
112	S1	1	1
112	S4	1	1
112	N22	1	1
112	N21	1	1
112	N20	1	1
112	N18	1	1
112	N13	1	1
112	N5	1	1
112	N1	1	0.997
113	S20	1	1
113	S21	1	1
113	N4	1	1
113	S22	1	1
113	N3	1	1
113	S23	1	1
113	N2	1	1
113	S12	1	1
113	S14	1	1
113	N10	1	1
113	S13	1	1
113	N9	1	1
113	S18	1	1
113	S19	1	1
113	N11	1	1
113	N8	1	1
113	S15	1	1
113	N7	1	1
113	S16	1	1
113	S17	1	1
113	N12	1	1
113	N6	1	1
113	S9	1	1
113	S11	1	1
113	N17	1	1
113	S10	1	1
113	N16	1	1
113	S8	1	1
113	N15	1	1
113	S7	1	1
113	N14	1	1
113	S5	1	1
113	S6	1	1
113	N19	1	1
113	S3	1	1
113	S2	1	1
113	S1	1	1
113	S4	1	1
113	N22	1	1
113	N21	1	1
113	N20	1	1
113	N18	1	1
113	N13	1	1
113	N5	1	1
113	N1	1	0.997
114	S20	1	1
114	S21	1	1
114	N4	1	1
114	S22	1	1
114	N3	1	1
114	S23	1	1
114	N2	1	1
114	S12	1	1
114	S14	1	1
114	N10	1	1
114	S13	1	1
114	N9	1	1
114	S18	1	1
114	S19	1	1
114	N11	1	1
114	N8	1	1
114	S15	1	1
114	N7	1	1
114	S16	1	1
114	S17	1	1
114	N12	1	1
114	N6	1	1
114	S9	1	1
114	S11	1	1
114	N17	1	1
114	S10	1	1
114	N16	1	1
114	S8	1	1
114	N15	1	1
114	S7	1	1
114	N14	1	1
114	S5	1	1
114	S6	1	1
114	N19	1	1
114	S3	1	1
114	S2	1	1
114	S1	1	1
114	S4	1	1
114	N22	1	1
114	N21	1	1
114	N20	1	1
114	N18	1	1
114	N13	1	1
114	N5	1	1
114	N1	1	0.997
115	S20	1	0
115	S21	1	0
115	N4	1	8.107e-08
115	S22	1	0
115	N3	1	3.186e-07
115	S23	1	0
115	N2	1	4.319e-05
115	S12	1	0
115	S14	1	0
115	N10	1	3.618e-14
115	S13	1	0
115	N9	1	1.676e-14
115	S18	1	0
115	S19	1	0
115	N11	1	1.237e-07
115	N8	1	4.415e-09
115	S15	1	0
115	N7	1	1.636e-08
115	S16	1	0
115	S17	1	0
115	N12	1	9.124e-08
115	N6	1	3.502e-06
115	S9	1	0
115	S11	1	0
115	N17	1	4.988e-08
115	S10	1	0
115	N16	1	3.715e-08
115	S8	1	0
115	N15	1	5.655e-06
115	S7	1	1
115	N14	1	0.04988
115	S5	1	1
115	S6	1	1
115	N19	1	0.9994
115	S3	1	1
115	S2	1	1
115	S1	1	1
115	S4	1	1
115	N22	1	1
115	N21	1	1
115	N20	1	1
115	N18	1	0.987
115	N13	1	0.0501
115	N5	1	0.01282
115	N1	1	0.03016
116	S20	1	0
116	S21	1	0
116	N4	1	8.567e-08
116	S22	1	0
116	N3	1	1.192e-06
116	S23	1	0
116	N2	1	0.0005159
116	S12	1	1
116	S14	1	1
116	N10	1	1
116	S13	1	1
116	N9	1	1
116	S18	1	0
116	S19	1	0
116	N11	1	0.008632
116	N8	1	0.9983
116	S15	1	1
116	N7	1	0.9999
116	S16	1	1
116	S17	1	1
116	N12	1	1
116	N6	1	1
116	S9	1	1
116	S11	1	1
116	N17	1	1
116	S10	1	1
116	N16	1	1
116	S8	1	1
116	N15	1	1
116	S7	1	0.9913
116	N14	1	0.9988
116	S5	1	0.9836
116	S6	1	0.9838
116	N19	1	0.9879
116	S3	1	0.9806
116	S2	1	0.9812
116	S1	1	0.9817
116	S4	1	0.978
116	N22	1	0.9821
116	N21	1	0.9828
116	N20	1	0.983
116	N18	1	0.9902
116	N13	1	0.9979
116	N5	1	0.9971
116	N1	1	0.5981
117	S20	1	1
117	S21	1	1
117	N4	1	1
117	S22	1	1
117	N3	1	1
117	S23	1	1
117	N2	1	1
117	S12	1	0.9996
117	S14	1	0.9992
117	N10	1	0.9996
117	S13	1	0.9996
117	N9	1	0.9996
117	S18	1	1
117	S19	1	1
117	N11	1	1
117	N8	1	0.9998
117	S15	1	0.9993
117	N7	1	0.9997
117	S16	1	0.9986
117	S17	1	0.9983
117	N12	1	0.9992
117	N6	1	0.9994
117	S9	1	0.9951
117	S11	1	0.9949
117	N17	1	0.9959
117	S10	1	0.9954
117	N16	1	0.996
117	S8	1	0.9957
117	N15	1	0.9961
117	S7	1	0.9952
117	N14	1	0.997
117	S5	1	0.9943
117	S6	1	0.9944
117	N19	1	0.9954
117	S3	1	0.9936
117	S2	1	0.9938
117	S1	1	0.9939
117	S4	1	0.993
117	N22	1	0.994
117	N21	1	0.9941
117	N20	1	0.9942
117	N18	1	0.996
117	N13	1	0.9978
117	N5	1	0.9986
117	N1	1	0.9962
118	S20	1	1
118	S21	1	1
118	N4	1	1
118	S22	1	1
118	N3	1	1
118	S23	1	1
118	N2	1	1
118	S12	1	1
118	S14	1	1
118	N10	1	1
118	S13	1	1
118	N9	1	1
118	S18	1	1
118	S19	1	1
118	N11	1	1
118	N8	1	1
118	S15	1	1
118	N7	1	1
118	S16	1	1
118	S17	1	1
118	N12	1	1
118	N6	1	1
118	S9	1	1
118	S11	1	1
118	N17	1	1
118	S10	1	1
118	N16	1	1
118	S8	1	1
118	N15	1	1
118	S7	1	1
118	N14	1	1
118	S5	1	1
118	S6	1	1
118	N19	1	1
118	S3	1	1
118	S2	1	1
118	S1	1	1
118	S4	1	1
118	N22	1	1
118	N21	1	1
118	N20	1	1
118	N18	1	1
118	N13	1	1
118	N5	1	1
118	N1	1	0.997
119	S20	1	1
119	S21	1	1
119	N4	1	1
119	S22	1	1
119	N3	1	1
119	S23	1	1
119	N2	1	1
119	S12	1	1
119	S14	1	1
119	N10	1	1
119	S13	1	1
119	N9	1	1
119	S18	1	1
119	S19	1	1
119	N11	1	1
119	N8	1	1
119	S15	1	1
119	N7	1	1
119	S16	1	1
119	S17	1	1
119	N12	1	1
119	N6	1	1
119	S9	1	1
119	S11	1	1
119	N17	1	1
119	S10	1	1
119	N16	1	1
119	S8	1	1
119	N15	1	1
119	S7	1	1
119	N14	1	1
119	S5	1	1
119	S6	1	1
119	N19	1	1
119	S3	1	1
119	S2	1	1
119	S1	1	1
119	S4	1	1
119	N22	1	1
119	N21	1	1
119	N20	1	1
119	N18	1	1
119	N13	1	1
119	N5	1	1
119	N1	1	0.997
120	S20	1	1
120	S21	1	1
120	N4	1	1
120	S22	1	1
120	N3	1	1
120	S23	1	1
120	N2	1	1
120	S12	1	1
120	S14	1	1
120	N10	1	1
120	S13	1	1
120	N9	1	1
120	S18	1	1
120	S19	1	1
120	N11	1	1
120	N8	1	1
120	S15	1	1
120	N7	1	1
120	S16	1	1
120	S17	1	1
120	N12	1	1
120	N6	1	1
120	S9	1	1
120	S11	1	1
120	N17	1	1
120	S10	1	1
120	N16	1	1
120	S8	1	1
120	N15	1	1
120	S7	1	1
120	N14	1	1
120	S5	1	1
120	S6	1	1
120	N19	1	1
120	S3	1	1
120	S2	1	1
120	S1	1	1
120	S4	1	1
120	N22	1	1
120	N21	1	1
120	N20	1	1
120	N18	1	1
120	N13	1	1
120	N5	1	1
120	N1	1	0.997
121	S20	1	1
121	S21	1	1
121	N4	1	1
121	S22	1	1
121	N3	1	1
121	S23	1	1
121	N2	1	1
121	S12	1	1
121	S14	1	1
121	N10	1	1
121	S13	1	1
121	N9	1	1
121	S18	1	1
121	S19	1	1
121	N11	1	1
121	N8	1	1
121	S15	1	1
121	N7	1	1
121	S16	1	1
121	S17	1	1
121	N12	1	1
121	N6	1	1
121	S9	1	1
121	S11	1	1
121	N17	1	1
121	S10	1	1
121	N16	1	1
121	S8	1	1
121	N15	1	1
121	S7	1	1
121	N14	1	1
121	S5	1	1
121	S6	1	1
121	N19	1	1
121	S3	1	1
121	S2	1	1
121	S1	1	1
121	S4	1	1
121	N22	1	1
121	N21	1	1
121	N20	1	1
121	N18	1	1
121	N13	1	1
121	N5	1	1
121	N1	1	0.997
122	S20	1	1
122	S21	1	1
122	N4	1	1
122	S22	1	1
122	N3	1	1
122	S23	1	1
122	N2	1	1
122	S12	1	1
122	S14	1	1
122	N10	1	1
122	S13	1	1
122	N9	1	1
122	S18	1	1
122	S19	1	1
122	N11	1	1
122	N8	1	1
122	S15	1	1
122	N7	1	1
122	S16	1	1
122	S17	1	1
122	N12	1	1
122	N6	1	1
122	S9	1	1
122	S11	1	1
122	N17	1	1
122	S10	1	1
122	N16	1	1
122	S8	1	1
122	N15	1	1
122	S7	1	1
122	N14	1	1
122	S5	1	1
122	S6	1	1
122	N19	1	1
122	S3	1	1
122	S2	1	1
122	S1	1	1
122	S4	1	1
122	N22	1	1
122	N21	1	1
122	N20	1	1
122	N18	1	1
122	N13	1	1
122	N5	1	1
122	N1	1	0.997
123	S20	1	1
123	S21	1	1
123	N4	1	1
123	S22	1	1
123	N3	1	1
123	S23	1	1
123	N2	1	1
123	S12	1	1
123	S14	1	1
123	N10	1	1
123	S13	1	1
123	N9	1	1
123	S18	1	1
123	S19	1	1
123	N11	1	1
123	N8	1	1
123	S15	1	1
123	N7	1	1
123	S16	1	1
123	S17	1	1
123	N12	1	1
123	N6	1	1
123	S9	1	1
123	S11	1	1
123	N17	1	1
123	S10	1	1
123	N16	1	1
123	S8	1	1
123	N15	1	1
123	S7	1	1
123	N14	1	1
123	S5	1	1
123	S6	1	1
123	N19	1	1
123	S3	1	1
123	S2	1	1
123	S1	1	1
123	S4	1	1
123	N22	1	1
123	N21	1	1
123	N20	1	1
123	N18	1	1
123	N13	1	1
123	N5	1	1
123	N1	1	0.997
124	S20	1	1
124	S21	1	1
124	N4	1	1
124	S22	1	1
124	N3	1	1
124	S23	1	1
124	N2	1	1
124	S12	1	1
124	S14	1	1
124	N10	1	1
124	S13	1	1
124	N9	1	1
124	S18	1	1
124	S19	1	1
124	N11	1	1
124	N8	1	1
124	S15	1	1
124	N7	1	1
124	S16	1	1
124	S17	1	1
124	N12	1	1
124	N6	1	1
124	S9	1	1
124	S11	1	1
124	N17	1	1
124	S10	1	1
124	N16	1	1
124	S8	1	1
124	N15	1	1
124	S7	1	1
124	N14	1	1
124	S5	1	1
124	S6	1	1
124	N19	1	1
124	S3	1	1
124	S2	1	1
124	S1	1	1
124	S4	1	1
124	N22	1	1
124	N21	1	1
124	N20	1	1
124	N18	1	1
124	N13	1	1
124	N5	1	1
124	N1	1	0.997
125	S20	1	1
125	S21	1	1
125	N4	1	1
125	S22	1	1
125	N3	1	1
125	S23	1	1
125	N2	1	1
125	S12	1	1
125	S14	1	1
125	N10	1	1
125	S13	1	1
125	N9	1	1
125	S18	1	1
125	S19	1	1
125	N11	1	1
125	N8	1	1
125	S15	1	1
125	N7	1	1
125	S16	1	1
125	S17	1	1
125	N12	1	1
125	N6	1	1
125	S9	1	1
125	S11	1	1
125	N17	1	1
125	S10	1	1
125	N16	1	1
125	S8	1	1
125	N15	1	1
125	S7	1	1
125	N14	1	1
125	S5	1	1
125	S6	1	1
125	N19	1	1
125	S3	1	1
125	S2	1	1
125	S1	1	1
125	S4	1	1
125	N22	1	1
125	N21	1	1
125	N20	1	1
125	N18	1	1
125	N13	1	1
125	N5	1	1
125	N1	1	0.997
126	S20	1	1
126	S21	1	1
126	N4	1	1
126	S22	1	1
126	N3	1	1
126	S23	1	1
126	N2	1	1
126	S12	1	1
126	S14	1	1
126	N10	1	1
126	S13	1	1
126	N9	1	1
126	S18	1	1
126	S19	1	1
126	N11	1	1
126	N8	1	1
126	S15	1	1
126	N7	1	1
126	S16	1	1
126	S17	1	1
126	N12	1	1
126	N6	1	1
126	S9	1	1
126	S11	1	1
126	N17	1	1
126	S10	1	1
126	N16	1	1
126	S8	1	1
126	N15	1	1
126	S7	1	1
126	N14	1	1
126	S5	1	1
126	S6	1	1
126	N19	1	1
126	S3	1	1
126	S2	1	1
126	S1	1	1
126	S4	1	1
126	N22	1	1
126	N21	1	1
126	N20	1	1
126	N18	1	1
126	N13	1	1
126	N5	1	1
126	N1	1	0.997
127	S20	1	1
127	S21	1	1
127	N4	1	1
127	S22	1	1
127	N3	1	1
127	S23	1	1
127	N2	1	1
127	S12	1	1
127	S14	1	1
127	N10	1	1
127	S13	1	1
127	N9	1	1
127	S18	1	1
127	S19	1	1
127	N11	1	1
127	N8	1	1
127	S15	1	1
127	N7	1	1
127	S16	1	1
127	S17	1	1
127	N12	1	1
127	N6	1	1
127	S9	1	1
127	S11	1	1
127	N17	1	1
127	S10	1	1
127	N16	1	1
127	S8	1	1
127	N15	1	1
127	S7	1	1
127	N14	1	1
127	S5	1	1
127	S6	1	1
127	N19	1	1
127	S3	1	1
127	S2	1	1
127	S1	1	1
127	S4	1	1
127	N22	1	1
127	N21	1	1
127	N20	1	1
127	N18	1	1
127	N13	1	1
127	N5	1	1
127	N1	1	0.997
128	S20	1	1
128	S21	1	1
128	N4	1	1
128	S22	1	1
128	N3	1	1
128	S23	1	1
128	N2	1	1
128	S12	1	1
128	S14	1	1
128	N10	1	1
128	S13	1	1
128	N9	1	1
128	S18	1	1
128	S19	1	1
128	N11	1	1
128	N8	1	1
128	S15	1	1
128	N7	1	1
128	S16	1	1
128	S17	1	1
128	N12	1	1
128	N6	1	1
128	S9	1	1
128	S11	1	1
128	N17	1	1
128	S10	1	1
128	N16	1	1
128	S8	1	1
128	N15	1	1
128	S7	1	1
128	N14	1	1
128	S5	1	1
128	S6	1	1
128	N19	1	1
128	S3	1	1
128	S2	1	1
128	S1	1	1
128	S4	1	1
128	N22	1	1
128	N21	1	1
128	N20	1	1
128	N18	1	1
128	N13	1	1
128	N5	1	1
128	N1	1	0.997
129	S20	1	1
129	S21	1	1
129	N4	1	1
129	S22	1	1
129	N3	1	1
129	S23	1	1
129	N2	1	1
129	S12	1	1
129	S14	1	1
129	N10	1	1
129	S13	1	1
129	N9	1	1
129	S18	1	1
129	S19	1	1
129	N11	1	1
129	N8	1	1
129	S15	1	1
129	N7	1	1
129	S16	1	1
129	S17	1	1
129	N12	1	1
129	N6	1	1
129	S9	1	1
129	S11	1	1
129	N17	1	1
129	S10	1	1
129	N16	1	1
129	S8	1	1
129	N15	1	1
129	S7	1	1
129	N14	1	1
129	S5	1	1
129	S6	1	1
129	N19	1	1
129	S3	1	1
129	S2	1	1
129	S1	1	1
129	S4	1	1
129	N22	1	1
129	N21	1	1
129	N20	1	1
129	N18	1	1
129	N13	1	1
129	N5	1	1
129	N1	1	0.997
130	S20	1	1
130	S21	1	1
130	N4	1	1
130	S22	1	1
130	N3	1	1
130	S23	1	1
130	N2	1	1
130	S12	1	1
130	S14	1	1
130	N10	1	1
130	S13	1	1
130	N9	1	1
130	S18	1	1
130	S19	1	1
130	N11	1	1
130	N8	1	1
130	S15	1	1
130	N7	1	1
130	S16	1	1
130	S17	1	1
130	N12	1	1
130	N6	1	1
130	S9	1	1
130	S11	1	1
130	N17	1	1
130	S10	1	1
130	N16	1	1
130	S8	1	1
130	N15	1	1
130	S7	1	1
130	N14	1	1
130	S5	1	1
130	S6	1	1
130	N19	1	1
130	S3	1	1
130	S2	1	1
130	S1	1	1
130	S4	1	1
130	N22	1	1
130	N21	1	1
130	N20	1	1
130	N18	1	1
130	N13	1	1
130	N5	1	1
130	N1	1	0.997
131	S20	1	1
131	S21	1	1
131	N4	1	1
131	S22	1	1
131	N3	1	1
131	S23	1	1
131	N2	1	1
131	S12	1	1
131	S14	1	1
131	N10	1	1
131	S13	1	1
131	N9	1	1
131	S18	1	1
131	S19	1	1
131	N11	1	1
131	N8	1	1
131	S15	1	1
131	N7	1	1
131	S16	1	1
131	S17	1	1
131	N12	1	1
131	N6	1	1
131	S9	1	1
131	S11	1	1
131	N17	1	1
131	S10	1	1
131	N16	1	1
131	S8	1	1
131	N15	1	1
131	S7	1	1
131	N14	1	1
131	S5	1	1
131	S6	1	1
131	N19	1	1
131	S3	1	1
131	S2	1	1
131	S1	1	1
131	S4	1	1
131	N22	1	1
131	N21	1	1
131	N20	1	1
131	N18	1	1
131	N13	1	1
131	N5	1	1
131	N1	1	0.997
132	S20	1	1
132	S21	1	1
132	N4	1	1
132	S22	1	1
132	N3	1	1
132	S23	1	1
132	N2	1	1
132	S12	1	1
132	S14	1	1
132	N10	1	1
132	S13	1	1
132	N9	1	1
132	S18	1	1
132	S19	1	1
132	N11	1	1
132	N8	1	1
132	S15	1	1
132	N7	1	1
132	S16	1	1
132	S17	1	1
132	N12	1	1
132	N6	1	1
132	S9	1	1
132	S11	1	1
132	N17	1	1
132	S10	1	1
132	N16	1	1
132	S8	1	1
132	N15	1	1
132	S7	1	1
132	N14	1	1
132	S5	1	1
132	S6	1	1
132	N19	1	1
132	S3	1	1
132	S2	1	1
132	S1	1	1
132	S4	1	1
132	N22	1	1
132	N21	1	1
132	N20	1	1
132	N18	1	1
132	N13	1	1
132	N5	1	1
132	N1	1	0.997
133	S20	1	1
133	S21	1	1
133	N4	1	1
133	S22	1	1
133	N3	1	1
133	S23	1	1
133	N2	1	0.9999
133	S12	1	1
133	S14	1	1
133	N10	1	1
133	S13	1	1
133	N9	1	1
133	S18	1	1
133	S19	1	1
133	N11	1	1
133	N8	1	1
133	S15	1	1
133	N7	1	1
133	S16	1	0.9975
133	S17	1	1
133	N12	1	1
133	N6	1	1
133	S9	1	1
133	S11	1	1
133	N17	1	1
133	S10	1	0
133	N16	1	0.9997
133	S8	1	1
133	N15	1	1
133	S7	1	1
133	N14	1	1
133	S5	1	1
133	S6	1	1
133	N19	1	1
133	S3	1	1
133	S2	1	1
133	S1	1	1
133	S4	1	1
133	N22	1	1
133	N21	1	1
133	N20	1	1
133	N18	1	1
133	N13	1	1
133	N5	1	0.9999
133	N1	1	0.9874
134	S20	1	0
134	S21	1	0
134	N4	1	6.373e-08
134	S22	1	0
134	N3	1	2.416e-07
134	S23	1	0
134	N2	1	2.909e-05
134	S12	1	0
134	S14	1	0
134	N10	1	2.846e-14
134	S13	1	0
134	N9	1	1.318e-14
134	S18	1	0
134	S19	1	0
134	N11	1	9.727e-08
134	N8	1	3.489e-09
134	S15	1	0
134	N7	1	2.066e-08
134	S16	1	1
134	S17	1	0
134	N12	1	0.0007735
134	N6	1	2.58e-05
134	S9	1	0
134	S11	1	0
134	N17	1	3.826e-08
134	S10	1	0
134	N16	1	1.681e-09
134	S8	1	0
134	N15	1	7.229e-09
134	S7	1	0
134	N14	1	4.867e-07
134	S5	1	0
134	S6	1	0
134	N19	1	2.552e-07
134	S3	1	0
134	S2	1	0
134	S1	1	0
134	S4	1	0
134	N22	1	7.644e-09
134	N21	1	1.429e-09
134	N20	1	2.28e-08
134	N18	1	7.355e-07
134	N13	1	5.878e-07
134	N5	1	1.805e-05
134	N1	1	0.01794
135	S20	1	0.9743
135	S21	1	0.9741
135	N4	1	0.9746
135	S22	1	0.9742
135	N3	1	0.9748
135	S23	1	0.9743
135	N2	1	0.9754
135	S12	1	0.9935
135	S14	1	0.9931
135	N10	1	0.9935
135	S13	1	0.9935
135	N9	1	0.9935
135	S18	1	0.9928
135	S19	1	0.9918
135	N11	1	0.9933
135	N8	1	0.9937
135	S15	1	0.9934
135	N7	1	0.9938
135	S16	1	0.9937
135	S17	1	0.9934
135	N12	1	0.9943
135	N6	1	0.9945
135	S9	1	0.9981
135	S11	1	0.9978
135	N17	1	0.9991
135	S10	1	1
135	N16	1	0.9992
135	S8	1	0.9987
135	N15	1	0.9991
135	S7	1	0.9961
135	N14	1	0.9981
135	S5	1	0.9935
135	S6	1	0.9935
135	N19	1	0.9946
135	S3	1	0.9926
135	S2	1	0.9928
135	S1	1	0.9929
135	S4	1	0.992
135	N22	1	0.9931
135	N21	1	0.9932
135	N20	1	0.9933
135	N18	1	0.9952
135	N13	1	0.9972
135	N5	1	0.9964
135	N1	1	0.9849
136	S20	1	1
136	S21	1	1
136	N4	1	1
136	S22	1	1
136	N3	1	1
136	S23	1	1
136	N2	1	1
136	S12	1	1
136	S14	1	1
136	N10	1	1
136	S13	1	1
136	N9	1	1
136	S18	1	1
136	S19	1	1
136	N11	1	1
136	N8	1	1
136	S15	1	1
136	N7	1	1
136	S16	1	1
136	S17	1	1
136	N12	1	1
136	N6	1	1
136	S9	1	1
136	S11	1	1
136	N17	1	1
136	S10	1	1
136	N16	1	1
136	S8	1	1
136	N15	1	1
136	S7	1	1
136	N14	1	1
136	S5	1	1
136	S6	1	1
136	N19	1	1
136	S3	1	1
136	S2	1	1
136	S1	1	1
136	S4	1	1
136	N22	1	1
136	N21	1	1
136	N20	1	1
136	N18	1	1
136	N13	1	1
136	N5	1	1
136	N1	1	0.997
137	S20	1	1
137	S21	1	1
137	N4	1	1
137	S22	1	1
137	N3	1	1
137	S23	1	1
137	N2	1	1
137	S12	1	1
137	S14	1	1
137	N10	1	1
137	S13	1	1
137	N9	1	1
137	S18	1	1
137	S19	1	1
137	N11	1	1
137	N8	1	1
137	S15	1	1
137	N7	1	1
137	S16	1	1
137	S17	1	1
137	N12	1	1
137	N6	1	1
137	S9	1	1
137	S11	1	1
137	N17	1	1
137	S10	1	1
137	N16	1	1
137	S8	1	1
137	N15	1	1
137	S7	1	1
137	N14	1	1
137	S5	1	1
137	S6	1	1
137	N19	1	1
137	S3	1	1
137	S2	1	1
137	S1	1	1
137	S4	1	1
137	N22	1	1
137	N21	1	1
137	N20	1	1
137	N18	1	1
137	N13	1	1
137	N5	1	1
137	N1	1	0.997
138	S20	1	0
138	S21	1	0
138	N4	1	5.654e-07
138	S22	1	0
138	N3	1	0.0001091
138	S23	1	1
138	N2	1	0.05995
138	S12	1	0
138	S14	1	0
138	N10	1	2.9e-14
138	S13	1	0
138	N9	1	1.343e-14
138	S18	1	0
138	S19	1	0
138	N11	1	9.912e-08
138	N8	1	3.537e-09
138	S15	1	0
138	N7	1	1.219e-08
138	S16	1	0
138	S17	1	0
138	N12	1	3.211e-08
138	N6	1	7.671e-08
138	S9	1	0
138	S11	1	0
138	N17	1	3.899e-08
138	S10	1	0
138	N16	1	1.713e-09
138	S8	1	0
138	N15	1	7.367e-09
138	S7	1	0
138	N14	1	4.971e-07
138	S5	1	0
138	S6	1	0
138	N19	1	2.6e-07
138	S3	1	0
138	S2	1	0
138	S1	1	0
138	S4	1	0
138	N22	1	7.79e-09
138	N21	1	1.456e-09
138	N20	1	2.323e-08
138	N18	1	7.499e-07
138	N13	1	7.303e-07
138	N5	1	3.297e-05
138	N1	1	0.04854
139	S20	1	1
139	S21	1	1
139	N4	1	1
139	S22	1	1
139	N3	1	1
139	S23	1	1
139	N2	1	1
139	S12	1	1
139	S14	1	1
139	N10	1	1
139	S13	1	1
139	N9	1	1
139	S18	1	1
139	S19	1	1
139	N11	1	1
139	N8	1	1
139	S15	1	1
139	N7	1	1
139	S16	1	1
139	S17	1	1
139	N12	1	1
139	N6	1	1
139	S9	1	1
139	S11	1	1
139	N17	1	1
139	S10	1	1
139	N16	1	1
139	S8	1	1
139	N15	1	1
139	S7	1	1
139	N14	1	1
139	S5	1	1
139	S6	1	1
139	N19	1	1
139	S3	1	1
139	S2	1	1
139	S1	1	1
139	S4	1	1
139	N22	1	1
139	N21	1	1
139	N20	1	1
139	N18	1	1
139	N13	1	1
139	N5	1	1
139	N1	1	0.997
140	S20	1	1
140	S21	1	1
140	N4	1	1
140	S22	1	1
140	N3	1	1
140	S23	1	1
140	N2	1	1
140	S12	1	1
140	S14	1	1
140	N10	1	1
140	S13	1	1
140	N9	1	1
140	S18	1	1
140	S19	1	1
140	N11	1	1
140	N8	1	1
140	S15	1	1
140	N7	1	1
140	S16	1	1
140	S17	1	1
140	N12	1	1
140	N6	1	1
140	S9	1	1
140	S11	1	1
140	N17	1	1
140	S10	1	1
140	N16	1	1
140	S8	1	1
140	N15	1	1
140	S7	1	1
140	N14	1	1
140	S5	1	1
140	S6	1	1
140	N19	1	1
140	S3	1	1
140	S2	1	1
140	S1	1	1
140	S4	1	1
140	N22	1	1
140	N21	1	1
140	N20	1	1
140	N18	1	1
140	N13	1	1
140	N5	1	1
140	N1	1	0.997
141	S20	1	1
141	S21	1	1
141	N4	1	1
141	S22	1	1
141	N3	1	1
141	S23	1	1
141	N2	1	1
141	S12	1	1
141	S14	1	1
141	N10	1	1
141	S13	1	1
141	N9	1	1
141	S18	1	1
141	S19	1	1
141	N11	1	1
141	N8	1	1
141	S15	1	1
141	N7	1	1
141	S16	1	1
141	S17	1	1
141	N12	1	1
141	N6	1	1
141	S9	1	1
141	S11	1	1
141	N17	1	1
141	S10	1	1
141	N16	1	1
141	S8	1	1
141	N15	1	1
141	S7	1	1
141	N14	1	1
141	S5	1	1
141	S6	1	1
141	N19	1	1
141	S3	1	1
141	S2	1	1
141	S1	1	1
141	S4	1	1
141	N22	1	1
141	N21	1	1
141	N20	1	1
141	N18	1	1
141	N13	1	1
141	N5	1	1
141	N1	1	0.997
142	S20	1	1
142	S21	1	1
142	N4	1	1
142	S22	1	1
142	N3	1	1
142	S23	1	1
142	N2	1	1
142	S12	1	1
142	S14	1	1
142	N10	1	1
142	S13	1	1
142	N9	1	1
142	S18	1	1
142	S19	1	1
142	N11	1	1
142	N8	1	1
142	S15	1	1
142	N7	1	1
142	S16	1	1
142	S17	1	1
142	N12	1	1
142	N6	1	1
142	S9	1	1
142	S11	1	1
142	N17	1	1
142	S10	1	1
142	N16	1	1
142	S8	1	1
142	N15	1	1
142	S7	1	1
142	N14	1	1
142	S5	1	1
142	S6	1	1
142	N19	1	1
142	S3	1	1
142	S2	1	1
142	S1	1	1
142	S4	1	1
142	N22	1	1
142	N21	1	1
142	N20	1	1
142	N18	1	1
142	N13	1	1
142	N5	1	1
142	N1	1	0.997
143	S20	1	1
143	S21	1	1
143	N4	1	1
143	S22	1	1
143	N3	1	1
143	S23	1	1
143	N2	1	1
143	S12	1	1
143	S14	1	1
143	N10	1	1
143	S13	1	1
143	N9	1	1
143	S18	1	1
143	S19	1	1
143	N11	1	1
143	N8	1	1
143	S15	1	1
143	N7	1	1
143	S16	1	1
143	S17	1	1
143	N12	1	1
143	N6	1	1
143	S9	1	1
143	S11	1	1
143	N17	1	1
143	S10	1	1
143	N16	1	1
143	S8	1	1
143	N15	1	1
143	S7	1	1
143	N14	1	1
143	S5	1	1
143	S6	1	1
143	N19	1	1
143	S3	1	1
143	S2	1	1
143	S1	1	1
143	S4	1	1
143	N22	1	1
143	N21	1	1
143	N20	1	1
143	N18	1	1
143	N13	1	1
143	N5	1	1
143	N1	1	0.997
144	S20	1	1
144	S21	1	1
144	N4	1	1
144	S22	1	1
144	N3	1	1
144	S23	1	1
144	N2	1	1
144	S12	1	1
144	S14	1	1
144	N10	1	1
144	S13	1	1
144	N9	1	1
144	S18	1	1
144	S19	1	1
144	N11	1	1
144	N8	1	1
144	S15	1	1
144	N7	1	1
144	S16	1	1
144	S17	1	1
144	N12	1	1
144	N6	1	1
144	S9	1	1
144	S11	1	1
144	N17	1	1
144	S10	1	1
144	N16	1	1
144	S8	1	1
144	N15	1	1
144	S7	1	1
144	N14	1	1
144	S5	1	1
144	S6	1	1
144	N19	1	1
144	S3	1	1
144	S2	1	1
144	S1	1	1
144	S4	1	1
144	N22	1	1
144	N21	1	1
144	N20	1	1
144	N18	1	1
144	N13	1	1
144	N5	1	1
144	N1	1	0.997
145	S20	1	1
145	S21	1	1
145	N4	1	1
145	S22	1	1
145	N3	1	1
145	S23	1	1
145	N2	1	1
145	S12	1	1
145	S14	1	1
145	N10	1	1
145	S13	1	1
145	N9	1	1
145	S18	1	1
145	S19	1	1
145	N11	1	1
145	N8	1	1
145	S15	1	1
145	N7	1	1
145	S16	1	1
145	S17	1	1
145	N12	1	1
145	N6	1	1
145	S9	1	1
145	S11	1	1
145	N17	1	1
145	S10	1	1
145	N16	1	1
145	S8	1	1
145	N15	1	1
145	S7	1	1
145	N14	1	1
145	S5	1	1
145	S6	1	1
145	N19	1	1
145	S3	1	1
145	S2	1	1
145	S1	1	1
145	S4	1	1
145	N22	1	1
145	N21	1	1
145	N20	1	1
145	N18	1	1
145	N13	1	1
145	N5	1	1
145	N1	1	0.997
146	S20	1	1
146	S21	1	1
146	N4	1	1
146	S22	1	1
146	N3	1	1
146	S23	1	1
146	N2	1	1
146	S12	1	1
146	S14	1	1
146	N10	1	1
146	S13	1	1
146	N9	1	1
146	S18	1	1
146	S19	1	1
146	N11	1	1
146	N8	1	1
146	S15	1	1
146	N7	1	1
146	S16	1	1
146	S17	1	1
146	N12	1	1
146	N6	1	1
146	S9	1	1
146	S11	1	1
146	N17	1	1
146	S10	1	1
146	N16	1	1
146	S8	1	1
146	N15	1	1
146	S7	1	1
146	N14	1	1
146	S5	1	1
146	S6	1	1
146	N19	1	1
146	S3	1	1
146	S2	1	1
146	S1	1	1
146	S4	1	1
146	N22	1	1
146	N21	1	1
146	N20	1	1
146	N18	1	1
146	N13	1	1
146	N5	1	1
146	N1	1	0.997
147	S20	1	1
147	S21	1	1
147	N4	1	1
147	S22	1	1
147	N3	1	1
147	S23	1	1
147	N2	1	1
147	S12	1	1
147	S14	1	1
147	N10	1	1
147	S13	1	1
147	N9	1	1
147	S18	1	1
147	S19	1	1
147	N11	1	1
147	N8	1	1
147	S15	1	1
147	N7	1	1
147	S16	1	1
147	S17	1	1
147	N12	1	1
147	N6	1	1
147	S9	1	1
147	S11	1	1
147	N17	1	1
147	S10	1	1
147	N16	1	1
147	S8	1	1
147	N15	1	1
147	S7	1	1
147	N14	1	1
147	S5	1	1
147	S6	1	1
147	N19	1	1
147	S3	1	1
147	S2	1	1
147	S1	1	1
147	S4	1	1
147	N22	1	1
147	N21	1	1
147	N20	1	1
147	N18	1	1
147	N13	1	1
147	N5	1	1
147	N1	1	0.997
148	S20	1	1
148	S21	1	1
148	N4	1	1
148	S22	1	1
148	N3	1	1
148	S23	1	1
148	N2	1	1
148	S12	1	1
148	S14	1	1
148	N10	1	1
148	S13	1	1
148	N9	1	1
148	S18	1	1
148	S19	1	1
148	N11	1	1
148	N8	1	1
148	S15	1	1
148	N7	1	1
148	S16	1	1
148	S17	1	1
148	N12	1	1
148	N6	1	1
148	S9	1	1
148	S11	1	1
148	N17	1	1
148	S10	1	1
148	N16	1	1
148	S8	1	1
148	N15	1	1
148	S7	1	1
148	N14	1	1
148	S5	1	1
148	S6	1	1
148	N19	1	1
148	S3	1	1
148	S2	1	1
148	S1	1	1
148	S4	1	1
148	N22	1	1
148	N21	1	1
148	N20	1	1
148	N18	1	1
148	N13	1	1
148	N5	1	1
148	N1	1	0.997
149	S20	1	1
149	S21	1	1
149	N4	1	1
149	S22	1	1
149	N3	1	1
149	S23	1	1
149	N2	1	0.9984
149	S12	1	0
149	S14	1	0
149	N10	1	3.874e-14
149	S13	1	0
149	N9	1	1.404e-12
149	S18	1	1
149	S19	1	1
149	N11	1	0.956
149	N8	1	0.0002939
149	S15	1	0
149	N7	1	2.188e-06
149	S16	1	0
149	S17	1	0
149	N12	1	4.133e-08
149	N6	1	1.706e-07
149	S9	1	0
149	S11	1	0
149	N17	1	4.883e-08
149	S10	1	0
149	N16	1	2.145e-09
149	S8	1	0
149	N15	1	9.227e-09
149	S7	1	0
149	N14	1	6.42e-07
149	S5	1	0
149	S6	1	0
149	N19	1	3.257e-07
149	S3	1	0
149	S2	1	0
149	S1	1	0
149	S4	1	0
149	N22	1	9.755e-09
149	N21	1	1.823e-09
149	N20	1	2.91e-08
149	N18	1	9.451e-07
149	N13	1	3.167e-06
149	N5	1	0.0002914
149	N1	1	0.5272
150	S20	1	0.9774
150	S21	1	0.9772
150	N4	1	0.9777
150	S22	1	0.9773
150	N3	1	0.9779
150	S23	1	0.9774
150	N2	1	0.9785
150	S12	1	1
150	S14	1	1
150	N10	1	1
150	S13	1	1
150	N9	1	1
150	S18	1	0.9991
150	S19	1	0.9979
150	N11	1	0.9996
150	N8	1	1
150	S15	1	1
150	N7	1	1
150	S16	1	1
150	S17	1	1
150	N12	1	1
150	N6	1	1
150	S9	1	1
150	S11	1	1
150	N17	1	1
150	S10	1	1
150	N16	1	1
150	S8	1	1
150	N15	1	1
150	S7	1	1
150	N14	1	1
150	S5	1	1
150	S6	1	1
150	N19	1	1
150	S3	1	1
150	S2	1	1
150	S1	1	1
150	S4	1	1
150	N22	1	1
150	N21	1	1
150	N20	1	1
150	N18	1	1
150	N13	1	1
150	N5	1	1
150	N1	1	0.9882
151	S20	1	1
151	S21	1	1
151	N4	1	1
151	S22	1	1
151	N3	1	1
151	S23	1	1
151	N2	1	1
151	S12	1	1
151	S14	1	1
151	N10	1	1
151	S13	1	1
151	N9	1	1
151	S18	1	1
151	S19	1	1
151	N11	1	1
151	N8	1	1
151	S15	1	1
151	N7	1	1
151	S16	1	1
151	S17	1	1
151	N12	1	1
151	N6	1	1
151	S9	1	1
151	S11	1	1
151	N17	1	1
151	S10	1	1
151	N16	1	1
151	S8	1	1
151	N15	1	1
151	S7	1	1
151	N14	1	1
151	S5	1	1
151	S6	1	1
151	N19	1	1
151	S3	1	1
151	S2	1	1
151	S1	1	1
151	S4	1	1
151	N22	1	1
151	N21	1	1
151	N20	1	1
151	N18	1	1
151	N13	1	1
151	N5	1	1
151	N1	1	0.997
152	S20	1	1
152	S21	1	1
152	N4	1	1
152	S22	1	1
152	N3	1	1
152	S23	1	1
152	N2	1	1
152	S12	1	1
152	S14	1	1
152	N10	1	1
152	S13	1	1
152	N9	1	1
152	S18	1	1
152	S19	1	1
152	N11	1	1
152	N8	1	1
152	S15	1	1
152	N7	1	1
152	S16	1	1
152	S17	1	1
152	N12	1	1
152	N6	1	1
152	S9	1	1
152	S11	1	1
152	N17	1	1
152	S10	1	1
152	N16	1	1
152	S8	1	1
152	N15	1	1
152	S7	1	1
152	N14	1	1
152	S5	1	1
152	S6	1	1
152	N19	1	1
152	S3	1	1
152	S2	1	1
152	S1	1	1
152	S4	1	1
152	N22	1	1
152	N21	1	1
152	N20	1	1
152	N18	1	1
152	N13	1	1
152	N5	1	1
152	N1	1	0.997
153	S20	1	1
153	S21	1	1
153	N4	1	1
153	S22	1	1
153	N3	1	1
153	S23	1	1
153	N2	1	1
153	S12	1	1
153	S14	1	1
153	N10	1	1
153	S13	1	1
153	N9	1	1
153	S18	1	1
153	S19	1	1
153	N11	1	1
153	N8	1	1
153	S15	1	1
153	N7	1	1
153	S16	1	1
153	S17	1	1
153	N12	1	1
153	N6	1	1
153	S9	1	1
153	S11	1	1
153	N17	1	1
153	S10	1	1
153	N16	1	1
153	S8	1	1
153	N15	1	1
153	S7	1	1
153	N14	1	1
153	S5	1	1
153	S6	1	1
153	N19	1	1
153	S3	1	1
153	S2	1	1
153	S1	1	1
153	S4	1	1
153	N22	1	1
153	N21	1	1
153	N20	1	1
153	N18	1	1
153	N13	1	1
153	N5	1	1
153	N1	1	0.997
154	S20	1	1
154	S21	1	1
154	N4	1	1
154	S22	1	1
154	N3	1	1
154	S23	1	1
154	N2	1	1
154	S12	1	1
154	S14	1	1
154	N10	1	1
154	S13	1	1
154	N9	1	1
154	S18	1	1
154	S19	1	1
154	N11	1	1
154	N8	1	1
154	S15	1	1
154	N7	1	1
154	S16	1	1
154	S17	1	1
154	N12	1	1
154	N6	1	1
154	S9	1	1
154	S11	1	1
154	N17	1	1
154	S10	1	1
154	N16	1	1
154	S8	1	1
154	N15	1	1
154	S7	1	1
154	N14	1	1
154	S5	1	1
154	S6	1	1
154	N19	1	1
154	S3	1	1
154	S2	1	1
154	S1	1	1
154	S4	1	1
154	N22	1	1
154	N21	1	1
154	N20	1	1
154	N18	1	1
154	N13	1	1
154	N5	1	1
154	N1	1	0.997
155	S20	1	1
155	S21	1	1
155	N4	1	1
155	S22	1	1
155	N3	1	1
155	S23	1	1
155	N2	1	1
155	S12	1	1
155	S14	1	1
155	N10	1	1
155	S13	1	1
155	N9	1	1
155	S18	1	1
155	S19	1	1
155	N11	1	1
155	N8	1	1
155	S15	1	1
155	N7	1	1
155	S16	1	1
155	S17	1	1
155	N12	1	1
155	N6	1	1
155	S9	1	1
155	S11	1	1
155	N17	1	1
155	S10	1	1
155	N16	1	1
155	S8	1	1
155	N15	1	1
155	S7	1	1
155	N14	1	1
155	S5	1	1
155	S6	1	1
155	N19	1	1
155	S3	1	1
155	S2	1	1
155	S1	1	1
155	S4	1	1
155	N22	1	1
155	N21	1	1
155	N20	1	1
155	N18	1	1
155	N13	1	1
155	N5	1	1
155	N1	1	0.997
156	S20	1	1
156	S21	1	1
156	N4	1	1
156	S22	1	1
156	N3	1	1
156	S23	1	1
156	N2	1	1
156	S12	1	1
156	S14	1	1
156	N10	1	1
156	S13	1	1
156	N9	1	1
156	S18	1	1
156	S19	1	1
156	N11	1	1
156	N8	1	1
156	S15	1	1
156	N7	1	1
156	S16	1	1
156	S17	1	1
156	N12	1	1
156	N6	1	1
156	S9	1	1
156	S11	1	1
156	N17	1	1
156	S10	1	1
156	N16	1	1
156	S8	1	1
156	N15	1	1
156	S7	1	1
156	N14	1	1
156	S5	1	1
156	S6	1	1
156	N19	1	1
156	S3	1	1
156	S2	1	1
156	S1	1	1
156	S4	1	1
156	N22	1	1
156	N21	1	1
156	N20	1	1
156	N18	1	1
156	N13	1	1
156	N5	1	1
156	N1	1	0.997
157	S20	1	1
157	S21	1	1
157	N4	1	1
157	S22	1	1
157	N3	1	1
157	S23	1	1
157	N2	1	1
157	S12	1	1
157	S14	1	1
157	N10	1	1
157	S13	1	1
157	N9	1	1
157	S18	1	1
157	S19	1	1
157	N11	1	1
157	N8	1	1
157	S15	1	1
157	N7	1	1
157	S16	1	1
157	S17	1	1
157	N12	1	1
157	N6	1	1
157	S9	1	1
157	S11	1	1
157	N17	1	1
157	S10	1	1
157	N16	1	1
157	S8	1	1
157	N15	1	1
157	S7	1	1
157	N14	1	1
157	S5	1	1
157	S6	1	1
157	N19	1	1
157	S3	1	1
157	S2	1	1
157	S1	1	1
157	S4	1	1
157	N22	1	1
157	N21	1	1
157	N20	1	1
157	N18	1	1
157	N13	1	1
157	N5	1	1
157	N1	1	0.997
158	S20	1	1
158	S21	1	1
158	N4	1	1
158	S22	1	1
158	N3	1	1
158	S23	1	1
158	N2	1	1
158	S12	1	1
158	S14	1	1
158	N10	1	1
158	S13	1	1
158	N9	1	1
158	S18	1	1
158	S19	1	1
158	N11	1	1
158	N8	1	1
158	S15	1	1
158	N7	1	1
158	S16	1	1
158	S17	1	1
158	N12	1	1
158	N6	1	1
158	S9	1	1
158	S11	1	1
158	N17	1	1
158	S10	1	1
158	N16	1	1
158	S8	1	1
158	N15	1	1
158	S7	1	1
158	N14	1	1
158	S5	1	1
158	S6	1	1
158	N19	1	1
158	S3	1	1
158	S2	1	1
158	S1	1	1
158	S4	1	1
158	N22	1	1
158	N21	1	1
158	N20	1	1
158	N18	1	1
158	N13	1	1
158	N5	1	1
158	N1	1	0.997
159	S20	1	1
159	S21	1	1
159	N4	1	1
159	S22	1	1
159	N3	1	1
159	S23	1	1
159	N2	1	1
159	S12	1	1
159	S14	1	1
159	N10	1	1
159	S13	1	1
159	N9	1	1
159	S18	1	1
159	S19	1	1
159	N11	1	1
159	N8	1	1
159	S15	1	1
159	N7	1	1
159	S16	1	1
159	S17	1	1
159	N12	1	1
159	N6	1	1
159	S9	1	1
159	S11	1	1
159	N17	1	1
159	S10	1	1
159	N16	1	1
159	S8	1	1
159	N15	1	1
159	S7	1	1
159	N14	1	1
159	S5	1	1
159	S6	1	1
159	N19	1	1
159	S3	1	1
159	S2	1	1
159	S1	1	1
159	S4	1	1
159	N22	1	1
159	N21	1	1
159	N20	1	1
159	N18	1	1
159	N13	1	1
159	N5	1	1
159	N1	1	0.997
160	S20	1	1
160	S21	1	1
160	N4	1	1
160	S22	1	1
160	N3	1	1
160	S23	1	1
160	N2	1	1
160	S12	1	1
160	S14	1	1
160	N10	1	1
160	S13	1	1
160	N9	1	1
160	S18	1	1
160	S19	1	1
160	N11	1	1
160	N8	1	1
160	S15	1	1
160	N7	1	1
160	S16	1	1
160	S17	1	1
160	N12	1	1
160	N6	1	1
160	S9	1	1
160	S11	1	1
160	N17	1	1
160	S10	1	1
160	N16	1	1
160	S8	1	1
160	N15	1	1
160	S7	1	1
160	N14	1	1
160	S5	1	1
160	S6	1	1
160	N19	1	1
160	S3	1	1
160	S2	1	1
160	S1	1	1
160	S4	1	1
160	N22	1	1
160	N21	1	1
160	N20	1	1
160	N18	1	1
160	N13	1	1
160	N5	1	1
160	N1	1	0.997
161	S20	1	1
161	S21	1	1
161	N4	1	1
161	S22	1	1
161	N3	1	1
161	S23	1	1
161	N2	1	1
161	S12	1	1
161	S14	1	1
161	N10	1	1
161	S13	1	1
161	N9	1	1
161	S18	1	1
161	S19	1	1
161	N11	1	1
161	N8	1	1
161	S15	1	1
161	N7	1	1
161	S16	1	1
161	S17	1	1
161	N12	1	1
161	N6	1	1
161	S9	1	1
161	S11	1	1
161	N17	1	1
161	S10	1	1
161	N16	1	1
161	S8	1	1
161	N15	1	1
161	S7	1	1
161	N14	1	1
161	S5	1	1
161	S6	1	1
161	N19	1	1
161	S3	1	1
161	S2	1	1
161	S1	1	1
161	S4	1	1
161	N22	1	1
161	N21	1	1
161	N20	1	1
161	N18	1	1
161	N13	1	1
161	N5	1	1
161	N1	1	0.997
162	S20	1	1
162	S21	1	1
162	N4	1	1
162	S22	1	1
162	N3	1	1
162	S23	1	1
162	N2	1	1
162	S12	1	1
162	S14	1	1
162	N10	1	1
162	S13	1	1
162	N9	1	1
162	S18	1	1
162	S19	1	1
162	N11	1	1
162	N8	1	1
162	S15	1	1
162	N7	1	1
162	S16	1	1
162	S17	1	1
162	N12	1	1
162	N6	1	1
162	S9	1	1
162	S11	1	1
162	N17	1	1
162	S10	1	1
162	N16	1	1
162	S8	1	1
162	N15	1	1
162	S7	1	1
162	N14	1	1
162	S5	1	1
162	S6	1	1
162	N19	1	1
162	S3	1	1
162	S2	1	1
162	S1	1	1
162	S4	1	1
162	N22	1	1
162	N21	1	1
162	N20	1	1
162	N18	1	1
162	N13	1	1
162	N5	1	1
162	N1	1	0.997
163	S20	1	1
163	S21	1	1
163	N4	1	1
163	S22	1	1
163	N3	1	1
163	S23	1	1
163	N2	1	1
163	S12	1	1
163	S14	1	1
163	N10	1	1
163	S13	1	1
163	N9	1	1
163	S18	1	1
163	S19	1	1
163	N11	1	1
163	N8	1	1
163	S15	1	1
163	N7	1	1
163	S16	1	1
163	S17	1	1
163	N12	1	1
163	N6	1	1
163	S9	1	1
163	S11	1	1
163	N17	1	1
163	S10	1	1
163	N16	1	1
163	S8	1	1
163	N15	1	1
163	S7	1	1
163	N14	1	1
163	S5	1	1
163	S6	1	1
163	N19	1	1
163	S3	1	1
163	S2	1	1
163	S1	1	1
163	S4	1	1
163	N22	1	1
163	N21	1	1
163	N20	1	1
163	N18	1	1
163	N13	1	1
163	N5	1	1
163	N1	1	0.997
164	S20	1	1
164	S21	1	1
164	N4	1	1
164	S22	1	1
164	N3	1	1
164	S23	1	1
164	N2	1	1
164	S12	1	1
164	S14	1	1
164	N10	1	1
164	S13	1	1
164	N9	1	1
164	S18	1	1
164	S19	1	1
164	N11	1	1
164	N8	1	1
164	S15	1	1
164	N7	1	1
164	S16	1	1
164	S17	1	1
164	N12	1	1
164	N6	1	1
164	S9	1	1
164	S11	1	1
164	N17	1	1
164	S10	1	1
164	N16	1	1
164	S8	1	1
164	N15	1	1
164	S7	1	1
164	N14	1	1
164	S5	1	1
164	S6	1	1
164	N19	1	1
164	S3	1	1
164	S2	1	1
164	S1	1	1
164	S4	1	1
164	N22	1	1
164	N21	1	1
164	N20	1	1
164	N18	1	1
164	N13	1	1
164	N5	1	1
164	N1	1	0.997
165	S20	1	1
165	S21	1	1
165	N4	1	1
165	S22	1	1
165	N3	1	1
165	S23	1	1
165	N2	1	1
165	S12	1	1
165	S14	1	1
165	N10	1	1
165	S13	1	1
165	N9	1	1
165	S18	1	1
165	S19	1	1
165	N11	1	1
165	N8	1	1
165	S15	1	1
165	N7	1	1
165	S16	1	1
165	S17	1	1
165	N12	1	1
165	N6	1	1
165	S9	1	1
165	S11	1	1
165	N17	1	1
165	S10	1	1
165	N16	1	1
165	S8	1	1
165	N15	1	1
165	S7	1	1
165	N14	1	1
165	S5	1	1
165	S6	1	1
165	N19	1	1
165	S3	1	1
165	S2	1	1
165	S1	1	1
165	S4	1	1
165	N22	1	1
165	N21	1	1
165	N20	1	1
165	N18	1	1
165	N13	1	1
165	N5	1	1
165	N1	1	0.997
166	S20	1	1
166	S21	1	1
166	N4	1	1
166	S22	1	1
166	N3	1	1
166	S23	1	1
166	N2	1	1
166	S12	1	0.9996
166	S14	1	0.9992
166	N10	1	0.9996
166	S13	1	0.9996
166	N9	1	0.9996
166	S18	1	1
166	S19	1	1
166	N11	1	1
166	N8	1	0.9998
166	S15	1	0.9993
166	N7	1	0.9997
166	S16	1	0.9986
166	S17	1	0.9983
166	N12	1	0.9992
166	N6	1	0.9994
166	S9	1	0.9951
166	S11	1	0.9949
166	N17	1	0.9959
166	S10	1	0.9954
166	N16	1	0.996
166	S8	1	0.9957
166	N15	1	0.9961
166	S7	1	0.9952
166	N14	1	0.997
166	S5	1	0.9943
166	S6	1	0.9944
166	N19	1	0.9954
166	S3	1	0.9936
166	S2	1	0.9938
166	S1	1	0.9939
166	S4	1	0.993
166	N22	1	0.994
166	N21	1	0.9941
166	N20	1	0.9942
166	N18	1	0.996
166	N13	1	0.9978
166	N5	1	0.9986
166	N1	1	0.9962
167	S20	1	0
167	S21	1	0
167	N4	1	8.563e-08
167	S22	1	0
167	N3	1	1.194e-06
167	S23	1	0
167	N2	1	0.0005166
167	S12	1	1
167	S14	1	1
167	N10	1	1
167	S13	1	1
167	N9	1	1
167	S18	1	0
167	S19	1	0
167	N11	1	0.008628
167	N8	1	0.9983
167	S15	1	1
167	N7	1	0.9999
167	S16	1	1
167	S17	1	1
167	N12	1	1
167	N6	1	1
167	S9	1	1
167	S11	1	1
167	N17	1	1
167	S10	1	1
167	N16	1	1
167	S8	1	1
167	N15	1	1
167	S7	1	1
167	N14	1	1
167	S5	1	1
167	S6	1	1
167	N19	1	1
167	S3	1	1
167	S2	1	1
167	S1	1	1
167	S4	1	1
167	N22	1	1
167	N21	1	1
167	N20	1	1
167	N18	1	1
167	N13	1	1
167	N5	1	0.999
167	N1	1	0.5992
168	S20	1	0
168	S21	1	0
168	N4	1	6.48e-08
168	S22	1	0
168	N3	1	2.457e-07
168	S23	1	0
168	N2	1	2.958e-05
168	S12	1	0
168	S14	1	0
168	N10	1	3.087e-14
168	S13	1	0
168	N9	1	1.12e-12
168	S18	1	1
168	S19	1	1
168	N11	1	0.9642
168	N8	1	0.000239
168	S15	1	0
168	N7	1	1.744e-06
168	S16	1	0
168	S17	1	0
168	N12	1	3.203e-08
168	N6	1	7.571e-08
168	S9	1	0
168	S11	1	0
168	N17	1	3.891e-08
168	S10	1	0
168	N16	1	1.709e-09
168	S8	1	0
168	N15	1	7.351e-09
168	S7	1	0
168	N14	1	4.948e-07
168	S5	1	0
168	S6	1	0
168	N19	1	2.595e-07
168	S3	1	0
168	S2	1	0
168	S1	1	0
168	S4	1	0
168	N22	1	7.773e-09
168	N21	1	1.453e-09
168	N20	1	2.319e-08
168	N18	1	7.479e-07
168	N13	1	5.832e-07
168	N5	1	1.674e-05
168	N1	1	0.01824
169	S20	1	1
169	S21	1	1
169	N4	1	1
169	S22	1	1
169	N3	1	1
169	S23	1	1
169	N2	1	1
169	S12	1	1
169	S14	1	1
169	N10	1	1
169	S13	1	1
169	N9	1	1
169	S18	1	0.9991
169	S19	1	0.9981
169	N11	1	0.9996
169	N8	1	1
169	S15	1	1
169	N7	1	1
169	S16	1	1
169	S17	1	1
169	N12	1	1
169	N6	1	1
169	S9	1	1
169	S11	1	1
169	N17	1	1
169	S10	1	1
169	N16	1	1
169	S8	1	1
169	N15	1	1
169	S7	1	1
169	N14	1	1
169	S5	1	1
169	S6	1	1
169	N19	1	1
169	S3	1	1
169	S2	1	1
169	S1	1	1
169	S4	1	1
169	N22	1	1
169	N21	1	1
169	N20	1	1
169	N18	1	1
169	N13	1	1
169	N5	1	1
169	N1	1	0.997
