# print count over countCutOffLow=0.1 to countCutOffHigh=0.9 with increment=0.05
POS	prob01	prob10	exp01	exp10	prob01_Rec	prob10_Rec	exp01_Rec	exp10_Rec	prob01_Anc	prob10_Anc	exp01_Anc	exp10_Anc	count01_0.1	count10_0.1	count01_0.15	count10_0.15	count01_0.2	count10_0.2	count01_0.25	count10_0.25	count01_0.3	count10_0.3	count01_0.35	count10_0.35	count01_0.4	count10_0.4	count01_0.45	count10_0.45	count01_0.5	count10_0.5	count01_0.55	count10_0.55	count01_0.6	count10_0.6	count01_0.65	count10_0.65	count01_0.7	count10_0.7	count01_0.75	count10_0.75	count01_0.8	count10_0.8	count01_0.85	count10_0.85	count01_0.9	count10_0.9	
1	0.01018	0.006482	0.0102	0.006488	0.0002794	0.002271	0.0002794	0.002271	0.009898	0.004212	0.009922	0.004217	0	0	0	0	0	0	0	0	0	0	0	0	0	0	0	0	0	0	0	0	0	0	0	0	0	0	0	0	0	0	0	0	0	0	
2	1.024	0.0532	1.024	0.05333	0.8108	0.001208	0.8108	0.001208	0.2134	0.05199	0.2134	0.05212	2	0	2	0	1	0	1	0	1	0	1	0	1	0	1	0	1	0	1	0	1	0	1	0	1	0	1	0	1	0	0	0	0	0	
3	1.026	0.05337	1.026	0.05351	1.01	0.001577	1.01	0.001577	0.01603	0.0518	0.01605	0.05193	1	0	1	0	1	0	1	0	1	0	1	0	1	0	1	0	1	0	1	0	1	0	1	0	1	0	1	0	1	0	1	0	1	0	
4	1.017	0.05675	1.017	0.05688	0.9967	0.004977	0.9967	0.004977	0.02007	0.05177	0.0201	0.0519	1	0	1	0	1	0	1	0	1	0	1	0	1	0	1	0	1	0	1	0	1	0	1	0	1	0	1	0	1	0	1	0	1	0	
5	0.01011	0.004544	0.01014	0.00455	0.0002735	0.0007238	0.0002735	0.0007239	0.009838	0.00382	0.009862	0.003826	0	0	0	0	0	0	0	0	0	0	0	0	0	0	0	0	0	0	0	0	0	0	0	0	0	0	0	0	0	0	0	0	0	0	
6	0.01008	0.004034	0.01011	0.00404	0.0002607	0.0002325	0.0002607	0.0002325	0.009823	0.003802	0.009846	0.003807	0	0	0	0	0	0	0	0	0	0	0	0	0	0	0	0	0	0	0	0	0	0	0	0	0	0	0	0	0	0	0	0	0	0	
7	0.01008	0.004034	0.01011	0.00404	0.0002607	0.0002325	0.0002607	0.0002325	0.009823	0.003802	0.009846	0.003807	0	0	0	0	0	0	0	0	0	0	0	0	0	0	0	0	0	0	0	0	0	0	0	0	0	0	0	0	0	0	0	0	0	0	
8	1.531	0.5403	1.532	0.5417	0.09065	0.001367	0.09065	0.001367	1.44	0.5389	1.442	0.5403	2	1	2	1	2	1	2	1	2	1	2	1	2	1	2	1	1	1	1	0	1	0	1	0	1	0	1	0	1	0	1	0	1	0	
9	0.01008	0.004034	0.01011	0.00404	0.0002607	0.0002325	0.0002607	0.0002325	0.009823	0.003802	0.009846	0.003807	0	0	0	0	0	0	0	0	0	0	0	0	0	0	0	0	0	0	0	0	0	0	0	0	0	0	0	0	0	0	0	0	0	0	
10	0.01008	0.004034	0.01011	0.00404	0.0002607	0.0002325	0.0002607	0.0002325	0.009823	0.003802	0.009846	0.003807	0	0	0	0	0	0	0	0	0	0	0	0	0	0	0	0	0	0	0	0	0	0	0	0	0	0	0	0	0	0	0	0	0	0	
11	0.01008	0.004034	0.01011	0.00404	0.0002607	0.0002325	0.0002607	0.0002325	0.009823	0.003802	0.009846	0.003807	0	0	0	0	0	0	0	0	0	0	0	0	0	0	0	0	0	0	0	0	0	0	0	0	0	0	0	0	0	0	0	0	0	0	
12	0.01008	0.004034	0.01011	0.00404	0.0002607	0.0002325	0.0002607	0.0002325	0.009823	0.003802	0.009846	0.003807	0	0	0	0	0	0	0	0	0	0	0	0	0	0	0	0	0	0	0	0	0	0	0	0	0	0	0	0	0	0	0	0	0	0	
13	0.01008	0.004034	0.01011	0.00404	0.0002607	0.0002325	0.0002607	0.0002325	0.009823	0.003802	0.009846	0.003807	0	0	0	0	0	0	0	0	0	0	0	0	0	0	0	0	0	0	0	0	0	0	0	0	0	0	0	0	0	0	0	0	0	0	
14	0.01008	0.004034	0.01011	0.00404	0.0002607	0.0002325	0.0002607	0.0002325	0.009823	0.003802	0.009846	0.003807	0	0	0	0	0	0	0	0	0	0	0	0	0	0	0	0	0	0	0	0	0	0	0	0	0	0	0	0	0	0	0	0	0	0	
15	0.01008	0.004034	0.01011	0.00404	0.0002607	0.0002325	0.0002607	0.0002325	0.009823	0.003802	0.009846	0.003807	0	0	0	0	0	0	0	0	0	0	0	0	0	0	0	0	0	0	0	0	0	0	0	0	0	0	0	0	0	0	0	0	0	0	
16	0.01008	0.004034	0.01011	0.00404	0.0002607	0.0002325	0.0002607	0.0002325	0.009823	0.003802	0.009846	0.003807	0	0	0	0	0	0	0	0	0	0	0	0	0	0	0	0	0	0	0	0	0	0	0	0	0	0	0	0	0	0	0	0	0	0	
17	0.01008	0.004034	0.01011	0.00404	0.0002607	0.0002325	0.0002607	0.0002325	0.009823	0.003802	0.009846	0.003807	0	0	0	0	0	0	0	0	0	0	0	0	0	0	0	0	0	0	0	0	0	0	0	0	0	0	0	0	0	0	0	0	0	0	
18	0.01008	0.004034	0.01011	0.00404	0.0002607	0.0002325	0.0002607	0.0002325	0.009823	0.003802	0.009846	0.003807	0	0	0	0	0	0	0	0	0	0	0	0	0	0	0	0	0	0	0	0	0	0	0	0	0	0	0	0	0	0	0	0	0	0	
19	0.01008	0.004034	0.01011	0.00404	0.0002607	0.0002325	0.0002607	0.0002325	0.009823	0.003802	0.009846	0.003807	0	0	0	0	0	0	0	0	0	0	0	0	0	0	0	0	0	0	0	0	0	0	0	0	0	0	0	0	0	0	0	0	0	0	
20	0.01008	0.004034	0.01011	0.00404	0.0002607	0.0002325	0.0002607	0.0002325	0.009823	0.003802	0.009846	0.003807	0	0	0	0	0	0	0	0	0	0	0	0	0	0	0	0	0	0	0	0	0	0	0	0	0	0	0	0	0	0	0	0	0	0	
21	0.01008	0.004034	0.01011	0.00404	0.0002607	0.0002325	0.0002607	0.0002325	0.009823	0.003802	0.009846	0.003807	0	0	0	0	0	0	0	0	0	0	0	0	0	0	0	0	0	0	0	0	0	0	0	0	0	0	0	0	0	0	0	0	0	0	
22	0.01008	0.004034	0.01011	0.00404	0.0002607	0.0002325	0.0002607	0.0002325	0.009823	0.003802	0.009846	0.003807	0	0	0	0	0	0	0	0	0	0	0	0	0	0	0	0	0	0	0	0	0	0	0	0	0	0	0	0	0	0	0	0	0	0	
23	0.01008	0.004034	0.01011	0.00404	0.0002607	0.0002325	0.0002607	0.0002325	0.009823	0.003802	0.009846	0.003807	0	0	0	0	0	0	0	0	0	0	0	0	0	0	0	0	0	0	0	0	0	0	0	0	0	0	0	0	0	0	0	0	0	0	
24	0.01008	0.004034	0.01011	0.00404	0.0002607	0.0002325	0.0002607	0.0002325	0.009823	0.003802	0.009846	0.003807	0	0	0	0	0	0	0	0	0	0	0	0	0	0	0	0	0	0	0	0	0	0	0	0	0	0	0	0	0	0	0	0	0	0	
25	0.01008	0.004034	0.01011	0.00404	0.0002607	0.0002325	0.0002607	0.0002325	0.009823	0.003802	0.009846	0.003807	0	0	0	0	0	0	0	0	0	0	0	0	0	0	0	0	0	0	0	0	0	0	0	0	0	0	0	0	0	0	0	0	0	0	
26	0.01008	0.004034	0.01011	0.00404	0.0002607	0.0002325	0.0002607	0.0002325	0.009823	0.003802	0.009846	0.003807	0	0	0	0	0	0	0	0	0	0	0	0	0	0	0	0	0	0	0	0	0	0	0	0	0	0	0	0	0	0	0	0	0	0	
27	0.01008	0.004034	0.01011	0.00404	0.0002607	0.0002325	0.0002607	0.0002325	0.009823	0.003802	0.009846	0.003807	0	0	0	0	0	0	0	0	0	0	0	0	0	0	0	0	0	0	0	0	0	0	0	0	0	0	0	0	0	0	0	0	0	0	
28	0.01008	0.004034	0.01011	0.00404	0.0002607	0.0002325	0.0002607	0.0002325	0.009823	0.003802	0.009846	0.003807	0	0	0	0	0	0	0	0	0	0	0	0	0	0	0	0	0	0	0	0	0	0	0	0	0	0	0	0	0	0	0	0	0	0	
29	0.01008	0.004034	0.01011	0.00404	0.0002607	0.0002325	0.0002607	0.0002325	0.009823	0.003802	0.009846	0.003807	0	0	0	0	0	0	0	0	0	0	0	0	0	0	0	0	0	0	0	0	0	0	0	0	0	0	0	0	0	0	0	0	0	0	
30	0.01008	0.004034	0.01011	0.00404	0.0002607	0.0002325	0.0002607	0.0002325	0.009823	0.003802	0.009846	0.003807	0	0	0	0	0	0	0	0	0	0	0	0	0	0	0	0	0	0	0	0	0	0	0	0	0	0	0	0	0	0	0	0	0	0	
31	0.01008	0.004034	0.01011	0.00404	0.0002607	0.0002325	0.0002607	0.0002325	0.009823	0.003802	0.009846	0.003807	0	0	0	0	0	0	0	0	0	0	0	0	0	0	0	0	0	0	0	0	0	0	0	0	0	0	0	0	0	0	0	0	0	0	
32	0.01008	0.004034	0.01011	0.00404	0.0002607	0.0002325	0.0002607	0.0002325	0.009823	0.003802	0.009846	0.003807	0	0	0	0	0	0	0	0	0	0	0	0	0	0	0	0	0	0	0	0	0	0	0	0	0	0	0	0	0	0	0	0	0	0	
33	0.01008	0.004034	0.01011	0.00404	0.0002607	0.0002325	0.0002607	0.0002325	0.009823	0.003802	0.009846	0.003807	0	0	0	0	0	0	0	0	0	0	0	0	0	0	0	0	0	0	0	0	0	0	0	0	0	0	0	0	0	0	0	0	0	0	
34	0.01008	0.004034	0.01011	0.00404	0.0002607	0.0002325	0.0002607	0.0002325	0.009823	0.003802	0.009846	0.003807	0	0	0	0	0	0	0	0	0	0	0	0	0	0	0	0	0	0	0	0	0	0	0	0	0	0	0	0	0	0	0	0	0	0	
35	0.01008	0.004034	0.01011	0.00404	0.0002607	0.0002325	0.0002607	0.0002325	0.009823	0.003802	0.009846	0.003807	0	0	0	0	0	0	0	0	0	0	0	0	0	0	0	0	0	0	0	0	0	0	0	0	0	0	0	0	0	0	0	0	0	0	
36	0.01008	0.004034	0.01011	0.00404	0.0002607	0.0002325	0.0002607	0.0002325	0.009823	0.003802	0.009846	0.003807	0	0	0	0	0	0	0	0	0	0	0	0	0	0	0	0	0	0	0	0	0	0	0	0	0	0	0	0	0	0	0	0	0	0	
37	0.01008	0.004034	0.01011	0.00404	0.0002607	0.0002325	0.0002607	0.0002325	0.009823	0.003802	0.009846	0.003807	0	0	0	0	0	0	0	0	0	0	0	0	0	0	0	0	0	0	0	0	0	0	0	0	0	0	0	0	0	0	0	0	0	0	
38	0.01008	0.004034	0.01011	0.00404	0.0002607	0.0002325	0.0002607	0.0002325	0.009823	0.003802	0.009846	0.003807	0	0	0	0	0	0	0	0	0	0	0	0	0	0	0	0	0	0	0	0	0	0	0	0	0	0	0	0	0	0	0	0	0	0	
39	0.01008	0.004034	0.01011	0.00404	0.0002607	0.0002325	0.0002607	0.0002325	0.009823	0.003802	0.009846	0.003807	0	0	0	0	0	0	0	0	0	0	0	0	0	0	0	0	0	0	0	0	0	0	0	0	0	0	0	0	0	0	0	0	0	0	
40	0.01008	0.004034	0.01011	0.00404	0.0002607	0.0002325	0.0002607	0.0002325	0.009823	0.003802	0.009846	0.003807	0	0	0	0	0	0	0	0	0	0	0	0	0	0	0	0	0	0	0	0	0	0	0	0	0	0	0	0	0	0	0	0	0	0	
41	0.01008	0.004034	0.01011	0.00404	0.0002607	0.0002325	0.0002607	0.0002325	0.009823	0.003802	0.009846	0.003807	0	0	0	0	0	0	0	0	0	0	0	0	0	0	0	0	0	0	0	0	0	0	0	0	0	0	0	0	0	0	0	0	0	0	
42	0.01008	0.004034	0.01011	0.00404	0.0002607	0.0002325	0.0002607	0.0002325	0.009823	0.003802	0.009846	0.003807	0	0	0	0	0	0	0	0	0	0	0	0	0	0	0	0	0	0	0	0	0	0	0	0	0	0	0	0	0	0	0	0	0	0	
43	0.01008	0.004034	0.01011	0.00404	0.0002607	0.0002325	0.0002607	0.0002325	0.009823	0.003802	0.009846	0.003807	0	0	0	0	0	0	0	0	0	0	0	0	0	0	0	0	0	0	0	0	0	0	0	0	0	0	0	0	0	0	0	0	0	0	
44	0.01008	0.004034	0.01011	0.00404	0.0002607	0.0002325	0.0002607	0.0002325	0.009823	0.003802	0.009846	0.003807	0	0	0	0	0	0	0	0	0	0	0	0	0	0	0	0	0	0	0	0	0	0	0	0	0	0	0	0	0	0	0	0	0	0	
45	0.01008	0.004034	0.01011	0.00404	0.0002607	0.0002325	0.0002607	0.0002325	0.009823	0.003802	0.009846	0.003807	0	0	0	0	0	0	0	0	0	0	0	0	0	0	0	0	0	0	0	0	0	0	0	0	0	0	0	0	0	0	0	0	0	0	
46	0.01008	0.004034	0.01011	0.00404	0.0002607	0.0002325	0.0002607	0.0002325	0.009823	0.003802	0.009846	0.003807	0	0	0	0	0	0	0	0	0	0	0	0	0	0	0	0	0	0	0	0	0	0	0	0	0	0	0	0	0	0	0	0	0	0	
47	0.01008	0.004034	0.01011	0.00404	0.0002607	0.0002325	0.0002607	0.0002325	0.009823	0.003802	0.009846	0.003807	0	0	0	0	0	0	0	0	0	0	0	0	0	0	0	0	0	0	0	0	0	0	0	0	0	0	0	0	0	0	0	0	0	0	
48	0.01008	0.004034	0.01011	0.00404	0.0002607	0.0002325	0.0002607	0.0002325	0.009823	0.003802	0.009846	0.003807	0	0	0	0	0	0	0	0	0	0	0	0	0	0	0	0	0	0	0	0	0	0	0	0	0	0	0	0	0	0	0	0	0	0	
49	0.01008	0.004034	0.01011	0.00404	0.0002607	0.0002325	0.0002607	0.0002325	0.009823	0.003802	0.009846	0.003807	0	0	0	0	0	0	0	0	0	0	0	0	0	0	0	0	0	0	0	0	0	0	0	0	0	0	0	0	0	0	0	0	0	0	
50	0.01008	0.004034	0.01011	0.00404	0.0002607	0.0002325	0.0002607	0.0002325	0.009823	0.003802	0.009846	0.003807	0	0	0	0	0	0	0	0	0	0	0	0	0	0	0	0	0	0	0	0	0	0	0	0	0	0	0	0	0	0	0	0	0	0	
51	0.01008	0.004034	0.01011	0.00404	0.0002607	0.0002325	0.0002607	0.0002325	0.009823	0.003802	0.009846	0.003807	0	0	0	0	0	0	0	0	0	0	0	0	0	0	0	0	0	0	0	0	0	0	0	0	0	0	0	0	0	0	0	0	0	0	
52	0.01008	0.004034	0.01011	0.00404	0.0002607	0.0002325	0.0002607	0.0002325	0.009823	0.003802	0.009846	0.003807	0	0	0	0	0	0	0	0	0	0	0	0	0	0	0	0	0	0	0	0	0	0	0	0	0	0	0	0	0	0	0	0	0	0	
53	0.05245	1.017	0.05255	1.017	0.0009974	0.9918	0.0009974	0.9918	0.05145	0.02482	0.05155	0.02485	0	1	0	1	0	1	0	1	0	1	0	1	0	1	0	1	0	1	0	1	0	1	0	1	0	1	0	1	0	1	0	1	0	1	
54	1.531	0.5403	1.532	0.5417	0.09065	0.001367	0.09065	0.001367	1.44	0.5389	1.442	0.5403	2	1	2	1	2	1	2	1	2	1	2	1	2	1	2	1	1	1	1	0	1	0	1	0	1	0	1	0	1	0	1	0	1	0	
55	0.01008	0.004034	0.01011	0.00404	0.0002607	0.0002325	0.0002607	0.0002325	0.009823	0.003802	0.009846	0.003807	0	0	0	0	0	0	0	0	0	0	0	0	0	0	0	0	0	0	0	0	0	0	0	0	0	0	0	0	0	0	0	0	0	0	
56	0.06917	1.015	0.06928	1.015	0.001756	0.00101	0.001756	0.00101	0.06741	1.014	0.06753	1.014	0	1	0	1	0	1	0	1	0	1	0	1	0	1	0	1	0	1	0	1	0	1	0	1	0	1	0	1	0	1	0	1	0	1	
57	0.02769	0.04083	0.02774	0.04088	0.00356	0.01556	0.00356	0.01556	0.02413	0.02527	0.02418	0.02532	0	0	0	0	0	0	0	0	0	0	0	0	0	0	0	0	0	0	0	0	0	0	0	0	0	0	0	0	0	0	0	0	0	0	
58	0.02769	0.04083	0.02774	0.04088	0.00356	0.01556	0.00356	0.01556	0.02413	0.02527	0.02418	0.02532	0	0	0	0	0	0	0	0	0	0	0	0	0	0	0	0	0	0	0	0	0	0	0	0	0	0	0	0	0	0	0	0	0	0	
59	0.01008	0.004034	0.01011	0.00404	0.0002607	0.0002325	0.0002607	0.0002325	0.009823	0.003802	0.009846	0.003807	0	0	0	0	0	0	0	0	0	0	0	0	0	0	0	0	0	0	0	0	0	0	0	0	0	0	0	0	0	0	0	0	0	0	
60	1.531	0.5403	1.532	0.5417	0.09065	0.001367	0.09065	0.001367	1.44	0.5389	1.442	0.5403	2	1	2	1	2	1	2	1	2	1	2	1	2	1	2	1	1	1	1	0	1	0	1	0	1	0	1	0	1	0	1	0	1	0	
61	0.02193	0.02581	0.02197	0.02585	0.002399	0.007101	0.002399	0.007101	0.01953	0.01871	0.01957	0.01875	0	0	0	0	0	0	0	0	0	0	0	0	0	0	0	0	0	0	0	0	0	0	0	0	0	0	0	0	0	0	0	0	0	0	
62	0.01008	0.004034	0.01011	0.00404	0.0002607	0.0002325	0.0002607	0.0002325	0.009823	0.003802	0.009846	0.003807	0	0	0	0	0	0	0	0	0	0	0	0	0	0	0	0	0	0	0	0	0	0	0	0	0	0	0	0	0	0	0	0	0	0	
63	0.01008	0.004034	0.01011	0.00404	0.0002607	0.0002325	0.0002607	0.0002325	0.009823	0.003802	0.009846	0.003807	0	0	0	0	0	0	0	0	0	0	0	0	0	0	0	0	0	0	0	0	0	0	0	0	0	0	0	0	0	0	0	0	0	0	
64	0.01008	0.004034	0.01011	0.00404	0.0002607	0.0002325	0.0002607	0.0002325	0.009823	0.003802	0.009846	0.003807	0	0	0	0	0	0	0	0	0	0	0	0	0	0	0	0	0	0	0	0	0	0	0	0	0	0	0	0	0	0	0	0	0	0	
65	0.01008	0.004034	0.01011	0.00404	0.0002607	0.0002325	0.0002607	0.0002325	0.009823	0.003802	0.009846	0.003807	0	0	0	0	0	0	0	0	0	0	0	0	0	0	0	0	0	0	0	0	0	0	0	0	0	0	0	0	0	0	0	0	0	0	
66	0.01008	0.004034	0.01011	0.00404	0.0002607	0.0002325	0.0002607	0.0002325	0.009823	0.003802	0.009846	0.003807	0	0	0	0	0	0	0	0	0	0	0	0	0	0	0	0	0	0	0	0	0	0	0	0	0	0	0	0	0	0	0	0	0	0	
67	0.01008	0.004034	0.01011	0.00404	0.0002607	0.0002325	0.0002607	0.0002325	0.009823	0.003802	0.009846	0.003807	0	0	0	0	0	0	0	0	0	0	0	0	0	0	0	0	0	0	0	0	0	0	0	0	0	0	0	0	0	0	0	0	0	0	
68	0.01008	0.004034	0.01011	0.00404	0.0002607	0.0002325	0.0002607	0.0002325	0.009823	0.003802	0.009846	0.003807	0	0	0	0	0	0	0	0	0	0	0	0	0	0	0	0	0	0	0	0	0	0	0	0	0	0	0	0	0	0	0	0	0	0	
69	0.01008	0.004034	0.01011	0.00404	0.0002607	0.0002325	0.0002607	0.0002325	0.009823	0.003802	0.009846	0.003807	0	0	0	0	0	0	0	0	0	0	0	0	0	0	0	0	0	0	0	0	0	0	0	0	0	0	0	0	0	0	0	0	0	0	
70	0.01008	0.004034	0.01011	0.00404	0.0002607	0.0002325	0.0002607	0.0002325	0.009823	0.003802	0.009846	0.003807	0	0	0	0	0	0	0	0	0	0	0	0	0	0	0	0	0	0	0	0	0	0	0	0	0	0	0	0	0	0	0	0	0	0	
71	0.01008	0.004034	0.01011	0.00404	0.0002607	0.0002325	0.0002607	0.0002325	0.009823	0.003802	0.009846	0.003807	0	0	0	0	0	0	0	0	0	0	0	0	0	0	0	0	0	0	0	0	0	0	0	0	0	0	0	0	0	0	0	0	0	0	
72	0.01008	0.004034	0.01011	0.00404	0.0002607	0.0002325	0.0002607	0.0002325	0.009823	0.003802	0.009846	0.003807	0	0	0	0	0	0	0	0	0	0	0	0	0	0	0	0	0	0	0	0	0	0	0	0	0	0	0	0	0	0	0	0	0	0	
73	0.01008	0.004034	0.01011	0.00404	0.0002607	0.0002325	0.0002607	0.0002325	0.009823	0.003802	0.009846	0.003807	0	0	0	0	0	0	0	0	0	0	0	0	0	0	0	0	0	0	0	0	0	0	0	0	0	0	0	0	0	0	0	0	0	0	
74	0.01008	0.004034	0.01011	0.00404	0.0002607	0.0002325	0.0002607	0.0002325	0.009823	0.003802	0.009846	0.003807	0	0	0	0	0	0	0	0	0	0	0	0	0	0	0	0	0	0	0	0	0	0	0	0	0	0	0	0	0	0	0	0	0	0	
75	0.01008	0.004034	0.01011	0.00404	0.0002607	0.0002325	0.0002607	0.0002325	0.009823	0.003802	0.009846	0.003807	0	0	0	0	0	0	0	0	0	0	0	0	0	0	0	0	0	0	0	0	0	0	0	0	0	0	0	0	0	0	0	0	0	0	
76	0.01008	0.004034	0.01011	0.00404	0.0002607	0.0002325	0.0002607	0.0002325	0.009823	0.003802	0.009846	0.003807	0	0	0	0	0	0	0	0	0	0	0	0	0	0	0	0	0	0	0	0	0	0	0	0	0	0	0	0	0	0	0	0	0	0	
77	0.01008	0.004034	0.01011	0.00404	0.0002607	0.0002325	0.0002607	0.0002325	0.009823	0.003802	0.009846	0.003807	0	0	0	0	0	0	0	0	0	0	0	0	0	0	0	0	0	0	0	0	0	0	0	0	0	0	0	0	0	0	0	0	0	0	
78	0.01008	0.004034	0.01011	0.00404	0.0002607	0.0002325	0.0002607	0.0002325	0.009823	0.003802	0.009846	0.003807	0	0	0	0	0	0	0	0	0	0	0	0	0	0	0	0	0	0	0	0	0	0	0	0	0	0	0	0	0	0	0	0	0	0	
79	0.01008	0.004034	0.01011	0.00404	0.0002607	0.0002325	0.0002607	0.0002325	0.009823	0.003802	0.009846	0.003807	0	0	0	0	0	0	0	0	0	0	0	0	0	0	0	0	0	0	0	0	0	0	0	0	0	0	0	0	0	0	0	0	0	0	
80	0.01008	0.004034	0.01011	0.00404	0.0002607	0.0002325	0.0002607	0.0002325	0.009823	0.003802	0.009846	0.003807	0	0	0	0	0	0	0	0	0	0	0	0	0	0	0	0	0	0	0	0	0	0	0	0	0	0	0	0	0	0	0	0	0	0	
81	0.01008	0.004034	0.01011	0.00404	0.0002607	0.0002325	0.0002607	0.0002325	0.009823	0.003802	0.009846	0.003807	0	0	0	0	0	0	0	0	0	0	0	0	0	0	0	0	0	0	0	0	0	0	0	0	0	0	0	0	0	0	0	0	0	0	
82	0.01008	0.004034	0.01011	0.00404	0.0002607	0.0002325	0.0002607	0.0002325	0.009823	0.003802	0.009846	0.003807	0	0	0	0	0	0	0	0	0	0	0	0	0	0	0	0	0	0	0	0	0	0	0	0	0	0	0	0	0	0	0	0	0	0	
83	0.01008	0.004034	0.01011	0.00404	0.0002607	0.0002325	0.0002607	0.0002325	0.009823	0.003802	0.009846	0.003807	0	0	0	0	0	0	0	0	0	0	0	0	0	0	0	0	0	0	0	0	0	0	0	0	0	0	0	0	0	0	0	0	0	0	
84	0.01008	0.004034	0.01011	0.00404	0.0002607	0.0002325	0.0002607	0.0002325	0.009823	0.003802	0.009846	0.003807	0	0	0	0	0	0	0	0	0	0	0	0	0	0	0	0	0	0	0	0	0	0	0	0	0	0	0	0	0	0	0	0	0	0	
85	0.01008	0.004034	0.01011	0.00404	0.0002607	0.0002325	0.0002607	0.0002325	0.009823	0.003802	0.009846	0.003807	0	0	0	0	0	0	0	0	0	0	0	0	0	0	0	0	0	0	0	0	0	0	0	0	0	0	0	0	0	0	0	0	0	0	
86	0.01008	0.004034	0.01011	0.00404	0.0002607	0.0002325	0.0002607	0.0002325	0.009823	0.003802	0.009846	0.003807	0	0	0	0	0	0	0	0	0	0	0	0	0	0	0	0	0	0	0	0	0	0	0	0	0	0	0	0	0	0	0	0	0	0	
87	0.01008	0.004034	0.01011	0.00404	0.0002607	0.0002325	0.0002607	0.0002325	0.009823	0.003802	0.009846	0.003807	0	0	0	0	0	0	0	0	0	0	0	0	0	0	0	0	0	0	0	0	0	0	0	0	0	0	0	0	0	0	0	0	0	0	
88	0.01008	0.004034	0.01011	0.00404	0.0002607	0.0002325	0.0002607	0.0002325	0.009823	0.003802	0.009846	0.003807	0	0	0	0	0	0	0	0	0	0	0	0	0	0	0	0	0	0	0	0	0	0	0	0	0	0	0	0	0	0	0	0	0	0	
89	0.01008	0.004034	0.01011	0.00404	0.0002607	0.0002325	0.0002607	0.0002325	0.009823	0.003802	0.009846	0.003807	0	0	0	0	0	0	0	0	0	0	0	0	0	0	0	0	0	0	0	0	0	0	0	0	0	0	0	0	0	0	0	0	0	0	
90	0.01008	0.004034	0.01011	0.00404	0.0002607	0.0002325	0.0002607	0.0002325	0.009823	0.003802	0.009846	0.003807	0	0	0	0	0	0	0	0	0	0	0	0	0	0	0	0	0	0	0	0	0	0	0	0	0	0	0	0	0	0	0	0	0	0	
91	0.01008	0.004034	0.01011	0.00404	0.0002607	0.0002325	0.0002607	0.0002325	0.009823	0.003802	0.009846	0.003807	0	0	0	0	0	0	0	0	0	0	0	0	0	0	0	0	0	0	0	0	0	0	0	0	0	0	0	0	0	0	0	0	0	0	
92	0.01008	0.004034	0.01011	0.00404	0.0002607	0.0002325	0.0002607	0.0002325	0.009823	0.003802	0.009846	0.003807	0	0	0	0	0	0	0	0	0	0	0	0	0	0	0	0	0	0	0	0	0	0	0	0	0	0	0	0	0	0	0	0	0	0	
93	0.01008	0.004034	0.01011	0.00404	0.0002607	0.0002325	0.0002607	0.0002325	0.009823	0.003802	0.009846	0.003807	0	0	0	0	0	0	0	0	0	0	0	0	0	0	0	0	0	0	0	0	0	0	0	0	0	0	0	0	0	0	0	0	0	0	
94	0.01008	0.004034	0.01011	0.00404	0.0002607	0.0002325	0.0002607	0.0002325	0.009823	0.003802	0.009846	0.003807	0	0	0	0	0	0	0	0	0	0	0	0	0	0	0	0	0	0	0	0	0	0	0	0	0	0	0	0	0	0	0	0	0	0	
95	0.01008	0.004034	0.01011	0.00404	0.0002607	0.0002325	0.0002607	0.0002325	0.009823	0.003802	0.009846	0.003807	0	0	0	0	0	0	0	0	0	0	0	0	0	0	0	0	0	0	0	0	0	0	0	0	0	0	0	0	0	0	0	0	0	0	
96	0.01008	0.004034	0.01011	0.00404	0.0002607	0.0002325	0.0002607	0.0002325	0.009823	0.003802	0.009846	0.003807	0	0	0	0	0	0	0	0	0	0	0	0	0	0	0	0	0	0	0	0	0	0	0	0	0	0	0	0	0	0	0	0	0	0	
97	0.01008	0.004034	0.01011	0.00404	0.0002607	0.0002325	0.0002607	0.0002325	0.009823	0.003802	0.009846	0.003807	0	0	0	0	0	0	0	0	0	0	0	0	0	0	0	0	0	0	0	0	0	0	0	0	0	0	0	0	0	0	0	0	0	0	
98	0.01008	0.004034	0.01011	0.00404	0.0002607	0.0002325	0.0002607	0.0002325	0.009823	0.003802	0.009846	0.003807	0	0	0	0	0	0	0	0	0	0	0	0	0	0	0	0	0	0	0	0	0	0	0	0	0	0	0	0	0	0	0	0	0	0	
99	0.01008	0.004034	0.01011	0.00404	0.0002607	0.0002325	0.0002607	0.0002325	0.009823	0.003802	0.009846	0.003807	0	0	0	0	0	0	0	0	0	0	0	0	0	0	0	0	0	0	0	0	0	0	0	0	0	0	0	0	0	0	0	0	0	0	
100	0.01008	0.004034	0.01011	0.00404	0.0002607	0.0002325	0.0002607	0.0002325	0.009823	0.003802	0.009846	0.003807	0	0	0	0	0	0	0	0	0	0	0	0	0	0	0	0	0	0	0	0	0	0	0	0	0	0	0	0	0	0	0	0	0	0	
101	0.01008	0.004034	0.01011	0.00404	0.0002607	0.0002325	0.0002607	0.0002325	0.009823	0.003802	0.009846	0.003807	0	0	0	0	0	0	0	0	0	0	0	0	0	0	0	0	0	0	0	0	0	0	0	0	0	0	0	0	0	0	0	0	0	0	
102	0.01008	0.004034	0.01011	0.00404	0.0002607	0.0002325	0.0002607	0.0002325	0.009823	0.003802	0.009846	0.003807	0	0	0	0	0	0	0	0	0	0	0	0	0	0	0	0	0	0	0	0	0	0	0	0	0	0	0	0	0	0	0	0	0	0	
103	0.01008	0.004034	0.01011	0.00404	0.0002607	0.0002325	0.0002607	0.0002325	0.009823	0.003802	0.009846	0.003807	0	0	0	0	0	0	0	0	0	0	0	0	0	0	0	0	0	0	0	0	0	0	0	0	0	0	0	0	0	0	0	0	0	0	
104	0.01008	0.004034	0.01011	0.00404	0.0002607	0.0002325	0.0002607	0.0002325	0.009823	0.003802	0.009846	0.003807	0	0	0	0	0	0	0	0	0	0	0	0	0	0	0	0	0	0	0	0	0	0	0	0	0	0	0	0	0	0	0	0	0	0	
105	0.01008	0.004034	0.01011	0.00404	0.0002607	0.0002325	0.0002607	0.0002325	0.009823	0.003802	0.009846	0.003807	0	0	0	0	0	0	0	0	0	0	0	0	0	0	0	0	0	0	0	0	0	0	0	0	0	0	0	0	0	0	0	0	0	0	
106	0.01008	0.004034	0.01011	0.00404	0.0002607	0.0002325	0.0002607	0.0002325	0.009823	0.003802	0.009846	0.003807	0	0	0	0	0	0	0	0	0	0	0	0	0	0	0	0	0	0	0	0	0	0	0	0	0	0	0	0	0	0	0	0	0	0	
107	0.01008	0.004034	0.01011	0.00404	0.0002607	0.0002325	0.0002607	0.0002325	0.009823	0.003802	0.009846	0.003807	0	0	0	0	0	0	0	0	0	0	0	0	0	0	0	0	0	0	0	0	0	0	0	0	0	0	0	0	0	0	0	0	0	0	
108	0.01008	0.004034	0.01011	0.00404	0.0002607	0.0002325	0.0002607	0.0002325	0.009823	0.003802	0.009846	0.003807	0	0	0	0	0	0	0	0	0	0	0	0	0	0	0	0	0	0	0	0	0	0	0	0	0	0	0	0	0	0	0	0	0	0	
109	0.01008	0.004034	0.01011	0.00404	0.0002607	0.0002325	0.0002607	0.0002325	0.009823	0.003802	0.009846	0.003807	0	0	0	0	0	0	0	0	0	0	0	0	0	0	0	0	0	0	0	0	0	0	0	0	0	0	0	0	0	0	0	0	0	0	
110	0.01008	0.004034	0.01011	0.00404	0.0002607	0.0002325	0.0002607	0.0002325	0.009823	0.003802	0.009846	0.003807	0	0	0	0	0	0	0	0	0	0	0	0	0	0	0	0	0	0	0	0	0	0	0	0	0	0	0	0	0	0	0	0	0	0	
111	0.01008	0.004034	0.01011	0.00404	0.0002607	0.0002325	0.0002607	0.0002325	0.009823	0.003802	0.009846	0.003807	0	0	0	0	0	0	0	0	0	0	0	0	0	0	0	0	0	0	0	0	0	0	0	0	0	0	0	0	0	0	0	0	0	0	
112	0.01008	0.004034	0.01011	0.00404	0.0002607	0.0002325	0.0002607	0.0002325	0.009823	0.003802	0.009846	0.003807	0	0	0	0	0	0	0	0	0	0	0	0	0	0	0	0	0	0	0	0	0	0	0	0	0	0	0	0	0	0	0	0	0	0	
113	0.01008	0.004034	0.01011	0.00404	0.0002607	0.0002325	0.0002607	0.0002325	0.009823	0.003802	0.009846	0.003807	0	0	0	0	0	0	0	0	0	0	0	0	0	0	0	0	0	0	0	0	0	0	0	0	0	0	0	0	0	0	0	0	0	0	
114	0.01008	0.004034	0.01011	0.00404	0.0002607	0.0002325	0.0002607	0.0002325	0.009823	0.003802	0.009846	0.003807	0	0	0	0	0	0	0	0	0	0	0	0	0	0	0	0	0	0	0	0	0	0	0	0	0	0	0	0	0	0	0	0	0	0	
115	1.979	0.1381	1.979	0.1383	0.9522	0.001016	0.9523	0.001016	1.026	0.1371	1.026	0.1373	2	0	2	0	2	0	2	0	2	0	2	0	2	0	2	0	2	0	2	0	2	0	2	0	2	0	2	0	2	0	2	0	2	0	
116	0.4221	1.664	0.4231	1.666	0.004496	0.04496	0.004496	0.04496	0.4176	1.619	0.4186	1.621	1	2	1	2	1	2	1	2	1	2	1	2	1	2	0	2	0	2	0	2	0	2	0	1	0	1	0	1	0	1	0	1	0	1	
117	0.01423	0.02525	0.01425	0.02526	0.001243	0.01268	0.001243	0.01269	0.01298	0.01257	0.01301	0.01258	0	0	0	0	0	0	0	0	0	0	0	0	0	0	0	0	0	0	0	0	0	0	0	0	0	0	0	0	0	0	0	0	0	0	
118	0.01008	0.004034	0.01011	0.00404	0.0002607	0.0002325	0.0002607	0.0002325	0.009823	0.003802	0.009846	0.003807	0	0	0	0	0	0	0	0	0	0	0	0	0	0	0	0	0	0	0	0	0	0	0	0	0	0	0	0	0	0	0	0	0	0	
119	0.01008	0.004034	0.01011	0.00404	0.0002607	0.0002325	0.0002607	0.0002325	0.009823	0.003802	0.009846	0.003807	0	0	0	0	0	0	0	0	0	0	0	0	0	0	0	0	0	0	0	0	0	0	0	0	0	0	0	0	0	0	0	0	0	0	
120	0.01008	0.004034	0.01011	0.00404	0.0002607	0.0002325	0.0002607	0.0002325	0.009823	0.003802	0.009846	0.003807	0	0	0	0	0	0	0	0	0	0	0	0	0	0	0	0	0	0	0	0	0	0	0	0	0	0	0	0	0	0	0	0	0	0	
121	0.01008	0.004034	0.01011	0.00404	0.0002607	0.0002325	0.0002607	0.0002325	0.009823	0.003802	0.009846	0.003807	0	0	0	0	0	0	0	0	0	0	0	0	0	0	0	0	0	0	0	0	0	0	0	0	0	0	0	0	0	0	0	0	0	0	
122	0.01008	0.004034	0.01011	0.00404	0.0002607	0.0002325	0.0002607	0.0002325	0.009823	0.003802	0.009846	0.003807	0	0	0	0	0	0	0	0	0	0	0	0	0	0	0	0	0	0	0	0	0	0	0	0	0	0	0	0	0	0	0	0	0	0	
123	0.01008	0.004034	0.01011	0.00404	0.0002607	0.0002325	0.0002607	0.0002325	0.009823	0.003802	0.009846	0.003807	0	0	0	0	0	0	0	0	0	0	0	0	0	0	0	0	0	0	0	0	0	0	0	0	0	0	0	0	0	0	0	0	0	0	
124	0.01008	0.004034	0.01011	0.00404	0.0002607	0.0002325	0.0002607	0.0002325	0.009823	0.003802	0.009846	0.003807	0	0	0	0	0	0	0	0	0	0	0	0	0	0	0	0	0	0	0	0	0	0	0	0	0	0	0	0	0	0	0	0	0	0	
125	0.01008	0.004034	0.01011	0.00404	0.0002607	0.0002325	0.0002607	0.0002325	0.009823	0.003802	0.009846	0.003807	0	0	0	0	0	0	0	0	0	0	0	0	0	0	0	0	0	0	0	0	0	0	0	0	0	0	0	0	0	0	0	0	0	0	
126	0.01008	0.004034	0.01011	0.00404	0.0002607	0.0002325	0.0002607	0.0002325	0.009823	0.003802	0.009846	0.003807	0	0	0	0	0	0	0	0	0	0	0	0	0	0	0	0	0	0	0	0	0	0	0	0	0	0	0	0	0	0	0	0	0	0	
127	0.01008	0.004034	0.01011	0.00404	0.0002607	0.0002325	0.0002607	0.0002325	0.009823	0.003802	0.009846	0.003807	0	0	0	0	0	0	0	0	0	0	0	0	0	0	0	0	0	0	0	0	0	0	0	0	0	0	0	0	0	0	0	0	0	0	
128	0.01008	0.004034	0.01011	0.00404	0.0002607	0.0002325	0.0002607	0.0002325	0.009823	0.003802	0.009846	0.003807	0	0	0	0	0	0	0	0	0	0	0	0	0	0	0	0	0	0	0	0	0	0	0	0	0	0	0	0	0	0	0	0	0	0	
129	0.01008	0.004034	0.01011	0.00404	0.0002607	0.0002325	0.0002607	0.0002325	0.009823	0.003802	0.009846	0.003807	0	0	0	0	0	0	0	0	0	0	0	0	0	0	0	0	0	0	0	0	0	0	0	0	0	0	0	0	0	0	0	0	0	0	
130	0.01008	0.004034	0.01011	0.00404	0.0002607	0.0002325	0.0002607	0.0002325	0.009823	0.003802	0.009846	0.003807	0	0	0	0	0	0	0	0	0	0	0	0	0	0	0	0	0	0	0	0	0	0	0	0	0	0	0	0	0	0	0	0	0	0	
131	0.01008	0.004034	0.01011	0.00404	0.0002607	0.0002325	0.0002607	0.0002325	0.009823	0.003802	0.009846	0.003807	0	0	0	0	0	0	0	0	0	0	0	0	0	0	0	0	0	0	0	0	0	0	0	0	0	0	0	0	0	0	0	0	0	0	
132	0.01008	0.004034	0.01011	0.00404	0.0002607	0.0002325	0.0002607	0.0002325	0.009823	0.003802	0.009846	0.003807	0	0	0	0	0	0	0	0	0	0	0	0	0	0	0	0	0	0	0	0	0	0	0	0	0	0	0	0	0	0	0	0	0	0	
133	0.04263	1.019	0.04274	1.019	0.001225	1.003	0.001225	1.003	0.04141	0.01625	0.04151	0.01627	0	1	0	1	0	1	0	1	0	1	0	1	0	1	0	1	0	1	0	1	0	1	0	1	0	1	0	1	0	1	0	1	0	1	
134	1.017	0.05341	1.017	0.05355	1	0.001644	1	0.001644	0.01673	0.05177	0.01676	0.0519	1	0	1	0	1	0	1	0	1	0	1	0	1	0	1	0	1	0	1	0	1	0	1	0	1	0	1	0	1	0	1	0	1	0	
135	0.02977	0.04922	0.02982	0.04927	0.004846	0.02016	0.004846	0.02016	0.02492	0.02906	0.02497	0.02911	0	0	0	0	0	0	0	0	0	0	0	0	0	0	0	0	0	0	0	0	0	0	0	0	0	0	0	0	0	0	0	0	0	0	
136	0.01008	0.004034	0.01011	0.00404	0.0002607	0.0002325	0.0002607	0.0002325	0.009823	0.003802	0.009846	0.003807	0	0	0	0	0	0	0	0	0	0	0	0	0	0	0	0	0	0	0	0	0	0	0	0	0	0	0	0	0	0	0	0	0	0	
137	0.01008	0.004034	0.01011	0.00404	0.0002607	0.0002325	0.0002607	0.0002325	0.009823	0.003802	0.009846	0.003807	0	0	0	0	0	0	0	0	0	0	0	0	0	0	0	0	0	0	0	0	0	0	0	0	0	0	0	0	0	0	0	0	0	0	
138	0.9847	0.1419	0.9849	0.1421	0.9407	0.0008626	0.9408	0.0008626	0.044	0.141	0.04413	0.1412	1	0	1	0	1	0	1	0	1	0	1	0	1	0	1	0	1	0	1	0	1	0	1	0	1	0	1	0	1	0	1	0	1	0	
139	0.01008	0.004034	0.01011	0.00404	0.0002607	0.0002325	0.0002607	0.0002325	0.009823	0.003802	0.009846	0.003807	0	0	0	0	0	0	0	0	0	0	0	0	0	0	0	0	0	0	0	0	0	0	0	0	0	0	0	0	0	0	0	0	0	0	
140	0.01008	0.004034	0.01011	0.00404	0.0002607	0.0002325	0.0002607	0.0002325	0.009823	0.003802	0.009846	0.003807	0	0	0	0	0	0	0	0	0	0	0	0	0	0	0	0	0	0	0	0	0	0	0	0	0	0	0	0	0	0	0	0	0	0	
141	0.01008	0.004034	0.01011	0.00404	0.0002607	0.0002325	0.0002607	0.0002325	0.009823	0.003802	0.009846	0.003807	0	0	0	0	0	0	0	0	0	0	0	0	0	0	0	0	0	0	0	0	0	0	0	0	0	0	0	0	0	0	0	0	0	0	
142	0.01008	0.004034	0.01011	0.00404	0.0002607	0.0002325	0.0002607	0.0002325	0.009823	0.003802	0.009846	0.003807	0	0	0	0	0	0	0	0	0	0	0	0	0	0	0	0	0	0	0	0	0	0	0	0	0	0	0	0	0	0	0	0	0	0	
143	0.01008	0.004034	0.01011	0.00404	0.0002607	0.0002325	0.0002607	0.0002325	0.009823	0.003802	0.009846	0.003807	0	0	0	0	0	0	0	0	0	0	0	0	0	0	0	0	0	0	0	0	0	0	0	0	0	0	0	0	0	0	0	0	0	0	
144	0.01008	0.004034	0.01011	0.00404	0.0002607	0.0002325	0.0002607	0.0002325	0.009823	0.003802	0.009846	0.003807	0	0	0	0	0	0	0	0	0	0	0	0	0	0	0	0	0	0	0	0	0	0	0	0	0	0	0	0	0	0	0	0	0	0	
145	0.01008	0.004034	0.01011	0.00404	0.0002607	0.0002325	0.0002607	0.0002325	0.009823	0.003802	0.009846	0.003807	0	0	0	0	0	0	0	0	0	0	0	0	0	0	0	0	0	0	0	0	0	0	0	0	0	0	0	0	0	0	0	0	0	0	
146	0.01008	0.004034	0.01011	0.00404	0.0002607	0.0002325	0.0002607	0.0002325	0.009823	0.003802	0.009846	0.003807	0	0	0	0	0	0	0	0	0	0	0	0	0	0	0	0	0	0	0	0	0	0	0	0	0	0	0	0	0	0	0	0	0	0	
147	0.01008	0.004034	0.01011	0.00404	0.0002607	0.0002325	0.0002607	0.0002325	0.009823	0.003802	0.009846	0.003807	0	0	0	0	0	0	0	0	0	0	0	0	0	0	0	0	0	0	0	0	0	0	0	0	0	0	0	0	0	0	0	0	0	0	
148	0.01008	0.004034	0.01011	0.00404	0.0002607	0.0002325	0.0002607	0.0002325	0.009823	0.003802	0.009846	0.003807	0	0	0	0	0	0	0	0	0	0	0	0	0	0	0	0	0	0	0	0	0	0	0	0	0	0	0	0	0	0	0	0	0	0	
149	1.531	0.5403	1.532	0.5417	0.09065	0.001367	0.09065	0.001367	1.44	0.5389	1.442	0.5403	2	1	2	1	2	1	2	1	2	1	2	1	2	1	2	1	1	1	1	0	1	0	1	0	1	0	1	0	1	0	1	0	1	0	
150	0.02193	0.02581	0.02197	0.02585	0.002399	0.007101	0.002399	0.007101	0.01953	0.01871	0.01957	0.01875	0	0	0	0	0	0	0	0	0	0	0	0	0	0	0	0	0	0	0	0	0	0	0	0	0	0	0	0	0	0	0	0	0	0	
151	0.01008	0.004034	0.01011	0.00404	0.0002607	0.0002325	0.0002607	0.0002325	0.009823	0.003802	0.009846	0.003807	0	0	0	0	0	0	0	0	0	0	0	0	0	0	0	0	0	0	0	0	0	0	0	0	0	0	0	0	0	0	0	0	0	0	
152	0.01008	0.004034	0.01011	0.00404	0.0002607	0.0002325	0.0002607	0.0002325	0.009823	0.003802	0.009846	0.003807	0	0	0	0	0	0	0	0	0	0	0	0	0	0	0	0	0	0	0	0	0	0	0	0	0	0	0	0	0	0	0	0	0	0	
153	0.01008	0.004034	0.01011	0.00404	0.0002607	0.0002325	0.0002607	0.0002325	0.009823	0.003802	0.009846	0.003807	0	0	0	0	0	0	0	0	0	0	0	0	0	0	0	0	0	0	0	0	0	0	0	0	0	0	0	0	0	0	0	0	0	0	
154	0.01008	0.004034	0.01011	0.00404	0.0002607	0.0002325	0.0002607	0.0002325	0.009823	0.003802	0.009846	0.003807	0	0	0	0	0	0	0	0	0	0	0	0	0	0	0	0	0	0	0	0	0	0	0	0	0	0	0	0	0	0	0	0	0	0	
155	0.01008	0.004034	0.01011	0.00404	0.0002607	0.0002325	0.0002607	0.0002325	0.009823	0.003802	0.009846	0.003807	0	0	0	0	0	0	0	0	0	0	0	0	0	0	0	0	0	0	0	0	0	0	0	0	0	0	0	0	0	0	0	0	0	0	
156	0.01008	0.004034	0.01011	0.00404	0.0002607	0.0002325	0.0002607	0.0002325	0.009823	0.003802	0.009846	0.003807	0	0	0	0	0	0	0	0	0	0	0	0	0	0	0	0	0	0	0	0	0	0	0	0	0	0	0	0	0	0	0	0	0	0	
157	0.01008	0.004034	0.01011	0.00404	0.0002607	0.0002325	0.0002607	0.0002325	0.009823	0.003802	0.009846	0.003807	0	0	0	0	0	0	0	0	0	0	0	0	0	0	0	0	0	0	0	0	0	0	0	0	0	0	0	0	0	0	0	0	0	0	
158	0.01008	0.004034	0.01011	0.00404	0.0002607	0.0002325	0.0002607	0.0002325	0.009823	0.003802	0.009846	0.003807	0	0	0	0	0	0	0	0	0	0	0	0	0	0	0	0	0	0	0	0	0	0	0	0	0	0	0	0	0	0	0	0	0	0	
159	0.01008	0.004034	0.01011	0.00404	0.0002607	0.0002325	0.0002607	0.0002325	0.009823	0.003802	0.009846	0.003807	0	0	0	0	0	0	0	0	0	0	0	0	0	0	0	0	0	0	0	0	0	0	0	0	0	0	0	0	0	0	0	0	0	0	
160	0.01008	0.004034	0.01011	0.00404	0.0002607	0.0002325	0.0002607	0.0002325	0.009823	0.003802	0.009846	0.003807	0	0	0	0	0	0	0	0	0	0	0	0	0	0	0	0	0	0	0	0	0	0	0	0	0	0	0	0	0	0	0	0	0	0	
161	0.01008	0.004034	0.01011	0.00404	0.0002607	0.0002325	0.0002607	0.0002325	0.009823	0.003802	0.009846	0.003807	0	0	0	0	0	0	0	0	0	0	0	0	0	0	0	0	0	0	0	0	0	0	0	0	0	0	0	0	0	0	0	0	0	0	
162	0.01008	0.004034	0.01011	0.00404	0.0002607	0.0002325	0.0002607	0.0002325	0.009823	0.003802	0.009846	0.003807	0	0	0	0	0	0	0	0	0	0	0	0	0	0	0	0	0	0	0	0	0	0	0	0	0	0	0	0	0	0	0	0	0	0	
163	0.01008	0.004034	0.01011	0.00404	0.0002607	0.0002325	0.0002607	0.0002325	0.009823	0.003802	0.009846	0.003807	0	0	0	0	0	0	0	0	0	0	0	0	0	0	0	0	0	0	0	0	0	0	0	0	0	0	0	0	0	0	0	0	0	0	
164	0.01008	0.004034	0.01011	0.00404	0.0002607	0.0002325	0.0002607	0.0002325	0.009823	0.003802	0.009846	0.003807	0	0	0	0	0	0	0	0	0	0	0	0	0	0	0	0	0	0	0	0	0	0	0	0	0	0	0	0	0	0	0	0	0	0	
165	0.01008	0.004034	0.01011	0.00404	0.0002607	0.0002325	0.0002607	0.0002325	0.009823	0.003802	0.009846	0.003807	0	0	0	0	0	0	0	0	0	0	0	0	0	0	0	0	0	0	0	0	0	0	0	0	0	0	0	0	0	0	0	0	0	0	
166	0.01423	0.02525	0.01425	0.02526	0.001243	0.01268	0.001243	0.01269	0.01298	0.01257	0.01301	0.01258	0	0	0	0	0	0	0	0	0	0	0	0	0	0	0	0	0	0	0	0	0	0	0	0	0	0	0	0	0	0	0	0	0	0	
167	0.4165	1.62	0.4175	1.622	0.002885	0.01885	0.002885	0.01885	0.4136	1.601	0.4146	1.603	1	2	1	2	1	2	1	2	1	2	1	2	1	2	0	2	0	2	0	2	0	2	0	1	0	1	0	1	0	1	0	1	0	1	
168	1.053	0.05373	1.053	0.05387	0.07243	0.001132	0.07243	0.001132	0.9804	0.0526	0.9805	0.05274	1	0	1	0	1	0	1	0	1	0	1	0	1	0	1	0	1	0	1	0	1	0	1	0	1	0	1	0	1	0	1	0	1	0	
169	0.01018	0.006482	0.0102	0.006488	0.0002794	0.00227	0.0002794	0.00227	0.009898	0.004212	0.009922	0.004217	0	0	0	0	0	0	0	0	0	0	0	0	0	0	0	0	0	0	0	0	0	0	0	0	0	0	0	0	0	0	0	0	0	0	
