# Rate values were normalized to Z score (mean rate=0, +/-1 rat= +/-standard error)
# Rates were calculated using the expectation of the posterior rate distribution
# Prior distribution is Gamma with 4 discrete categories
# The alpha parameter 0.1716
# sp.rates(j)  j= 0	0.0001697	0.25
# sp.rates(j)  j= 1	0.01918	0.25
# sp.rates(j)  j= 2	0.3058	0.25
# sp.rates(j)  j= 3	3.675	0.25

=========================================================================================================================================================
# POS	RATE
1	-0.3167
2	2.511
3	2.497
4	2.495
5	-0.3232
6	-0.3249
7	-0.3249
8	3.495
9	-0.3249
10	-0.3249
11	-0.3249
12	-0.3249
13	-0.3249
14	-0.3249
15	-0.3249
16	-0.3249
17	-0.3249
18	-0.3249
19	-0.3249
20	-0.3249
21	-0.3249
22	-0.3249
23	-0.3249
24	-0.3249
25	-0.3249
26	-0.3249
27	-0.3249
28	-0.3249
29	-0.3249
30	-0.3249
31	-0.3249
32	-0.3249
33	-0.3249
34	-0.3249
35	-0.3249
36	-0.3249
37	-0.3249
38	-0.3249
39	-0.3249
40	-0.3249
41	-0.3249
42	-0.3249
43	-0.3249
44	-0.3249
45	-0.3249
46	-0.3249
47	-0.3249
48	-0.3249
49	-0.3249
50	-0.3249
51	-0.3249
52	-0.3249
53	3.107
54	3.495
55	-0.3249
56	3.055
57	-0.1696
58	-0.1696
59	-0.3249
60	3.495
61	-0.2241
62	-0.3249
63	-0.3249
64	-0.3249
65	-0.3249
66	-0.3249
67	-0.3249
68	-0.3249
69	-0.3249
70	-0.3249
71	-0.3249
72	-0.3249
73	-0.3249
74	-0.3249
75	-0.3249
76	-0.3249
77	-0.3249
78	-0.3249
79	-0.3249
80	-0.3249
81	-0.3249
82	-0.3249
83	-0.3249
84	-0.3249
85	-0.3249
86	-0.3249
87	-0.3249
88	-0.3249
89	-0.3249
90	-0.3249
91	-0.3249
92	-0.3249
93	-0.3249
94	-0.3249
95	-0.3249
96	-0.3249
97	-0.3249
98	-0.3249
99	-0.3249
100	-0.3249
101	-0.3249
102	-0.3249
103	-0.3249
104	-0.3249
105	-0.3249
106	-0.3249
107	-0.3249
108	-0.3249
109	-0.3249
110	-0.3249
111	-0.3249
112	-0.3249
113	-0.3249
114	-0.3249
115	3.477
116	3.51
117	-0.2519
118	-0.3249
119	-0.3249
120	-0.3249
121	-0.3249
122	-0.3249
123	-0.3249
124	-0.3249
125	-0.3249
126	-0.3249
127	-0.3249
128	-0.3249
129	-0.3249
130	-0.3249
131	-0.3249
132	-0.3249
133	3.109
134	2.493
135	-0.1424
136	-0.3249
137	-0.3249
138	2.562
139	-0.3249
140	-0.3249
141	-0.3249
142	-0.3249
143	-0.3249
144	-0.3249
145	-0.3249
146	-0.3249
147	-0.3249
148	-0.3249
149	3.495
150	-0.2241
151	-0.3249
152	-0.3249
153	-0.3249
154	-0.3249
155	-0.3249
156	-0.3249
157	-0.3249
158	-0.3249
159	-0.3249
160	-0.3249
161	-0.3249
162	-0.3249
163	-0.3249
164	-0.3249
165	-0.3249
166	-0.2519
167	3.508
168	2.554
169	-0.3167
# Average = 1.103
# Standard Deviation = 0.7214
