# Rates were calculated using the expectation of the posterior rate distribution
# Prior distribution is Gamma with 4 discrete categories
# The alpha parameter 0.1716
# sp.rates(j)  j= 0	0.0001697	0.25
# sp.rates(j)  j= 1	0.01918	0.25
# sp.rates(j)  j= 2	0.3058	0.25
# sp.rates(j)  j= 3	3.675	0.25

=========================================================================================================================================================
# POS	RATE
1	0.8743
2	2.914
3	2.904
4	2.903
5	0.8696
6	0.8683
7	0.8683
8	3.624
9	0.8683
10	0.8683
11	0.8683
12	0.8683
13	0.8683
14	0.8683
15	0.8683
16	0.8683
17	0.8683
18	0.8683
19	0.8683
20	0.8683
21	0.8683
22	0.8683
23	0.8683
24	0.8683
25	0.8683
26	0.8683
27	0.8683
28	0.8683
29	0.8683
30	0.8683
31	0.8683
32	0.8683
33	0.8683
34	0.8683
35	0.8683
36	0.8683
37	0.8683
38	0.8683
39	0.8683
40	0.8683
41	0.8683
42	0.8683
43	0.8683
44	0.8683
45	0.8683
46	0.8683
47	0.8683
48	0.8683
49	0.8683
50	0.8683
51	0.8683
52	0.8683
53	3.344
54	3.624
55	0.8683
56	3.307
57	0.9804
58	0.9804
59	0.8683
60	3.624
61	0.941
62	0.8683
63	0.8683
64	0.8683
65	0.8683
66	0.8683
67	0.8683
68	0.8683
69	0.8683
70	0.8683
71	0.8683
72	0.8683
73	0.8683
74	0.8683
75	0.8683
76	0.8683
77	0.8683
78	0.8683
79	0.8683
80	0.8683
81	0.8683
82	0.8683
83	0.8683
84	0.8683
85	0.8683
86	0.8683
87	0.8683
88	0.8683
89	0.8683
90	0.8683
91	0.8683
92	0.8683
93	0.8683
94	0.8683
95	0.8683
96	0.8683
97	0.8683
98	0.8683
99	0.8683
100	0.8683
101	0.8683
102	0.8683
103	0.8683
104	0.8683
105	0.8683
106	0.8683
107	0.8683
108	0.8683
109	0.8683
110	0.8683
111	0.8683
112	0.8683
113	0.8683
114	0.8683
115	3.611
116	3.635
117	0.9211
118	0.8683
119	0.8683
120	0.8683
121	0.8683
122	0.8683
123	0.8683
124	0.8683
125	0.8683
126	0.8683
127	0.8683
128	0.8683
129	0.8683
130	0.8683
131	0.8683
132	0.8683
133	3.345
134	2.901
135	1
136	0.8683
137	0.8683
138	2.951
139	0.8683
140	0.8683
141	0.8683
142	0.8683
143	0.8683
144	0.8683
145	0.8683
146	0.8683
147	0.8683
148	0.8683
149	3.624
150	0.941
151	0.8683
152	0.8683
153	0.8683
154	0.8683
155	0.8683
156	0.8683
157	0.8683
158	0.8683
159	0.8683
160	0.8683
161	0.8683
162	0.8683
163	0.8683
164	0.8683
165	0.8683
166	0.9211
167	3.633
168	2.945
169	0.8743
# Average = 1.103
# Standard Deviation = 0.7214
