# Start coordinate are with the genome as reference (not MSA).
# Count starts from zero (first position = 1).
seqID	seqName	start	length
0	S1	1	1
0	S1	32	2
0	S1	54	2
0	S1	83	9
0	S1	95	6
0	S1	110	5
0	S1	140	23
0	S1	530	21
0	S1	545	9
0	S1	618	6
0	S1	629	6
0	S1	664	3
0	S1	674	6
0	S1	710	6
0	S1	720	3
0	S1	728	25
0	S1	751	3
0	S1	819	3
0	S1	891	3
0	S1	913	15
0	S1	1001	7
0	S1	1037	3
0	S1	1163	3
0	S1	1175	27
0	S1	1245	5
0	S1	1269	19
0	S1	1290	3
0	S1	1302	9
0	S1	1314	4
0	S1	1328	36
0	S1	1390	1
0	S1	1418	4
0	S1	1440	8
0	S1	2722	9
0	S1	2752	9
0	S1	2811	1
0	S1	3168	6
0	S1	3182	6
0	S1	3287	4
0	S1	3299	3
0	S1	3340	7
0	S1	3360	30
0	S1	3389	32
0	S1	3408	24
0	S1	3423	28
0	S1	3459	3
0	S1	3481	11
0	S1	3488	6
0	S1	3502	11
0	S1	3513	8
0	S1	3524	1
0	S1	3649	3
0	S1	3701	6
0	S1	3826	21
0	S1	3830	3
0	S1	3844	9
0	S1	3863	61
0	S1	3878	3
0	S1	3889	93
0	S1	3922	2
0	S1	3955	30
0	S1	3981	4
0	S1	4034	3
0	S1	4107	6
0	S1	4124	12
0	S1	4152	90
0	S1	4164	3
0	S1	4188	6
0	S1	4207	46
0	S1	4215	95
0	S1	4228	2
0	S1	4241	12
0	S1	4493	12
0	S1	4530	12
0	S1	4596	12
0	S1	4718	6
0	S1	4720	3
0	S1	4857	3
0	S1	4909	6
0	S1	5023	3
0	S1	5052	3
0	S1	5057	3
0	S1	5241	9
0	S1	5291	3
0	S1	5305	3
0	S1	5311	39
0	S1	5324	12
0	S1	5345	6
0	S1	5390	24
0	S1	5403	68
0	S1	5415	3
0	S1	5538	9
0	S1	5688	3
0	S1	5806	6
0	S1	6037	12
0	S1	6172	3
0	S1	6481	6
0	S1	6699	9
0	S1	6934	3
0	S1	7058	11
0	S1	7080	18
0	S1	7096	24
0	S1	7181	19
0	S1	7191	18
0	S1	7204	1
0	S1	7212	1
0	S1	7214	7
0	S1	7229	8
0	S1	7243	82
0	S1	7258	1
0	S1	7263	3
0	S1	7275	7
0	S1	7282	3
0	S1	7291	10
0	S1	7302	8
0	S1	7305	5
0	S1	7316	2
0	S1	7331	23
0	S1	7345	2
0	S1	7361	6
0	S1	7370	51
0	S1	7387	3
0	S1	7426	6
0	S1	7430	12
0	S1	7449	2
0	S1	7457	8
0	S1	7464	14
0	S1	7481	9
0	S1	7490	42
0	S1	7502	1
0	S1	7504	1
0	S1	7519	6
0	S1	7532	11
0	S1	7540	8
0	S1	7556	32
0	S1	7558	79
0	S1	7574	2
0	S1	7584	8
0	S1	7597	28
0	S1	7620	26
0	S1	7640	18
0	S1	7653	27
0	S1	7674	2
0	S1	7675	1
0	S1	7676	23
0	S1	7710	19
0	S1	7718	11
0	S1	7731	1
0	S1	7737	10
0	S1	7744	3
0	S1	7758	1
0	S1	7770	24
0	S1	7782	2551
1	S2	1	1
1	S2	32	2
1	S2	54	2
1	S2	83	9
1	S2	95	6
1	S2	110	5
1	S2	140	23
1	S2	530	21
1	S2	545	9
1	S2	618	6
1	S2	629	6
1	S2	664	3
1	S2	674	6
1	S2	710	6
1	S2	720	3
1	S2	728	25
1	S2	751	3
1	S2	819	3
1	S2	891	3
1	S2	913	15
1	S2	1001	7
1	S2	1037	3
1	S2	1163	3
1	S2	1175	27
1	S2	1245	5
1	S2	1269	19
1	S2	1290	3
1	S2	1302	9
1	S2	1314	4
1	S2	1328	36
1	S2	1390	1
1	S2	1418	4
1	S2	1440	8
1	S2	2722	9
1	S2	2752	9
1	S2	2811	1
1	S2	3168	6
1	S2	3182	6
1	S2	3287	4
1	S2	3299	3
1	S2	3340	7
1	S2	3360	30
1	S2	3389	32
1	S2	3408	24
1	S2	3423	28
1	S2	3459	3
1	S2	3481	11
1	S2	3488	6
1	S2	3502	11
1	S2	3513	8
1	S2	3524	1
1	S2	3649	3
1	S2	3701	6
1	S2	3826	21
1	S2	3830	3
1	S2	3844	9
1	S2	3863	61
1	S2	3878	3
1	S2	3889	93
1	S2	3922	2
1	S2	3955	30
1	S2	3981	4
1	S2	4034	3
1	S2	4107	6
1	S2	4124	12
1	S2	4152	90
1	S2	4164	3
1	S2	4188	6
1	S2	4207	46
1	S2	4215	95
1	S2	4228	2
1	S2	4241	12
1	S2	4493	12
1	S2	4530	12
1	S2	4596	12
1	S2	4718	6
1	S2	4720	3
1	S2	4857	3
1	S2	4909	6
1	S2	5023	3
1	S2	5052	3
1	S2	5057	3
1	S2	5241	9
1	S2	5291	3
1	S2	5305	3
1	S2	5311	39
1	S2	5324	12
1	S2	5345	6
1	S2	5390	24
1	S2	5403	68
1	S2	5415	3
1	S2	5538	9
1	S2	5688	3
1	S2	5806	6
1	S2	6037	12
1	S2	6172	3
1	S2	6481	6
1	S2	6699	9
1	S2	6934	3
1	S2	7058	11
1	S2	7080	18
1	S2	7096	24
1	S2	7181	19
1	S2	7191	18
1	S2	7204	1
1	S2	7212	1
1	S2	7214	7
1	S2	7229	8
1	S2	7243	82
1	S2	7258	1
1	S2	7263	3
1	S2	7275	7
1	S2	7282	3
1	S2	7291	10
1	S2	7302	8
1	S2	7305	5
1	S2	7316	2
1	S2	7331	23
1	S2	7345	2
1	S2	7361	6
1	S2	7370	51
1	S2	7387	3
1	S2	7426	6
1	S2	7430	12
1	S2	7449	2
1	S2	7457	8
1	S2	7464	14
1	S2	7481	9
1	S2	7490	42
1	S2	7502	1
1	S2	7504	1
1	S2	7519	6
1	S2	7532	11
1	S2	7540	8
1	S2	7556	32
1	S2	7558	79
1	S2	7574	2
1	S2	7584	8
1	S2	7597	28
1	S2	7620	26
1	S2	7640	18
1	S2	7653	27
1	S2	7674	2
1	S2	7675	1
1	S2	7676	23
1	S2	7710	19
1	S2	7718	11
1	S2	7731	1
1	S2	7737	10
1	S2	7744	3
1	S2	7758	1
1	S2	7770	24
1	S2	7798	1
1	S2	7802	1
1	S2	7805	9
1	S2	7825	2497
2	S3	1	1
2	S3	32	2
2	S3	54	2
2	S3	83	9
2	S3	95	6
2	S3	110	5
2	S3	140	23
2	S3	530	21
2	S3	545	9
2	S3	618	6
2	S3	629	6
2	S3	664	3
2	S3	674	6
2	S3	710	6
2	S3	720	3
2	S3	728	25
2	S3	751	3
2	S3	819	3
2	S3	891	3
2	S3	913	15
2	S3	1001	7
2	S3	1037	3
2	S3	1163	3
2	S3	1175	27
2	S3	1245	5
2	S3	1269	19
2	S3	1290	3
2	S3	1302	9
2	S3	1314	4
2	S3	1328	36
2	S3	1390	1
2	S3	1418	4
2	S3	1440	8
2	S3	2722	9
2	S3	2752	9
2	S3	2811	1
2	S3	3168	6
2	S3	3182	6
2	S3	3287	4
2	S3	3299	3
2	S3	3340	7
2	S3	3360	30
2	S3	3389	32
2	S3	3408	24
2	S3	3423	28
2	S3	3459	3
2	S3	3481	11
2	S3	3488	6
2	S3	3502	11
2	S3	3513	8
2	S3	3524	1
2	S3	3649	3
2	S3	3701	6
2	S3	3826	21
2	S3	3830	3
2	S3	3844	9
2	S3	3863	61
2	S3	3878	3
2	S3	3889	93
2	S3	3922	2
2	S3	3955	30
2	S3	3981	4
2	S3	4034	3
2	S3	4107	6
2	S3	4124	12
2	S3	4152	90
2	S3	4164	3
2	S3	4188	6
2	S3	4207	46
2	S3	4215	95
2	S3	4228	2
2	S3	4241	12
2	S3	4493	12
2	S3	4530	12
2	S3	4596	12
2	S3	4718	6
2	S3	4720	3
2	S3	4857	3
2	S3	4909	6
2	S3	5023	3
2	S3	5052	3
2	S3	5057	3
2	S3	5241	9
2	S3	5291	3
2	S3	5305	3
2	S3	5311	39
2	S3	5324	12
2	S3	5345	6
2	S3	5390	24
2	S3	5403	68
2	S3	5415	3
2	S3	5538	9
2	S3	5688	3
2	S3	5806	6
2	S3	6037	12
2	S3	6172	3
2	S3	6481	6
2	S3	6699	9
2	S3	6934	3
2	S3	7058	11
2	S3	7080	18
2	S3	7096	24
2	S3	7181	19
2	S3	7191	18
2	S3	7204	1
2	S3	7212	1
2	S3	7214	7
2	S3	7229	8
2	S3	7243	82
2	S3	7258	1
2	S3	7263	3
2	S3	7275	7
2	S3	7282	3
2	S3	7291	10
2	S3	7302	8
2	S3	7305	5
2	S3	7316	2
2	S3	7331	23
2	S3	7345	2
2	S3	7361	6
2	S3	7370	51
2	S3	7387	3
2	S3	7426	6
2	S3	7430	12
2	S3	7449	2
2	S3	7457	8
2	S3	7464	14
2	S3	7481	9
2	S3	7490	42
2	S3	7502	1
2	S3	7504	1
2	S3	7519	6
2	S3	7532	11
2	S3	7540	8
2	S3	7556	32
2	S3	7558	79
2	S3	7574	2
2	S3	7584	8
2	S3	7597	28
2	S3	7620	26
2	S3	7640	18
2	S3	7653	27
2	S3	7674	2
2	S3	7675	1
2	S3	7676	23
2	S3	7710	19
2	S3	7718	11
2	S3	7731	1
2	S3	7737	10
2	S3	7744	3
2	S3	7758	1
2	S3	7770	24
2	S3	7798	1
2	S3	7802	1
2	S3	7805	9
2	S3	7825	2497
3	S4	1	1
3	S4	32	2
3	S4	54	2
3	S4	83	9
3	S4	95	6
3	S4	110	5
3	S4	140	23
3	S4	530	21
3	S4	545	9
3	S4	618	6
3	S4	629	6
3	S4	664	3
3	S4	674	6
3	S4	710	6
3	S4	720	3
3	S4	728	25
3	S4	751	3
3	S4	819	3
3	S4	891	3
3	S4	913	15
3	S4	1001	7
3	S4	1037	3
3	S4	1163	3
3	S4	1175	27
3	S4	1245	5
3	S4	1269	19
3	S4	1290	3
3	S4	1302	9
3	S4	1314	4
3	S4	1328	36
3	S4	1390	1
3	S4	1418	4
3	S4	1440	8
3	S4	2722	9
3	S4	2752	9
3	S4	2811	1
3	S4	3168	6
3	S4	3182	6
3	S4	3287	4
3	S4	3299	3
3	S4	3340	7
3	S4	3360	30
3	S4	3389	32
3	S4	3408	24
3	S4	3423	28
3	S4	3459	3
3	S4	3481	11
3	S4	3488	6
3	S4	3502	11
3	S4	3513	8
3	S4	3524	1
3	S4	3649	3
3	S4	3701	6
3	S4	3826	21
3	S4	3830	3
3	S4	3844	9
3	S4	3863	61
3	S4	3878	3
3	S4	3889	93
3	S4	3922	2
3	S4	3955	30
3	S4	3981	4
3	S4	4034	3
3	S4	4107	6
3	S4	4124	12
3	S4	4152	90
3	S4	4164	3
3	S4	4188	6
3	S4	4207	46
3	S4	4215	95
3	S4	4228	2
3	S4	4241	12
3	S4	4493	12
3	S4	4530	12
3	S4	4596	12
3	S4	4718	6
3	S4	4720	3
3	S4	4857	3
3	S4	4909	6
3	S4	5023	3
3	S4	5052	3
3	S4	5057	3
3	S4	5241	9
3	S4	5291	3
3	S4	5305	3
3	S4	5311	39
3	S4	5324	12
3	S4	5345	6
3	S4	5390	24
3	S4	5403	68
3	S4	5415	3
3	S4	5538	9
3	S4	5688	3
3	S4	5806	6
3	S4	6037	12
3	S4	6172	3
3	S4	6481	6
3	S4	6699	9
3	S4	6934	3
3	S4	7058	11
3	S4	7080	18
3	S4	7096	24
3	S4	7181	19
3	S4	7191	18
3	S4	7204	1
3	S4	7212	1
3	S4	7214	7
3	S4	7229	8
3	S4	7243	82
3	S4	7258	1
3	S4	7263	3
3	S4	7275	7
3	S4	7282	3
3	S4	7291	10
3	S4	7302	8
3	S4	7305	5
3	S4	7316	2
3	S4	7331	23
3	S4	7345	2
3	S4	7361	6
3	S4	7370	51
3	S4	7387	3
3	S4	7426	6
3	S4	7430	12
3	S4	7449	2
3	S4	7457	8
3	S4	7464	14
3	S4	7481	9
3	S4	7490	42
3	S4	7502	1
3	S4	7504	1
3	S4	7519	6
3	S4	7532	11
3	S4	7540	8
3	S4	7556	32
3	S4	7558	79
3	S4	7574	2
3	S4	7584	8
3	S4	7597	28
3	S4	7620	26
3	S4	7640	18
3	S4	7653	27
3	S4	7674	2
3	S4	7675	1
3	S4	7676	23
3	S4	7710	19
3	S4	7718	11
3	S4	7731	1
3	S4	7737	10
3	S4	7744	3
3	S4	7758	1
3	S4	7770	24
3	S4	7798	1
3	S4	7802	1
3	S4	7805	9
3	S4	7825	2497
4	S5	1	1
4	S5	32	2
4	S5	54	2
4	S5	83	9
4	S5	95	6
4	S5	110	5
4	S5	140	23
4	S5	530	21
4	S5	545	9
4	S5	618	6
4	S5	629	6
4	S5	664	3
4	S5	674	6
4	S5	710	6
4	S5	720	3
4	S5	728	25
4	S5	751	3
4	S5	819	3
4	S5	891	3
4	S5	913	15
4	S5	1001	7
4	S5	1037	3
4	S5	1163	3
4	S5	1175	27
4	S5	1245	5
4	S5	1269	19
4	S5	1290	3
4	S5	1302	9
4	S5	1314	4
4	S5	1328	36
4	S5	1390	1
4	S5	1418	4
4	S5	1440	8
4	S5	2722	9
4	S5	2752	9
4	S5	2811	1
4	S5	3168	6
4	S5	3182	6
4	S5	3287	4
4	S5	3299	3
4	S5	3340	7
4	S5	3360	30
4	S5	3389	32
4	S5	3408	24
4	S5	3423	28
4	S5	3459	3
4	S5	3481	11
4	S5	3488	6
4	S5	3502	11
4	S5	3513	8
4	S5	3524	1
4	S5	3649	3
4	S5	3701	6
4	S5	3826	21
4	S5	3830	3
4	S5	3844	9
4	S5	3863	61
4	S5	3878	3
4	S5	3889	93
4	S5	3922	2
4	S5	3955	30
4	S5	3981	4
4	S5	4034	3
4	S5	4107	6
4	S5	4124	12
4	S5	4152	90
4	S5	4164	3
4	S5	4188	6
4	S5	4207	46
4	S5	4215	95
4	S5	4228	2
4	S5	4241	12
4	S5	4493	12
4	S5	4530	12
4	S5	4596	12
4	S5	4718	6
4	S5	4720	3
4	S5	4857	3
4	S5	4909	6
4	S5	5023	3
4	S5	5052	3
4	S5	5057	3
4	S5	5241	9
4	S5	5291	3
4	S5	5305	3
4	S5	5311	39
4	S5	5324	12
4	S5	5345	6
4	S5	5390	24
4	S5	5403	68
4	S5	5415	3
4	S5	5538	9
4	S5	5688	3
4	S5	5806	6
4	S5	6037	12
4	S5	6172	3
4	S5	6481	6
4	S5	6699	9
4	S5	6934	3
4	S5	7058	11
4	S5	7080	18
4	S5	7096	24
4	S5	7181	19
4	S5	7191	18
4	S5	7204	1
4	S5	7212	1
4	S5	7214	7
4	S5	7229	8
4	S5	7243	82
4	S5	7258	1
4	S5	7263	3
4	S5	7275	7
4	S5	7282	3
4	S5	7291	10
4	S5	7302	8
4	S5	7305	5
4	S5	7316	2
4	S5	7331	23
4	S5	7345	2
4	S5	7361	6
4	S5	7370	51
4	S5	7387	3
4	S5	7426	6
4	S5	7430	12
4	S5	7449	2
4	S5	7457	8
4	S5	7464	14
4	S5	7481	9
4	S5	7490	42
4	S5	7502	1
4	S5	7504	1
4	S5	7519	6
4	S5	7532	11
4	S5	7540	8
4	S5	7556	32
4	S5	7558	79
4	S5	7574	2
4	S5	7584	8
4	S5	7597	28
4	S5	7620	26
4	S5	7640	18
4	S5	7653	27
4	S5	7674	2
4	S5	7675	1
4	S5	7676	23
4	S5	7710	19
4	S5	7718	11
4	S5	7731	1
4	S5	7737	10
4	S5	7744	3
4	S5	7758	1
4	S5	7770	24
4	S5	7798	1
4	S5	7802	1
4	S5	7805	9
4	S5	7825	2497
5	S6	1	1
5	S6	32	2
5	S6	54	2
5	S6	83	9
5	S6	95	6
5	S6	110	5
5	S6	140	23
5	S6	530	21
5	S6	545	9
5	S6	618	6
5	S6	629	6
5	S6	664	3
5	S6	674	6
5	S6	710	6
5	S6	720	3
5	S6	728	25
5	S6	751	3
5	S6	819	3
5	S6	891	3
5	S6	913	15
5	S6	1001	7
5	S6	1037	3
5	S6	1163	3
5	S6	1175	27
5	S6	1245	5
5	S6	1269	19
5	S6	1290	3
5	S6	1302	9
5	S6	1314	4
5	S6	1328	36
5	S6	1390	1
5	S6	1418	4
5	S6	1440	8
5	S6	2722	9
5	S6	2752	9
5	S6	2811	1
5	S6	3168	6
5	S6	3182	6
5	S6	3287	4
5	S6	3299	3
5	S6	3340	7
5	S6	3360	30
5	S6	3389	32
5	S6	3408	24
5	S6	3423	28
5	S6	3459	3
5	S6	3481	11
5	S6	3488	6
5	S6	3502	11
5	S6	3513	8
5	S6	3524	1
5	S6	3649	3
5	S6	3701	6
5	S6	3826	21
5	S6	3830	3
5	S6	3844	9
5	S6	3863	61
5	S6	3878	3
5	S6	3889	93
5	S6	3922	2
5	S6	3955	30
5	S6	3981	4
5	S6	4034	3
5	S6	4107	6
5	S6	4124	12
5	S6	4152	90
5	S6	4164	3
5	S6	4188	6
5	S6	4207	46
5	S6	4215	95
5	S6	4228	2
5	S6	4241	12
5	S6	4493	12
5	S6	4530	12
5	S6	4596	12
5	S6	4718	6
5	S6	4720	3
5	S6	4857	3
5	S6	4909	6
5	S6	5023	3
5	S6	5052	3
5	S6	5057	3
5	S6	5241	9
5	S6	5291	3
5	S6	5305	3
5	S6	5311	39
5	S6	5324	12
5	S6	5345	6
5	S6	5390	24
5	S6	5403	68
5	S6	5415	3
5	S6	5538	9
5	S6	5688	3
5	S6	5806	6
5	S6	6037	12
5	S6	6172	3
5	S6	6481	6
5	S6	6699	9
5	S6	6934	3
5	S6	7058	11
5	S6	7080	18
5	S6	7096	24
5	S6	7181	19
5	S6	7191	18
5	S6	7204	1
5	S6	7212	1
5	S6	7214	7
5	S6	7229	8
5	S6	7243	82
5	S6	7258	1
5	S6	7263	3
5	S6	7275	7
5	S6	7282	3
5	S6	7291	10
5	S6	7302	8
5	S6	7305	5
5	S6	7316	2
5	S6	7331	23
5	S6	7345	2
5	S6	7361	6
5	S6	7370	51
5	S6	7387	3
5	S6	7426	6
5	S6	7430	12
5	S6	7449	2
5	S6	7457	8
5	S6	7464	14
5	S6	7481	9
5	S6	7490	42
5	S6	7502	1
5	S6	7504	1
5	S6	7519	6
5	S6	7532	11
5	S6	7540	8
5	S6	7556	32
5	S6	7558	79
5	S6	7574	2
5	S6	7584	8
5	S6	7597	28
5	S6	7620	26
5	S6	7640	18
5	S6	7653	27
5	S6	7674	2
5	S6	7675	1
5	S6	7676	23
5	S6	7710	19
5	S6	7718	11
5	S6	7731	1
5	S6	7737	10
5	S6	7744	3
5	S6	7758	1
5	S6	7770	24
5	S6	7798	1
5	S6	7802	1
5	S6	7805	9
5	S6	7825	2497
6	S7	1	1
6	S7	32	2
6	S7	54	2
6	S7	83	9
6	S7	95	6
6	S7	110	5
6	S7	140	23
6	S7	530	21
6	S7	545	9
6	S7	618	6
6	S7	629	6
6	S7	664	3
6	S7	674	6
6	S7	710	6
6	S7	720	3
6	S7	728	25
6	S7	751	3
6	S7	819	3
6	S7	891	3
6	S7	913	15
6	S7	1001	7
6	S7	1037	3
6	S7	1163	3
6	S7	1175	27
6	S7	1245	5
6	S7	1269	19
6	S7	1290	3
6	S7	1302	9
6	S7	1314	4
6	S7	1328	36
6	S7	1390	1
6	S7	1418	4
6	S7	1440	8
6	S7	2722	9
6	S7	2752	9
6	S7	2811	1
6	S7	3168	6
6	S7	3182	6
6	S7	3287	4
6	S7	3299	3
6	S7	3340	7
6	S7	3360	30
6	S7	3389	32
6	S7	3408	24
6	S7	3423	28
6	S7	3459	3
6	S7	3481	11
6	S7	3488	6
6	S7	3502	11
6	S7	3513	8
6	S7	3524	1
6	S7	3649	3
6	S7	3701	6
6	S7	3826	21
6	S7	3830	3
6	S7	3844	9
6	S7	3863	61
6	S7	3878	3
6	S7	3889	93
6	S7	3922	2
6	S7	3955	30
6	S7	3981	4
6	S7	4034	3
6	S7	4107	6
6	S7	4124	12
6	S7	4152	90
6	S7	4164	3
6	S7	4188	6
6	S7	4207	46
6	S7	4215	95
6	S7	4228	2
6	S7	4241	12
6	S7	4493	12
6	S7	4530	12
6	S7	4596	12
6	S7	4718	6
6	S7	4720	3
6	S7	4857	3
6	S7	4909	6
6	S7	5023	3
6	S7	5052	3
6	S7	5057	3
6	S7	5241	9
6	S7	5291	3
6	S7	5305	3
6	S7	5311	39
6	S7	5324	12
6	S7	5345	6
6	S7	5390	24
6	S7	5403	68
6	S7	5415	3
6	S7	5538	9
6	S7	5688	3
6	S7	5806	6
6	S7	6037	12
6	S7	6172	3
6	S7	6481	6
6	S7	6699	9
6	S7	6934	3
6	S7	7058	11
6	S7	7080	18
6	S7	7096	24
6	S7	7181	19
6	S7	7191	18
6	S7	7204	1
6	S7	7212	1
6	S7	7214	7
6	S7	7229	8
6	S7	7243	82
6	S7	7258	1
6	S7	7263	3
6	S7	7275	7
6	S7	7282	3
6	S7	7291	10
6	S7	7302	8
6	S7	7305	5
6	S7	7316	2
6	S7	7331	23
6	S7	7345	2
6	S7	7361	6
6	S7	7370	51
6	S7	7387	3
6	S7	7426	6
6	S7	7430	12
6	S7	7449	2
6	S7	7457	8
6	S7	7464	14
6	S7	7481	9
6	S7	7490	42
6	S7	7502	1
6	S7	7504	1
6	S7	7519	6
6	S7	7532	11
6	S7	7540	8
6	S7	7556	32
6	S7	7558	79
6	S7	7574	2
6	S7	7584	8
6	S7	7597	28
6	S7	7620	26
6	S7	7640	18
6	S7	7653	27
6	S7	7674	2
6	S7	7675	1
6	S7	7676	23
6	S7	7710	19
6	S7	7718	11
6	S7	7731	1
6	S7	7737	10
6	S7	7744	3
6	S7	7758	1
6	S7	7770	24
6	S7	7798	1
6	S7	7802	1
6	S7	7805	9
6	S7	7825	2497
7	S8	1	1
7	S8	32	2
7	S8	54	2
7	S8	83	9
7	S8	95	6
7	S8	110	5
7	S8	140	23
7	S8	530	21
7	S8	545	9
7	S8	618	6
7	S8	629	6
7	S8	664	3
7	S8	674	6
7	S8	710	6
7	S8	720	3
7	S8	728	25
7	S8	751	3
7	S8	819	3
7	S8	891	3
7	S8	913	15
7	S8	1001	7
7	S8	1037	3
7	S8	1163	3
7	S8	1175	27
7	S8	1245	5
7	S8	1269	19
7	S8	1290	3
7	S8	1302	9
7	S8	1314	4
7	S8	1328	36
7	S8	1390	1
7	S8	1418	4
7	S8	1440	8
7	S8	2722	9
7	S8	2752	9
7	S8	2811	1
7	S8	3168	6
7	S8	3182	6
7	S8	3287	4
7	S8	3299	3
7	S8	3340	7
7	S8	3360	30
7	S8	3389	32
7	S8	3408	24
7	S8	3423	28
7	S8	3459	3
7	S8	3481	11
7	S8	3488	6
7	S8	3502	11
7	S8	3513	8
7	S8	3524	1
7	S8	3649	3
7	S8	3701	6
7	S8	3826	21
7	S8	3830	3
7	S8	3844	9
7	S8	3863	61
7	S8	3878	3
7	S8	3889	93
7	S8	3922	2
7	S8	3955	30
7	S8	3981	4
7	S8	4034	3
7	S8	4107	6
7	S8	4124	12
7	S8	4152	90
7	S8	4164	3
7	S8	4188	6
7	S8	4207	46
7	S8	4215	95
7	S8	4228	2
7	S8	4241	12
7	S8	4493	12
7	S8	4530	12
7	S8	4596	12
7	S8	4718	6
7	S8	4720	3
7	S8	4857	3
7	S8	4909	6
7	S8	5023	3
7	S8	5052	3
7	S8	5057	3
7	S8	5241	9
7	S8	5291	3
7	S8	5305	3
7	S8	5311	39
7	S8	5324	12
7	S8	5345	6
7	S8	5390	24
7	S8	5403	68
7	S8	5415	3
7	S8	5538	9
7	S8	5688	3
7	S8	5806	6
7	S8	6037	12
7	S8	6172	3
7	S8	6481	6
7	S8	6699	9
7	S8	6934	3
7	S8	7058	11
7	S8	7080	18
7	S8	7096	24
7	S8	7181	19
7	S8	7191	18
7	S8	7204	1
7	S8	7212	1
7	S8	7214	7
7	S8	7229	8
7	S8	7243	82
7	S8	7258	1
7	S8	7263	3
7	S8	7275	7
7	S8	7282	3
7	S8	7291	10
7	S8	7302	8
7	S8	7305	5
7	S8	7316	2
7	S8	7331	23
7	S8	7345	2
7	S8	7361	6
7	S8	7370	51
7	S8	7387	3
7	S8	7426	6
7	S8	7430	12
7	S8	7449	2
7	S8	7457	8
7	S8	7464	14
7	S8	7481	9
7	S8	7490	42
7	S8	7502	1
7	S8	7504	1
7	S8	7519	6
7	S8	7532	11
7	S8	7540	8
7	S8	7556	32
7	S8	7558	79
7	S8	7574	2
7	S8	7584	8
7	S8	7597	28
7	S8	7620	26
7	S8	7640	18
7	S8	7653	27
7	S8	7674	2
7	S8	7675	1
7	S8	7676	23
7	S8	7710	19
7	S8	7718	11
7	S8	7731	1
7	S8	7737	10
7	S8	7744	3
7	S8	7758	1
7	S8	7770	24
7	S8	7798	1
7	S8	7802	1
7	S8	7805	9
7	S8	7825	2497
8	S9	1	1
8	S9	32	2
8	S9	54	2
8	S9	83	9
8	S9	95	6
8	S9	110	5
8	S9	140	23
8	S9	530	21
8	S9	545	9
8	S9	618	6
8	S9	629	6
8	S9	664	3
8	S9	674	6
8	S9	710	6
8	S9	720	3
8	S9	728	25
8	S9	751	3
8	S9	819	3
8	S9	891	3
8	S9	913	15
8	S9	1001	7
8	S9	1037	3
8	S9	1163	3
8	S9	1175	27
8	S9	1245	5
8	S9	1269	19
8	S9	1290	3
8	S9	1302	9
8	S9	1314	4
8	S9	1328	36
8	S9	1390	1
8	S9	1418	4
8	S9	1440	8
8	S9	2722	9
8	S9	2752	9
8	S9	2811	1
8	S9	3168	6
8	S9	3182	6
8	S9	3287	4
8	S9	3299	3
8	S9	3340	7
8	S9	3360	30
8	S9	3389	32
8	S9	3408	24
8	S9	3423	28
8	S9	3459	3
8	S9	3481	11
8	S9	3488	6
8	S9	3502	11
8	S9	3513	8
8	S9	3524	1
8	S9	3649	3
8	S9	3701	6
8	S9	3826	21
8	S9	3830	3
8	S9	3844	9
8	S9	3863	61
8	S9	3878	3
8	S9	3889	93
8	S9	3922	2
8	S9	3955	30
8	S9	3981	4
8	S9	4034	3
8	S9	4107	6
8	S9	4124	12
8	S9	4152	90
8	S9	4164	3
8	S9	4188	6
8	S9	4207	46
8	S9	4215	95
8	S9	4228	2
8	S9	4241	12
8	S9	4493	12
8	S9	4530	12
8	S9	4596	12
8	S9	4718	6
8	S9	4720	3
8	S9	4857	3
8	S9	4909	6
8	S9	5023	3
8	S9	5052	3
8	S9	5057	3
8	S9	5241	9
8	S9	5291	3
8	S9	5305	3
8	S9	5311	39
8	S9	5324	12
8	S9	5345	6
8	S9	5390	24
8	S9	5403	68
8	S9	5415	3
8	S9	5538	9
8	S9	5688	3
8	S9	5806	6
8	S9	6037	12
8	S9	6172	3
8	S9	6481	6
8	S9	6699	9
8	S9	6934	3
8	S9	7058	11
8	S9	7080	18
8	S9	7096	24
8	S9	7181	19
8	S9	7191	18
8	S9	7204	1
8	S9	7212	1
8	S9	7214	7
8	S9	7229	8
8	S9	7243	82
8	S9	7258	1
8	S9	7263	3
8	S9	7275	7
8	S9	7282	3
8	S9	7291	10
8	S9	7302	8
8	S9	7305	5
8	S9	7316	2
8	S9	7331	23
8	S9	7345	2
8	S9	7361	6
8	S9	7370	51
8	S9	7387	3
8	S9	7426	6
8	S9	7430	12
8	S9	7449	2
8	S9	7457	8
8	S9	7464	14
8	S9	7481	9
8	S9	7490	42
8	S9	7502	1
8	S9	7504	1
8	S9	7519	6
8	S9	7532	11
8	S9	7540	8
8	S9	7556	32
8	S9	7558	79
8	S9	7574	2
8	S9	7584	8
8	S9	7597	28
8	S9	7620	26
8	S9	7640	18
8	S9	7653	27
8	S9	7674	2
8	S9	7675	1
8	S9	7676	23
8	S9	7710	19
8	S9	7718	11
8	S9	7731	1
8	S9	7737	10
8	S9	7744	3
8	S9	7758	1
8	S9	7770	24
8	S9	7798	1
8	S9	7802	1
8	S9	7805	9
8	S9	7825	2497
9	S10	1	1
9	S10	16	1
9	S10	31	2
9	S10	53	2
9	S10	82	9
9	S10	94	6
9	S10	109	5
9	S10	139	23
9	S10	529	21
9	S10	544	9
9	S10	617	6
9	S10	628	6
9	S10	663	3
9	S10	673	6
9	S10	709	6
9	S10	719	3
9	S10	727	25
9	S10	750	3
9	S10	818	3
9	S10	890	3
9	S10	912	15
9	S10	1000	7
9	S10	1036	3
9	S10	1162	3
9	S10	1174	27
9	S10	1244	5
9	S10	1268	19
9	S10	1289	3
9	S10	1301	9
9	S10	1313	4
9	S10	1327	36
9	S10	1389	1
9	S10	1417	4
9	S10	1439	8
9	S10	2721	9
9	S10	2751	9
9	S10	2810	1
9	S10	3167	6
9	S10	3181	6
9	S10	3286	4
9	S10	3298	3
9	S10	3339	7
9	S10	3359	30
9	S10	3388	32
9	S10	3407	24
9	S10	3422	28
9	S10	3458	3
9	S10	3480	11
9	S10	3487	6
9	S10	3501	11
9	S10	3512	8
9	S10	3523	1
9	S10	3648	3
9	S10	3700	6
9	S10	3825	21
9	S10	3829	3
9	S10	3843	9
9	S10	3862	61
9	S10	3877	3
9	S10	3888	93
9	S10	3921	2
9	S10	3954	30
9	S10	3980	4
9	S10	4033	3
9	S10	4106	6
9	S10	4123	12
9	S10	4151	90
9	S10	4163	3
9	S10	4187	6
9	S10	4206	46
9	S10	4214	95
9	S10	4227	2
9	S10	4240	12
9	S10	4492	12
9	S10	4529	12
9	S10	4595	12
9	S10	4717	6
9	S10	4719	3
9	S10	4856	3
9	S10	4908	6
9	S10	5022	3
9	S10	5051	3
9	S10	5056	3
9	S10	5240	9
9	S10	5290	3
9	S10	5304	3
9	S10	5310	39
9	S10	5323	12
9	S10	5344	6
9	S10	5389	24
9	S10	5402	68
9	S10	5414	3
9	S10	5537	9
9	S10	5687	3
9	S10	5805	6
9	S10	6036	12
9	S10	6171	3
9	S10	6480	6
9	S10	6698	9
9	S10	6933	3
9	S10	7057	11
9	S10	7079	18
9	S10	7095	24
9	S10	7180	19
9	S10	7190	18
9	S10	7203	1
9	S10	7211	1
9	S10	7213	7
9	S10	7228	8
9	S10	7242	82
9	S10	7257	1
9	S10	7262	3
9	S10	7274	7
9	S10	7281	3
9	S10	7290	10
9	S10	7301	8
9	S10	7304	5
9	S10	7315	2
9	S10	7330	23
9	S10	7344	2
9	S10	7360	6
9	S10	7369	51
9	S10	7386	3
9	S10	7425	6
9	S10	7429	12
9	S10	7448	2
9	S10	7456	8
9	S10	7463	14
9	S10	7480	9
9	S10	7489	42
9	S10	7501	1
9	S10	7503	1
9	S10	7518	6
9	S10	7531	11
9	S10	7539	8
9	S10	7555	32
9	S10	7557	79
9	S10	7573	2
9	S10	7583	8
9	S10	7596	28
9	S10	7619	26
9	S10	7639	18
9	S10	7652	27
9	S10	7673	2
9	S10	7674	1
9	S10	7675	23
9	S10	7709	19
9	S10	7717	11
9	S10	7730	1
9	S10	7736	10
9	S10	7743	3
9	S10	7757	1
9	S10	7769	24
9	S10	7797	1
9	S10	7801	1
9	S10	7804	9
9	S10	7824	2497
10	S11	1	1
10	S11	32	2
10	S11	54	2
10	S11	83	9
10	S11	95	6
10	S11	110	5
10	S11	140	23
10	S11	530	21
10	S11	545	9
10	S11	618	6
10	S11	629	6
10	S11	664	3
10	S11	674	6
10	S11	710	6
10	S11	720	3
10	S11	728	25
10	S11	751	3
10	S11	819	3
10	S11	891	3
10	S11	913	15
10	S11	1001	7
10	S11	1037	3
10	S11	1163	3
10	S11	1175	27
10	S11	1245	5
10	S11	1269	19
10	S11	1290	3
10	S11	1302	9
10	S11	1314	4
10	S11	1328	36
10	S11	1390	1
10	S11	1418	4
10	S11	1440	8
10	S11	2722	9
10	S11	2752	9
10	S11	2811	1
10	S11	3168	6
10	S11	3182	6
10	S11	3287	4
10	S11	3299	3
10	S11	3340	7
10	S11	3360	30
10	S11	3389	32
10	S11	3408	24
10	S11	3423	28
10	S11	3459	3
10	S11	3481	11
10	S11	3488	6
10	S11	3502	11
10	S11	3513	8
10	S11	3524	1
10	S11	3649	3
10	S11	3701	6
10	S11	3826	21
10	S11	3830	3
10	S11	3844	9
10	S11	3863	61
10	S11	3878	3
10	S11	3889	93
10	S11	3922	2
10	S11	3955	30
10	S11	3981	4
10	S11	4034	3
10	S11	4107	6
10	S11	4124	12
10	S11	4152	90
10	S11	4164	3
10	S11	4188	6
10	S11	4207	46
10	S11	4215	95
10	S11	4228	2
10	S11	4241	12
10	S11	4493	12
10	S11	4530	12
10	S11	4596	12
10	S11	4718	6
10	S11	4720	3
10	S11	4857	3
10	S11	4909	6
10	S11	5023	3
10	S11	5060	3
10	S11	5244	9
10	S11	5294	3
10	S11	5308	3
10	S11	5314	39
10	S11	5327	12
10	S11	5348	6
10	S11	5393	24
10	S11	5406	68
10	S11	5418	3
10	S11	5541	9
10	S11	5691	3
10	S11	5809	6
10	S11	6040	12
10	S11	6175	3
10	S11	6484	6
10	S11	6702	9
10	S11	6937	3
10	S11	7061	11
10	S11	7083	18
10	S11	7099	24
10	S11	7184	19
10	S11	7194	18
10	S11	7207	1
10	S11	7215	1
10	S11	7217	7
10	S11	7232	8
10	S11	7246	82
10	S11	7261	1
10	S11	7266	3
10	S11	7278	7
10	S11	7285	3
10	S11	7294	10
10	S11	7305	8
10	S11	7308	5
10	S11	7319	2
10	S11	7334	23
10	S11	7348	2
10	S11	7364	6
10	S11	7373	51
10	S11	7390	3
10	S11	7429	6
10	S11	7433	12
10	S11	7452	2
10	S11	7460	8
10	S11	7467	14
10	S11	7484	9
10	S11	7493	42
10	S11	7505	1
10	S11	7507	1
10	S11	7522	6
10	S11	7535	11
10	S11	7543	8
10	S11	7559	32
10	S11	7561	79
10	S11	7577	2
10	S11	7587	8
10	S11	7600	28
10	S11	7623	26
10	S11	7643	18
10	S11	7656	27
10	S11	7677	2
10	S11	7678	1
10	S11	7679	23
10	S11	7713	19
10	S11	7721	11
10	S11	7734	1
10	S11	7740	10
10	S11	7747	3
10	S11	7761	1
10	S11	7773	24
10	S11	7801	1
10	S11	7805	1
10	S11	7808	9
10	S11	7828	2497
11	S12	1	1
11	S12	32	2
11	S12	54	2
11	S12	83	9
11	S12	95	6
11	S12	110	5
11	S12	140	23
11	S12	530	21
11	S12	545	9
11	S12	618	6
11	S12	629	6
11	S12	664	3
11	S12	674	6
11	S12	710	6
11	S12	720	3
11	S12	728	25
11	S12	751	3
11	S12	819	3
11	S12	891	3
11	S12	913	15
11	S12	1001	7
11	S12	1037	3
11	S12	1163	3
11	S12	1175	27
11	S12	1245	5
11	S12	1269	19
11	S12	1290	3
11	S12	1302	9
11	S12	1314	4
11	S12	1328	36
11	S12	1390	1
11	S12	1418	4
11	S12	1440	8
11	S12	2722	9
11	S12	2752	9
11	S12	2811	1
11	S12	3168	6
11	S12	3182	6
11	S12	3287	4
11	S12	3299	3
11	S12	3340	7
11	S12	3360	30
11	S12	3389	32
11	S12	3408	24
11	S12	3423	28
11	S12	3459	3
11	S12	3481	11
11	S12	3488	6
11	S12	3502	11
11	S12	3513	8
11	S12	3524	1
11	S12	3649	3
11	S12	3701	6
11	S12	3826	21
11	S12	3830	3
11	S12	3844	9
11	S12	3863	61
11	S12	3878	3
11	S12	3889	93
11	S12	3922	2
11	S12	3955	30
11	S12	3981	4
11	S12	4034	3
11	S12	4107	6
11	S12	4124	12
11	S12	4152	90
11	S12	4164	3
11	S12	4188	6
11	S12	4207	46
11	S12	4215	95
11	S12	4228	2
11	S12	4241	12
11	S12	4493	12
11	S12	4530	12
11	S12	4596	12
11	S12	4718	6
11	S12	4720	3
11	S12	4857	3
11	S12	4909	6
11	S12	5023	3
11	S12	5060	3
11	S12	5244	9
11	S12	5294	3
11	S12	5308	3
11	S12	5314	39
11	S12	5327	12
11	S12	5348	6
11	S12	5393	24
11	S12	5406	68
11	S12	5418	3
11	S12	5541	9
11	S12	5691	3
11	S12	5809	6
11	S12	6040	12
11	S12	6175	3
11	S12	6484	6
11	S12	6702	9
11	S12	6937	3
11	S12	7061	11
11	S12	7083	18
11	S12	7099	24
11	S12	7184	19
11	S12	7194	18
11	S12	7207	1
11	S12	7215	1
11	S12	7217	7
11	S12	7232	8
11	S12	7246	82
11	S12	7261	1
11	S12	7266	3
11	S12	7278	7
11	S12	7285	3
11	S12	7294	10
11	S12	7305	8
11	S12	7308	5
11	S12	7319	2
11	S12	7334	23
11	S12	7348	2
11	S12	7364	6
11	S12	7373	51
11	S12	7390	3
11	S12	7429	6
11	S12	7433	12
11	S12	7452	2
11	S12	7460	8
11	S12	7467	14
11	S12	7484	9
11	S12	7493	42
11	S12	7505	1
11	S12	7507	1
11	S12	7522	6
11	S12	7535	11
11	S12	7543	8
11	S12	7559	32
11	S12	7561	79
11	S12	7577	2
11	S12	7587	8
11	S12	7600	28
11	S12	7623	26
11	S12	7643	18
11	S12	7656	27
11	S12	7677	2
11	S12	7678	1
11	S12	7679	23
11	S12	7713	19
11	S12	7721	11
11	S12	7734	1
11	S12	7740	10
11	S12	7747	3
11	S12	7761	1
11	S12	7773	24
11	S12	7801	1
11	S12	7805	1
11	S12	7808	9
11	S12	7828	2497
