# print count over countCutOffLow=0.1 to countCutOffHigh=0.9 with increment=0.05
POS	prob01	prob10	exp01	exp10	prob01_Rec	prob10_Rec	exp01_Rec	exp10_Rec	prob01_Anc	prob10_Anc	exp01_Anc	exp10_Anc	count01_0.1	count10_0.1	count01_0.15	count10_0.15	count01_0.2	count10_0.2	count01_0.25	count10_0.25	count01_0.3	count10_0.3	count01_0.35	count10_0.35	count01_0.4	count10_0.4	count01_0.45	count10_0.45	count01_0.5	count10_0.5	count01_0.55	count10_0.55	count01_0.6	count10_0.6	count01_0.65	count10_0.65	count01_0.7	count10_0.7	count01_0.75	count10_0.75	count01_0.8	count10_0.8	count01_0.85	count10_0.85	count01_0.9	count10_0.9	
1	0.0003939	0.000593	0.0003939	0.000593	0.0001982	0.0004956	0.0001982	0.0004956	0.0001957	9.749e-05	0.0001957	9.749e-05	0	0	0	0	0	0	0	0	0	0	0	0	0	0	0	0	0	0	0	0	0	0	0	0	0	0	0	0	0	0	0	0	0	0	
2	1.001	0.005191	1.001	0.005191	0.9973	0.0008223	0.9973	0.0008223	0.003943	0.004369	0.003943	0.004369	1	0	1	0	1	0	1	0	1	0	1	0	1	0	1	0	1	0	1	0	1	0	1	0	1	0	1	0	1	0	1	0	1	0	
3	0.0003896	0.0002901	0.0003896	0.0002901	0.000198	0.0001966	0.000198	0.0001966	0.0001916	9.346e-05	0.0001916	9.346e-05	0	0	0	0	0	0	0	0	0	0	0	0	0	0	0	0	0	0	0	0	0	0	0	0	0	0	0	0	0	0	0	0	0	0	
4	0.0003896	0.0002901	0.0003896	0.0002901	0.000198	0.0001966	0.000198	0.0001966	0.0001916	9.346e-05	0.0001916	9.346e-05	0	0	0	0	0	0	0	0	0	0	0	0	0	0	0	0	0	0	0	0	0	0	0	0	0	0	0	0	0	0	0	0	0	0	
5	0.0003896	0.0002901	0.0003896	0.0002901	0.000198	0.0001966	0.000198	0.0001966	0.0001916	9.346e-05	0.0001916	9.346e-05	0	0	0	0	0	0	0	0	0	0	0	0	0	0	0	0	0	0	0	0	0	0	0	0	0	0	0	0	0	0	0	0	0	0	
6	0.0003896	0.0002901	0.0003896	0.0002901	0.000198	0.0001966	0.000198	0.0001966	0.0001916	9.346e-05	0.0001916	9.346e-05	0	0	0	0	0	0	0	0	0	0	0	0	0	0	0	0	0	0	0	0	0	0	0	0	0	0	0	0	0	0	0	0	0	0	
7	0.0003896	0.0002901	0.0003896	0.0002901	0.000198	0.0001966	0.000198	0.0001966	0.0001916	9.346e-05	0.0001916	9.346e-05	0	0	0	0	0	0	0	0	0	0	0	0	0	0	0	0	0	0	0	0	0	0	0	0	0	0	0	0	0	0	0	0	0	0	
8	0.0003896	0.0002901	0.0003896	0.0002901	0.000198	0.0001966	0.000198	0.0001966	0.0001916	9.346e-05	0.0001916	9.346e-05	0	0	0	0	0	0	0	0	0	0	0	0	0	0	0	0	0	0	0	0	0	0	0	0	0	0	0	0	0	0	0	0	0	0	
9	1.001	0.001657	1.001	0.001658	1.001	0.0008328	1.001	0.0008328	0.0004046	0.0008247	0.0004046	0.0008247	1	0	1	0	1	0	1	0	1	0	1	0	1	0	1	0	1	0	1	0	1	0	1	0	1	0	1	0	1	0	1	0	1	0	
10	0.0003896	0.0002901	0.0003896	0.0002901	0.000198	0.0001966	0.000198	0.0001966	0.0001916	9.346e-05	0.0001916	9.346e-05	0	0	0	0	0	0	0	0	0	0	0	0	0	0	0	0	0	0	0	0	0	0	0	0	0	0	0	0	0	0	0	0	0	0	
11	0.0003896	0.0002901	0.0003896	0.0002901	0.000198	0.0001966	0.000198	0.0001966	0.0001916	9.346e-05	0.0001916	9.346e-05	0	0	0	0	0	0	0	0	0	0	0	0	0	0	0	0	0	0	0	0	0	0	0	0	0	0	0	0	0	0	0	0	0	0	
12	0.0003896	0.0002901	0.0003896	0.0002901	0.000198	0.0001966	0.000198	0.0001966	0.0001916	9.346e-05	0.0001916	9.346e-05	0	0	0	0	0	0	0	0	0	0	0	0	0	0	0	0	0	0	0	0	0	0	0	0	0	0	0	0	0	0	0	0	0	0	
13	0.0003896	0.0002901	0.0003896	0.0002901	0.000198	0.0001966	0.000198	0.0001966	0.0001916	9.346e-05	0.0001916	9.346e-05	0	0	0	0	0	0	0	0	0	0	0	0	0	0	0	0	0	0	0	0	0	0	0	0	0	0	0	0	0	0	0	0	0	0	
14	0.0003896	0.0002901	0.0003896	0.0002901	0.000198	0.0001966	0.000198	0.0001966	0.0001916	9.346e-05	0.0001916	9.346e-05	0	0	0	0	0	0	0	0	0	0	0	0	0	0	0	0	0	0	0	0	0	0	0	0	0	0	0	0	0	0	0	0	0	0	
15	0.0003896	0.0002901	0.0003896	0.0002901	0.000198	0.0001966	0.000198	0.0001966	0.0001916	9.346e-05	0.0001916	9.346e-05	0	0	0	0	0	0	0	0	0	0	0	0	0	0	0	0	0	0	0	0	0	0	0	0	0	0	0	0	0	0	0	0	0	0	
16	0.0003896	0.0002901	0.0003896	0.0002901	0.000198	0.0001966	0.000198	0.0001966	0.0001916	9.346e-05	0.0001916	9.346e-05	0	0	0	0	0	0	0	0	0	0	0	0	0	0	0	0	0	0	0	0	0	0	0	0	0	0	0	0	0	0	0	0	0	0	
17	0.0003896	0.0002901	0.0003896	0.0002901	0.000198	0.0001966	0.000198	0.0001966	0.0001916	9.346e-05	0.0001916	9.346e-05	0	0	0	0	0	0	0	0	0	0	0	0	0	0	0	0	0	0	0	0	0	0	0	0	0	0	0	0	0	0	0	0	0	0	
18	0.0003896	0.0002901	0.0003896	0.0002901	0.000198	0.0001966	0.000198	0.0001966	0.0001916	9.346e-05	0.0001916	9.346e-05	0	0	0	0	0	0	0	0	0	0	0	0	0	0	0	0	0	0	0	0	0	0	0	0	0	0	0	0	0	0	0	0	0	0	
19	0.0003896	0.0002901	0.0003896	0.0002901	0.000198	0.0001966	0.000198	0.0001966	0.0001916	9.346e-05	0.0001916	9.346e-05	0	0	0	0	0	0	0	0	0	0	0	0	0	0	0	0	0	0	0	0	0	0	0	0	0	0	0	0	0	0	0	0	0	0	
20	0.0003896	0.0002901	0.0003896	0.0002901	0.000198	0.0001966	0.000198	0.0001966	0.0001916	9.346e-05	0.0001916	9.346e-05	0	0	0	0	0	0	0	0	0	0	0	0	0	0	0	0	0	0	0	0	0	0	0	0	0	0	0	0	0	0	0	0	0	0	
21	0.0003896	0.0002901	0.0003896	0.0002901	0.000198	0.0001966	0.000198	0.0001966	0.0001916	9.346e-05	0.0001916	9.346e-05	0	0	0	0	0	0	0	0	0	0	0	0	0	0	0	0	0	0	0	0	0	0	0	0	0	0	0	0	0	0	0	0	0	0	
22	0.0003896	0.0002901	0.0003896	0.0002901	0.000198	0.0001966	0.000198	0.0001966	0.0001916	9.346e-05	0.0001916	9.346e-05	0	0	0	0	0	0	0	0	0	0	0	0	0	0	0	0	0	0	0	0	0	0	0	0	0	0	0	0	0	0	0	0	0	0	
23	0.0003896	0.0002901	0.0003896	0.0002901	0.000198	0.0001966	0.000198	0.0001966	0.0001916	9.346e-05	0.0001916	9.346e-05	0	0	0	0	0	0	0	0	0	0	0	0	0	0	0	0	0	0	0	0	0	0	0	0	0	0	0	0	0	0	0	0	0	0	
24	0.0003896	0.0002901	0.0003896	0.0002901	0.000198	0.0001966	0.000198	0.0001966	0.0001916	9.346e-05	0.0001916	9.346e-05	0	0	0	0	0	0	0	0	0	0	0	0	0	0	0	0	0	0	0	0	0	0	0	0	0	0	0	0	0	0	0	0	0	0	
25	0.0003896	0.0002901	0.0003896	0.0002901	0.000198	0.0001966	0.000198	0.0001966	0.0001916	9.346e-05	0.0001916	9.346e-05	0	0	0	0	0	0	0	0	0	0	0	0	0	0	0	0	0	0	0	0	0	0	0	0	0	0	0	0	0	0	0	0	0	0	
26	0.0003896	0.0002901	0.0003896	0.0002901	0.000198	0.0001966	0.000198	0.0001966	0.0001916	9.346e-05	0.0001916	9.346e-05	0	0	0	0	0	0	0	0	0	0	0	0	0	0	0	0	0	0	0	0	0	0	0	0	0	0	0	0	0	0	0	0	0	0	
27	0.0003896	0.0002901	0.0003896	0.0002901	0.000198	0.0001966	0.000198	0.0001966	0.0001916	9.346e-05	0.0001916	9.346e-05	0	0	0	0	0	0	0	0	0	0	0	0	0	0	0	0	0	0	0	0	0	0	0	0	0	0	0	0	0	0	0	0	0	0	
28	0.0003896	0.0002901	0.0003896	0.0002901	0.000198	0.0001966	0.000198	0.0001966	0.0001916	9.346e-05	0.0001916	9.346e-05	0	0	0	0	0	0	0	0	0	0	0	0	0	0	0	0	0	0	0	0	0	0	0	0	0	0	0	0	0	0	0	0	0	0	
29	0.0003896	0.0002901	0.0003896	0.0002901	0.000198	0.0001966	0.000198	0.0001966	0.0001916	9.346e-05	0.0001916	9.346e-05	0	0	0	0	0	0	0	0	0	0	0	0	0	0	0	0	0	0	0	0	0	0	0	0	0	0	0	0	0	0	0	0	0	0	
30	0.0003896	0.0002901	0.0003896	0.0002901	0.000198	0.0001966	0.000198	0.0001966	0.0001916	9.346e-05	0.0001916	9.346e-05	0	0	0	0	0	0	0	0	0	0	0	0	0	0	0	0	0	0	0	0	0	0	0	0	0	0	0	0	0	0	0	0	0	0	
31	0.0003896	0.0002901	0.0003896	0.0002901	0.000198	0.0001966	0.000198	0.0001966	0.0001916	9.346e-05	0.0001916	9.346e-05	0	0	0	0	0	0	0	0	0	0	0	0	0	0	0	0	0	0	0	0	0	0	0	0	0	0	0	0	0	0	0	0	0	0	
32	0.0003896	0.0002901	0.0003896	0.0002901	0.000198	0.0001966	0.000198	0.0001966	0.0001916	9.346e-05	0.0001916	9.346e-05	0	0	0	0	0	0	0	0	0	0	0	0	0	0	0	0	0	0	0	0	0	0	0	0	0	0	0	0	0	0	0	0	0	0	
33	0.0003896	0.0002901	0.0003896	0.0002901	0.000198	0.0001966	0.000198	0.0001966	0.0001916	9.346e-05	0.0001916	9.346e-05	0	0	0	0	0	0	0	0	0	0	0	0	0	0	0	0	0	0	0	0	0	0	0	0	0	0	0	0	0	0	0	0	0	0	
34	0.0003896	0.0002901	0.0003896	0.0002901	0.000198	0.0001966	0.000198	0.0001966	0.0001916	9.346e-05	0.0001916	9.346e-05	0	0	0	0	0	0	0	0	0	0	0	0	0	0	0	0	0	0	0	0	0	0	0	0	0	0	0	0	0	0	0	0	0	0	
35	0.0003896	0.0002901	0.0003896	0.0002901	0.000198	0.0001966	0.000198	0.0001966	0.0001916	9.346e-05	0.0001916	9.346e-05	0	0	0	0	0	0	0	0	0	0	0	0	0	0	0	0	0	0	0	0	0	0	0	0	0	0	0	0	0	0	0	0	0	0	
36	0.0003896	0.0002901	0.0003896	0.0002901	0.000198	0.0001966	0.000198	0.0001966	0.0001916	9.346e-05	0.0001916	9.346e-05	0	0	0	0	0	0	0	0	0	0	0	0	0	0	0	0	0	0	0	0	0	0	0	0	0	0	0	0	0	0	0	0	0	0	
37	0.0003896	0.0002901	0.0003896	0.0002901	0.000198	0.0001966	0.000198	0.0001966	0.0001916	9.346e-05	0.0001916	9.346e-05	0	0	0	0	0	0	0	0	0	0	0	0	0	0	0	0	0	0	0	0	0	0	0	0	0	0	0	0	0	0	0	0	0	0	
38	0.0003896	0.0002901	0.0003896	0.0002901	0.000198	0.0001966	0.000198	0.0001966	0.0001916	9.346e-05	0.0001916	9.346e-05	0	0	0	0	0	0	0	0	0	0	0	0	0	0	0	0	0	0	0	0	0	0	0	0	0	0	0	0	0	0	0	0	0	0	
39	0.0003896	0.0002901	0.0003896	0.0002901	0.000198	0.0001966	0.000198	0.0001966	0.0001916	9.346e-05	0.0001916	9.346e-05	0	0	0	0	0	0	0	0	0	0	0	0	0	0	0	0	0	0	0	0	0	0	0	0	0	0	0	0	0	0	0	0	0	0	
40	0.0003896	0.0002901	0.0003896	0.0002901	0.000198	0.0001966	0.000198	0.0001966	0.0001916	9.346e-05	0.0001916	9.346e-05	0	0	0	0	0	0	0	0	0	0	0	0	0	0	0	0	0	0	0	0	0	0	0	0	0	0	0	0	0	0	0	0	0	0	
41	0.0003896	0.0002901	0.0003896	0.0002901	0.000198	0.0001966	0.000198	0.0001966	0.0001916	9.346e-05	0.0001916	9.346e-05	0	0	0	0	0	0	0	0	0	0	0	0	0	0	0	0	0	0	0	0	0	0	0	0	0	0	0	0	0	0	0	0	0	0	
42	0.0003896	0.0002901	0.0003896	0.0002901	0.000198	0.0001966	0.000198	0.0001966	0.0001916	9.346e-05	0.0001916	9.346e-05	0	0	0	0	0	0	0	0	0	0	0	0	0	0	0	0	0	0	0	0	0	0	0	0	0	0	0	0	0	0	0	0	0	0	
43	0.0003896	0.0002901	0.0003896	0.0002901	0.000198	0.0001966	0.000198	0.0001966	0.0001916	9.346e-05	0.0001916	9.346e-05	0	0	0	0	0	0	0	0	0	0	0	0	0	0	0	0	0	0	0	0	0	0	0	0	0	0	0	0	0	0	0	0	0	0	
44	0.0003896	0.0002901	0.0003896	0.0002901	0.000198	0.0001966	0.000198	0.0001966	0.0001916	9.346e-05	0.0001916	9.346e-05	0	0	0	0	0	0	0	0	0	0	0	0	0	0	0	0	0	0	0	0	0	0	0	0	0	0	0	0	0	0	0	0	0	0	
45	0.0003896	0.0002901	0.0003896	0.0002901	0.000198	0.0001966	0.000198	0.0001966	0.0001916	9.346e-05	0.0001916	9.346e-05	0	0	0	0	0	0	0	0	0	0	0	0	0	0	0	0	0	0	0	0	0	0	0	0	0	0	0	0	0	0	0	0	0	0	
46	0.0003896	0.0002901	0.0003896	0.0002901	0.000198	0.0001966	0.000198	0.0001966	0.0001916	9.346e-05	0.0001916	9.346e-05	0	0	0	0	0	0	0	0	0	0	0	0	0	0	0	0	0	0	0	0	0	0	0	0	0	0	0	0	0	0	0	0	0	0	
47	0.0003896	0.0002901	0.0003896	0.0002901	0.000198	0.0001966	0.000198	0.0001966	0.0001916	9.346e-05	0.0001916	9.346e-05	0	0	0	0	0	0	0	0	0	0	0	0	0	0	0	0	0	0	0	0	0	0	0	0	0	0	0	0	0	0	0	0	0	0	
48	0.0003896	0.0002901	0.0003896	0.0002901	0.000198	0.0001966	0.000198	0.0001966	0.0001916	9.346e-05	0.0001916	9.346e-05	0	0	0	0	0	0	0	0	0	0	0	0	0	0	0	0	0	0	0	0	0	0	0	0	0	0	0	0	0	0	0	0	0	0	
49	0.0003896	0.0002901	0.0003896	0.0002901	0.000198	0.0001966	0.000198	0.0001966	0.0001916	9.346e-05	0.0001916	9.346e-05	0	0	0	0	0	0	0	0	0	0	0	0	0	0	0	0	0	0	0	0	0	0	0	0	0	0	0	0	0	0	0	0	0	0	
50	0.0003896	0.0002901	0.0003896	0.0002901	0.000198	0.0001966	0.000198	0.0001966	0.0001916	9.346e-05	0.0001916	9.346e-05	0	0	0	0	0	0	0	0	0	0	0	0	0	0	0	0	0	0	0	0	0	0	0	0	0	0	0	0	0	0	0	0	0	0	
51	0.0003896	0.0002901	0.0003896	0.0002901	0.000198	0.0001966	0.000198	0.0001966	0.0001916	9.346e-05	0.0001916	9.346e-05	0	0	0	0	0	0	0	0	0	0	0	0	0	0	0	0	0	0	0	0	0	0	0	0	0	0	0	0	0	0	0	0	0	0	
52	0.0003896	0.0002901	0.0003896	0.0002901	0.000198	0.0001966	0.000198	0.0001966	0.0001916	9.346e-05	0.0001916	9.346e-05	0	0	0	0	0	0	0	0	0	0	0	0	0	0	0	0	0	0	0	0	0	0	0	0	0	0	0	0	0	0	0	0	0	0	
53	0.0003896	0.0002901	0.0003896	0.0002901	0.000198	0.0001966	0.000198	0.0001966	0.0001916	9.346e-05	0.0001916	9.346e-05	0	0	0	0	0	0	0	0	0	0	0	0	0	0	0	0	0	0	0	0	0	0	0	0	0	0	0	0	0	0	0	0	0	0	
54	0.0003896	0.0002901	0.0003896	0.0002901	0.000198	0.0001966	0.000198	0.0001966	0.0001916	9.346e-05	0.0001916	9.346e-05	0	0	0	0	0	0	0	0	0	0	0	0	0	0	0	0	0	0	0	0	0	0	0	0	0	0	0	0	0	0	0	0	0	0	
55	0.0003896	0.0002901	0.0003896	0.0002901	0.000198	0.0001966	0.000198	0.0001966	0.0001916	9.346e-05	0.0001916	9.346e-05	0	0	0	0	0	0	0	0	0	0	0	0	0	0	0	0	0	0	0	0	0	0	0	0	0	0	0	0	0	0	0	0	0	0	
56	0.0003896	0.0002901	0.0003896	0.0002901	0.000198	0.0001966	0.000198	0.0001966	0.0001916	9.346e-05	0.0001916	9.346e-05	0	0	0	0	0	0	0	0	0	0	0	0	0	0	0	0	0	0	0	0	0	0	0	0	0	0	0	0	0	0	0	0	0	0	
57	0.0003896	0.0002901	0.0003896	0.0002901	0.000198	0.0001966	0.000198	0.0001966	0.0001916	9.346e-05	0.0001916	9.346e-05	0	0	0	0	0	0	0	0	0	0	0	0	0	0	0	0	0	0	0	0	0	0	0	0	0	0	0	0	0	0	0	0	0	0	
58	0.0003896	0.0002901	0.0003896	0.0002901	0.000198	0.0001966	0.000198	0.0001966	0.0001916	9.346e-05	0.0001916	9.346e-05	0	0	0	0	0	0	0	0	0	0	0	0	0	0	0	0	0	0	0	0	0	0	0	0	0	0	0	0	0	0	0	0	0	0	
59	0.0003896	0.0002901	0.0003896	0.0002901	0.000198	0.0001966	0.000198	0.0001966	0.0001916	9.346e-05	0.0001916	9.346e-05	0	0	0	0	0	0	0	0	0	0	0	0	0	0	0	0	0	0	0	0	0	0	0	0	0	0	0	0	0	0	0	0	0	0	
60	0.0003896	0.0002901	0.0003896	0.0002901	0.000198	0.0001966	0.000198	0.0001966	0.0001916	9.346e-05	0.0001916	9.346e-05	0	0	0	0	0	0	0	0	0	0	0	0	0	0	0	0	0	0	0	0	0	0	0	0	0	0	0	0	0	0	0	0	0	0	
61	0.0003896	0.0002901	0.0003896	0.0002901	0.000198	0.0001966	0.000198	0.0001966	0.0001916	9.346e-05	0.0001916	9.346e-05	0	0	0	0	0	0	0	0	0	0	0	0	0	0	0	0	0	0	0	0	0	0	0	0	0	0	0	0	0	0	0	0	0	0	
62	0.0003896	0.0002901	0.0003896	0.0002901	0.000198	0.0001966	0.000198	0.0001966	0.0001916	9.346e-05	0.0001916	9.346e-05	0	0	0	0	0	0	0	0	0	0	0	0	0	0	0	0	0	0	0	0	0	0	0	0	0	0	0	0	0	0	0	0	0	0	
63	0.0003896	0.0002901	0.0003896	0.0002901	0.000198	0.0001966	0.000198	0.0001966	0.0001916	9.346e-05	0.0001916	9.346e-05	0	0	0	0	0	0	0	0	0	0	0	0	0	0	0	0	0	0	0	0	0	0	0	0	0	0	0	0	0	0	0	0	0	0	
64	0.0003896	0.0002901	0.0003896	0.0002901	0.000198	0.0001966	0.000198	0.0001966	0.0001916	9.346e-05	0.0001916	9.346e-05	0	0	0	0	0	0	0	0	0	0	0	0	0	0	0	0	0	0	0	0	0	0	0	0	0	0	0	0	0	0	0	0	0	0	
65	0.0003896	0.0002901	0.0003896	0.0002901	0.000198	0.0001966	0.000198	0.0001966	0.0001916	9.346e-05	0.0001916	9.346e-05	0	0	0	0	0	0	0	0	0	0	0	0	0	0	0	0	0	0	0	0	0	0	0	0	0	0	0	0	0	0	0	0	0	0	
66	0.0003896	0.0002901	0.0003896	0.0002901	0.000198	0.0001966	0.000198	0.0001966	0.0001916	9.346e-05	0.0001916	9.346e-05	0	0	0	0	0	0	0	0	0	0	0	0	0	0	0	0	0	0	0	0	0	0	0	0	0	0	0	0	0	0	0	0	0	0	
67	0.0003896	0.0002901	0.0003896	0.0002901	0.000198	0.0001966	0.000198	0.0001966	0.0001916	9.346e-05	0.0001916	9.346e-05	0	0	0	0	0	0	0	0	0	0	0	0	0	0	0	0	0	0	0	0	0	0	0	0	0	0	0	0	0	0	0	0	0	0	
68	0.0003896	0.0002901	0.0003896	0.0002901	0.000198	0.0001966	0.000198	0.0001966	0.0001916	9.346e-05	0.0001916	9.346e-05	0	0	0	0	0	0	0	0	0	0	0	0	0	0	0	0	0	0	0	0	0	0	0	0	0	0	0	0	0	0	0	0	0	0	
69	0.0003896	0.0002901	0.0003896	0.0002901	0.000198	0.0001966	0.000198	0.0001966	0.0001916	9.346e-05	0.0001916	9.346e-05	0	0	0	0	0	0	0	0	0	0	0	0	0	0	0	0	0	0	0	0	0	0	0	0	0	0	0	0	0	0	0	0	0	0	
70	0.0003896	0.0002901	0.0003896	0.0002901	0.000198	0.0001966	0.000198	0.0001966	0.0001916	9.346e-05	0.0001916	9.346e-05	0	0	0	0	0	0	0	0	0	0	0	0	0	0	0	0	0	0	0	0	0	0	0	0	0	0	0	0	0	0	0	0	0	0	
71	0.0003896	0.0002901	0.0003896	0.0002901	0.000198	0.0001966	0.000198	0.0001966	0.0001916	9.346e-05	0.0001916	9.346e-05	0	0	0	0	0	0	0	0	0	0	0	0	0	0	0	0	0	0	0	0	0	0	0	0	0	0	0	0	0	0	0	0	0	0	
72	0.0003896	0.0002901	0.0003896	0.0002901	0.000198	0.0001966	0.000198	0.0001966	0.0001916	9.346e-05	0.0001916	9.346e-05	0	0	0	0	0	0	0	0	0	0	0	0	0	0	0	0	0	0	0	0	0	0	0	0	0	0	0	0	0	0	0	0	0	0	
73	0.0003896	0.0002901	0.0003896	0.0002901	0.000198	0.0001966	0.000198	0.0001966	0.0001916	9.346e-05	0.0001916	9.346e-05	0	0	0	0	0	0	0	0	0	0	0	0	0	0	0	0	0	0	0	0	0	0	0	0	0	0	0	0	0	0	0	0	0	0	
74	0.0003896	0.0002901	0.0003896	0.0002901	0.000198	0.0001966	0.000198	0.0001966	0.0001916	9.346e-05	0.0001916	9.346e-05	0	0	0	0	0	0	0	0	0	0	0	0	0	0	0	0	0	0	0	0	0	0	0	0	0	0	0	0	0	0	0	0	0	0	
75	0.0003896	0.0002901	0.0003896	0.0002901	0.000198	0.0001966	0.000198	0.0001966	0.0001916	9.346e-05	0.0001916	9.346e-05	0	0	0	0	0	0	0	0	0	0	0	0	0	0	0	0	0	0	0	0	0	0	0	0	0	0	0	0	0	0	0	0	0	0	
76	0.0003896	0.0002901	0.0003896	0.0002901	0.000198	0.0001966	0.000198	0.0001966	0.0001916	9.346e-05	0.0001916	9.346e-05	0	0	0	0	0	0	0	0	0	0	0	0	0	0	0	0	0	0	0	0	0	0	0	0	0	0	0	0	0	0	0	0	0	0	
77	0.0003896	0.0002901	0.0003896	0.0002901	0.000198	0.0001966	0.000198	0.0001966	0.0001916	9.346e-05	0.0001916	9.346e-05	0	0	0	0	0	0	0	0	0	0	0	0	0	0	0	0	0	0	0	0	0	0	0	0	0	0	0	0	0	0	0	0	0	0	
78	0.0003896	0.0002901	0.0003896	0.0002901	0.000198	0.0001966	0.000198	0.0001966	0.0001916	9.346e-05	0.0001916	9.346e-05	0	0	0	0	0	0	0	0	0	0	0	0	0	0	0	0	0	0	0	0	0	0	0	0	0	0	0	0	0	0	0	0	0	0	
79	0.0003896	0.0002901	0.0003896	0.0002901	0.000198	0.0001966	0.000198	0.0001966	0.0001916	9.346e-05	0.0001916	9.346e-05	0	0	0	0	0	0	0	0	0	0	0	0	0	0	0	0	0	0	0	0	0	0	0	0	0	0	0	0	0	0	0	0	0	0	
80	0.0003896	0.0002901	0.0003896	0.0002901	0.000198	0.0001966	0.000198	0.0001966	0.0001916	9.346e-05	0.0001916	9.346e-05	0	0	0	0	0	0	0	0	0	0	0	0	0	0	0	0	0	0	0	0	0	0	0	0	0	0	0	0	0	0	0	0	0	0	
81	0.0003896	0.0002901	0.0003896	0.0002901	0.000198	0.0001966	0.000198	0.0001966	0.0001916	9.346e-05	0.0001916	9.346e-05	0	0	0	0	0	0	0	0	0	0	0	0	0	0	0	0	0	0	0	0	0	0	0	0	0	0	0	0	0	0	0	0	0	0	
82	0.0003896	0.0002901	0.0003896	0.0002901	0.000198	0.0001966	0.000198	0.0001966	0.0001916	9.346e-05	0.0001916	9.346e-05	0	0	0	0	0	0	0	0	0	0	0	0	0	0	0	0	0	0	0	0	0	0	0	0	0	0	0	0	0	0	0	0	0	0	
83	0.0003896	0.0002901	0.0003896	0.0002901	0.000198	0.0001966	0.000198	0.0001966	0.0001916	9.346e-05	0.0001916	9.346e-05	0	0	0	0	0	0	0	0	0	0	0	0	0	0	0	0	0	0	0	0	0	0	0	0	0	0	0	0	0	0	0	0	0	0	
84	0.0003896	0.0002901	0.0003896	0.0002901	0.000198	0.0001966	0.000198	0.0001966	0.0001916	9.346e-05	0.0001916	9.346e-05	0	0	0	0	0	0	0	0	0	0	0	0	0	0	0	0	0	0	0	0	0	0	0	0	0	0	0	0	0	0	0	0	0	0	
85	0.0003896	0.0002901	0.0003896	0.0002901	0.000198	0.0001966	0.000198	0.0001966	0.0001916	9.346e-05	0.0001916	9.346e-05	0	0	0	0	0	0	0	0	0	0	0	0	0	0	0	0	0	0	0	0	0	0	0	0	0	0	0	0	0	0	0	0	0	0	
86	0.0003896	0.0002901	0.0003896	0.0002901	0.000198	0.0001966	0.000198	0.0001966	0.0001916	9.346e-05	0.0001916	9.346e-05	0	0	0	0	0	0	0	0	0	0	0	0	0	0	0	0	0	0	0	0	0	0	0	0	0	0	0	0	0	0	0	0	0	0	
87	0.0003896	0.0002901	0.0003896	0.0002901	0.000198	0.0001966	0.000198	0.0001966	0.0001916	9.346e-05	0.0001916	9.346e-05	0	0	0	0	0	0	0	0	0	0	0	0	0	0	0	0	0	0	0	0	0	0	0	0	0	0	0	0	0	0	0	0	0	0	
88	0.0003896	0.0002901	0.0003896	0.0002901	0.000198	0.0001966	0.000198	0.0001966	0.0001916	9.346e-05	0.0001916	9.346e-05	0	0	0	0	0	0	0	0	0	0	0	0	0	0	0	0	0	0	0	0	0	0	0	0	0	0	0	0	0	0	0	0	0	0	
89	0.0003896	0.0002901	0.0003896	0.0002901	0.000198	0.0001966	0.000198	0.0001966	0.0001916	9.346e-05	0.0001916	9.346e-05	0	0	0	0	0	0	0	0	0	0	0	0	0	0	0	0	0	0	0	0	0	0	0	0	0	0	0	0	0	0	0	0	0	0	
90	0.0003896	0.0002901	0.0003896	0.0002901	0.000198	0.0001966	0.000198	0.0001966	0.0001916	9.346e-05	0.0001916	9.346e-05	0	0	0	0	0	0	0	0	0	0	0	0	0	0	0	0	0	0	0	0	0	0	0	0	0	0	0	0	0	0	0	0	0	0	
91	0.0003896	0.0002901	0.0003896	0.0002901	0.000198	0.0001966	0.000198	0.0001966	0.0001916	9.346e-05	0.0001916	9.346e-05	0	0	0	0	0	0	0	0	0	0	0	0	0	0	0	0	0	0	0	0	0	0	0	0	0	0	0	0	0	0	0	0	0	0	
92	0.0003896	0.0002901	0.0003896	0.0002901	0.000198	0.0001966	0.000198	0.0001966	0.0001916	9.346e-05	0.0001916	9.346e-05	0	0	0	0	0	0	0	0	0	0	0	0	0	0	0	0	0	0	0	0	0	0	0	0	0	0	0	0	0	0	0	0	0	0	
93	0.0003896	0.0002901	0.0003896	0.0002901	0.000198	0.0001966	0.000198	0.0001966	0.0001916	9.346e-05	0.0001916	9.346e-05	0	0	0	0	0	0	0	0	0	0	0	0	0	0	0	0	0	0	0	0	0	0	0	0	0	0	0	0	0	0	0	0	0	0	
94	0.0003896	0.0002901	0.0003896	0.0002901	0.000198	0.0001966	0.000198	0.0001966	0.0001916	9.346e-05	0.0001916	9.346e-05	0	0	0	0	0	0	0	0	0	0	0	0	0	0	0	0	0	0	0	0	0	0	0	0	0	0	0	0	0	0	0	0	0	0	
95	0.0003896	0.0002901	0.0003896	0.0002901	0.000198	0.0001966	0.000198	0.0001966	0.0001916	9.346e-05	0.0001916	9.346e-05	0	0	0	0	0	0	0	0	0	0	0	0	0	0	0	0	0	0	0	0	0	0	0	0	0	0	0	0	0	0	0	0	0	0	
96	0.0003896	0.0002901	0.0003896	0.0002901	0.000198	0.0001966	0.000198	0.0001966	0.0001916	9.346e-05	0.0001916	9.346e-05	0	0	0	0	0	0	0	0	0	0	0	0	0	0	0	0	0	0	0	0	0	0	0	0	0	0	0	0	0	0	0	0	0	0	
97	0.0003896	0.0002901	0.0003896	0.0002901	0.000198	0.0001966	0.000198	0.0001966	0.0001916	9.346e-05	0.0001916	9.346e-05	0	0	0	0	0	0	0	0	0	0	0	0	0	0	0	0	0	0	0	0	0	0	0	0	0	0	0	0	0	0	0	0	0	0	
98	0.0003896	0.0002901	0.0003896	0.0002901	0.000198	0.0001966	0.000198	0.0001966	0.0001916	9.346e-05	0.0001916	9.346e-05	0	0	0	0	0	0	0	0	0	0	0	0	0	0	0	0	0	0	0	0	0	0	0	0	0	0	0	0	0	0	0	0	0	0	
99	0.0003896	0.0002901	0.0003896	0.0002901	0.000198	0.0001966	0.000198	0.0001966	0.0001916	9.346e-05	0.0001916	9.346e-05	0	0	0	0	0	0	0	0	0	0	0	0	0	0	0	0	0	0	0	0	0	0	0	0	0	0	0	0	0	0	0	0	0	0	
100	0.0003896	0.0002901	0.0003896	0.0002901	0.000198	0.0001966	0.000198	0.0001966	0.0001916	9.346e-05	0.0001916	9.346e-05	0	0	0	0	0	0	0	0	0	0	0	0	0	0	0	0	0	0	0	0	0	0	0	0	0	0	0	0	0	0	0	0	0	0	
101	0.0003896	0.0002901	0.0003896	0.0002901	0.000198	0.0001966	0.000198	0.0001966	0.0001916	9.346e-05	0.0001916	9.346e-05	0	0	0	0	0	0	0	0	0	0	0	0	0	0	0	0	0	0	0	0	0	0	0	0	0	0	0	0	0	0	0	0	0	0	
102	0.0003896	0.0002901	0.0003896	0.0002901	0.000198	0.0001966	0.000198	0.0001966	0.0001916	9.346e-05	0.0001916	9.346e-05	0	0	0	0	0	0	0	0	0	0	0	0	0	0	0	0	0	0	0	0	0	0	0	0	0	0	0	0	0	0	0	0	0	0	
103	0.0003896	0.0002901	0.0003896	0.0002901	0.000198	0.0001966	0.000198	0.0001966	0.0001916	9.346e-05	0.0001916	9.346e-05	0	0	0	0	0	0	0	0	0	0	0	0	0	0	0	0	0	0	0	0	0	0	0	0	0	0	0	0	0	0	0	0	0	0	
104	0.0003896	0.0002901	0.0003896	0.0002901	0.000198	0.0001966	0.000198	0.0001966	0.0001916	9.346e-05	0.0001916	9.346e-05	0	0	0	0	0	0	0	0	0	0	0	0	0	0	0	0	0	0	0	0	0	0	0	0	0	0	0	0	0	0	0	0	0	0	
105	0.0003896	0.0002901	0.0003896	0.0002901	0.000198	0.0001966	0.000198	0.0001966	0.0001916	9.346e-05	0.0001916	9.346e-05	0	0	0	0	0	0	0	0	0	0	0	0	0	0	0	0	0	0	0	0	0	0	0	0	0	0	0	0	0	0	0	0	0	0	
106	0.0003896	0.0002901	0.0003896	0.0002901	0.000198	0.0001966	0.000198	0.0001966	0.0001916	9.346e-05	0.0001916	9.346e-05	0	0	0	0	0	0	0	0	0	0	0	0	0	0	0	0	0	0	0	0	0	0	0	0	0	0	0	0	0	0	0	0	0	0	
107	0.0003896	0.0002901	0.0003896	0.0002901	0.000198	0.0001966	0.000198	0.0001966	0.0001916	9.346e-05	0.0001916	9.346e-05	0	0	0	0	0	0	0	0	0	0	0	0	0	0	0	0	0	0	0	0	0	0	0	0	0	0	0	0	0	0	0	0	0	0	
108	0.0003896	0.0002901	0.0003896	0.0002901	0.000198	0.0001966	0.000198	0.0001966	0.0001916	9.346e-05	0.0001916	9.346e-05	0	0	0	0	0	0	0	0	0	0	0	0	0	0	0	0	0	0	0	0	0	0	0	0	0	0	0	0	0	0	0	0	0	0	
109	0.0003896	0.0002901	0.0003896	0.0002901	0.000198	0.0001966	0.000198	0.0001966	0.0001916	9.346e-05	0.0001916	9.346e-05	0	0	0	0	0	0	0	0	0	0	0	0	0	0	0	0	0	0	0	0	0	0	0	0	0	0	0	0	0	0	0	0	0	0	
110	0.0003896	0.0002901	0.0003896	0.0002901	0.000198	0.0001966	0.000198	0.0001966	0.0001916	9.346e-05	0.0001916	9.346e-05	0	0	0	0	0	0	0	0	0	0	0	0	0	0	0	0	0	0	0	0	0	0	0	0	0	0	0	0	0	0	0	0	0	0	
111	0.0003896	0.0002901	0.0003896	0.0002901	0.000198	0.0001966	0.000198	0.0001966	0.0001916	9.346e-05	0.0001916	9.346e-05	0	0	0	0	0	0	0	0	0	0	0	0	0	0	0	0	0	0	0	0	0	0	0	0	0	0	0	0	0	0	0	0	0	0	
112	0.0003896	0.0002901	0.0003896	0.0002901	0.000198	0.0001966	0.000198	0.0001966	0.0001916	9.346e-05	0.0001916	9.346e-05	0	0	0	0	0	0	0	0	0	0	0	0	0	0	0	0	0	0	0	0	0	0	0	0	0	0	0	0	0	0	0	0	0	0	
113	0.0003896	0.0002901	0.0003896	0.0002901	0.000198	0.0001966	0.000198	0.0001966	0.0001916	9.346e-05	0.0001916	9.346e-05	0	0	0	0	0	0	0	0	0	0	0	0	0	0	0	0	0	0	0	0	0	0	0	0	0	0	0	0	0	0	0	0	0	0	
114	0.0003896	0.0002901	0.0003896	0.0002901	0.000198	0.0001966	0.000198	0.0001966	0.0001916	9.346e-05	0.0001916	9.346e-05	0	0	0	0	0	0	0	0	0	0	0	0	0	0	0	0	0	0	0	0	0	0	0	0	0	0	0	0	0	0	0	0	0	0	
115	0.0003896	0.0002901	0.0003896	0.0002901	0.000198	0.0001966	0.000198	0.0001966	0.0001916	9.346e-05	0.0001916	9.346e-05	0	0	0	0	0	0	0	0	0	0	0	0	0	0	0	0	0	0	0	0	0	0	0	0	0	0	0	0	0	0	0	0	0	0	
116	0.0003896	0.0002901	0.0003896	0.0002901	0.000198	0.0001966	0.000198	0.0001966	0.0001916	9.346e-05	0.0001916	9.346e-05	0	0	0	0	0	0	0	0	0	0	0	0	0	0	0	0	0	0	0	0	0	0	0	0	0	0	0	0	0	0	0	0	0	0	
117	0.0003896	0.0002901	0.0003896	0.0002901	0.000198	0.0001966	0.000198	0.0001966	0.0001916	9.346e-05	0.0001916	9.346e-05	0	0	0	0	0	0	0	0	0	0	0	0	0	0	0	0	0	0	0	0	0	0	0	0	0	0	0	0	0	0	0	0	0	0	
118	0.0003896	0.0002901	0.0003896	0.0002901	0.000198	0.0001966	0.000198	0.0001966	0.0001916	9.346e-05	0.0001916	9.346e-05	0	0	0	0	0	0	0	0	0	0	0	0	0	0	0	0	0	0	0	0	0	0	0	0	0	0	0	0	0	0	0	0	0	0	
119	0.0003896	0.0002901	0.0003896	0.0002901	0.000198	0.0001966	0.000198	0.0001966	0.0001916	9.346e-05	0.0001916	9.346e-05	0	0	0	0	0	0	0	0	0	0	0	0	0	0	0	0	0	0	0	0	0	0	0	0	0	0	0	0	0	0	0	0	0	0	
120	0.0003896	0.0002901	0.0003896	0.0002901	0.000198	0.0001966	0.000198	0.0001966	0.0001916	9.346e-05	0.0001916	9.346e-05	0	0	0	0	0	0	0	0	0	0	0	0	0	0	0	0	0	0	0	0	0	0	0	0	0	0	0	0	0	0	0	0	0	0	
121	0.0003896	0.0002901	0.0003896	0.0002901	0.000198	0.0001966	0.000198	0.0001966	0.0001916	9.346e-05	0.0001916	9.346e-05	0	0	0	0	0	0	0	0	0	0	0	0	0	0	0	0	0	0	0	0	0	0	0	0	0	0	0	0	0	0	0	0	0	0	
122	0.0003896	0.0002901	0.0003896	0.0002901	0.000198	0.0001966	0.000198	0.0001966	0.0001916	9.346e-05	0.0001916	9.346e-05	0	0	0	0	0	0	0	0	0	0	0	0	0	0	0	0	0	0	0	0	0	0	0	0	0	0	0	0	0	0	0	0	0	0	
123	0.0003896	0.0002901	0.0003896	0.0002901	0.000198	0.0001966	0.000198	0.0001966	0.0001916	9.346e-05	0.0001916	9.346e-05	0	0	0	0	0	0	0	0	0	0	0	0	0	0	0	0	0	0	0	0	0	0	0	0	0	0	0	0	0	0	0	0	0	0	
124	0.0003896	0.0002901	0.0003896	0.0002901	0.000198	0.0001966	0.000198	0.0001966	0.0001916	9.346e-05	0.0001916	9.346e-05	0	0	0	0	0	0	0	0	0	0	0	0	0	0	0	0	0	0	0	0	0	0	0	0	0	0	0	0	0	0	0	0	0	0	
125	0.0003896	0.0002901	0.0003896	0.0002901	0.000198	0.0001966	0.000198	0.0001966	0.0001916	9.346e-05	0.0001916	9.346e-05	0	0	0	0	0	0	0	0	0	0	0	0	0	0	0	0	0	0	0	0	0	0	0	0	0	0	0	0	0	0	0	0	0	0	
126	0.0003896	0.0002901	0.0003896	0.0002901	0.000198	0.0001966	0.000198	0.0001966	0.0001916	9.346e-05	0.0001916	9.346e-05	0	0	0	0	0	0	0	0	0	0	0	0	0	0	0	0	0	0	0	0	0	0	0	0	0	0	0	0	0	0	0	0	0	0	
127	0.0003896	0.0002901	0.0003896	0.0002901	0.000198	0.0001966	0.000198	0.0001966	0.0001916	9.346e-05	0.0001916	9.346e-05	0	0	0	0	0	0	0	0	0	0	0	0	0	0	0	0	0	0	0	0	0	0	0	0	0	0	0	0	0	0	0	0	0	0	
128	0.0003896	0.0002901	0.0003896	0.0002901	0.000198	0.0001966	0.000198	0.0001966	0.0001916	9.346e-05	0.0001916	9.346e-05	0	0	0	0	0	0	0	0	0	0	0	0	0	0	0	0	0	0	0	0	0	0	0	0	0	0	0	0	0	0	0	0	0	0	
129	0.0003896	0.0002901	0.0003896	0.0002901	0.000198	0.0001966	0.000198	0.0001966	0.0001916	9.346e-05	0.0001916	9.346e-05	0	0	0	0	0	0	0	0	0	0	0	0	0	0	0	0	0	0	0	0	0	0	0	0	0	0	0	0	0	0	0	0	0	0	
130	0.0003896	0.0002901	0.0003896	0.0002901	0.000198	0.0001966	0.000198	0.0001966	0.0001916	9.346e-05	0.0001916	9.346e-05	0	0	0	0	0	0	0	0	0	0	0	0	0	0	0	0	0	0	0	0	0	0	0	0	0	0	0	0	0	0	0	0	0	0	
131	0.2533	1.749	0.2533	1.749	0.0008507	1.001	0.0008507	1.001	0.2524	0.748	0.2524	0.7481	1	2	1	2	1	2	1	2	0	2	0	2	0	2	0	2	0	2	0	2	0	2	0	2	0	2	0	1	0	1	0	1	0	1	
132	0.0003896	0.0002901	0.0003896	0.0002901	0.000198	0.0001966	0.000198	0.0001966	0.0001916	9.346e-05	0.0001916	9.346e-05	0	0	0	0	0	0	0	0	0	0	0	0	0	0	0	0	0	0	0	0	0	0	0	0	0	0	0	0	0	0	0	0	0	0	
133	0.0003896	0.0002901	0.0003896	0.0002901	0.000198	0.0001966	0.000198	0.0001966	0.0001916	9.346e-05	0.0001916	9.346e-05	0	0	0	0	0	0	0	0	0	0	0	0	0	0	0	0	0	0	0	0	0	0	0	0	0	0	0	0	0	0	0	0	0	0	
134	0.0003896	0.0002901	0.0003896	0.0002901	0.000198	0.0001966	0.000198	0.0001966	0.0001916	9.346e-05	0.0001916	9.346e-05	0	0	0	0	0	0	0	0	0	0	0	0	0	0	0	0	0	0	0	0	0	0	0	0	0	0	0	0	0	0	0	0	0	0	
135	0.0003896	0.0002901	0.0003896	0.0002901	0.000198	0.0001966	0.000198	0.0001966	0.0001916	9.346e-05	0.0001916	9.346e-05	0	0	0	0	0	0	0	0	0	0	0	0	0	0	0	0	0	0	0	0	0	0	0	0	0	0	0	0	0	0	0	0	0	0	
136	0.0003896	0.0002901	0.0003896	0.0002901	0.000198	0.0001966	0.000198	0.0001966	0.0001916	9.346e-05	0.0001916	9.346e-05	0	0	0	0	0	0	0	0	0	0	0	0	0	0	0	0	0	0	0	0	0	0	0	0	0	0	0	0	0	0	0	0	0	0	
137	0.9958	0.03366	0.9958	0.03366	0.002597	0.02623	0.002597	0.02623	0.9932	0.007433	0.9932	0.007433	1	0	1	0	1	0	1	0	1	0	1	0	1	0	1	0	1	0	1	0	1	0	1	0	1	0	1	0	1	0	1	0	1	0	
138	0.006712	1.008	0.006712	1.008	0.005047	1.003	0.005047	1.003	0.001665	0.004409	0.001665	0.004409	0	1	0	1	0	1	0	1	0	1	0	1	0	1	0	1	0	1	0	1	0	1	0	1	0	1	0	1	0	1	0	1	0	1	
139	1.998	0.01097	1.998	0.01097	1.993	0.0008997	1.993	0.0008997	0.00461	0.01007	0.004611	0.01007	2	0	2	0	2	0	2	0	2	0	2	0	2	0	2	0	2	0	2	0	2	0	2	0	2	0	2	0	2	0	2	0	2	0	
140	0.006409	0.02069	0.006409	0.02069	0.00421	0.01544	0.004211	0.01544	0.002199	0.005253	0.002199	0.005254	0	0	0	0	0	0	0	0	0	0	0	0	0	0	0	0	0	0	0	0	0	0	0	0	0	0	0	0	0	0	0	0	0	0	
141	0.0003896	0.0002901	0.0003896	0.0002901	0.000198	0.0001966	0.000198	0.0001966	0.0001916	9.346e-05	0.0001916	9.346e-05	0	0	0	0	0	0	0	0	0	0	0	0	0	0	0	0	0	0	0	0	0	0	0	0	0	0	0	0	0	0	0	0	0	0	
142	0.0003896	0.0002901	0.0003896	0.0002901	0.000198	0.0001966	0.000198	0.0001966	0.0001916	9.346e-05	0.0001916	9.346e-05	0	0	0	0	0	0	0	0	0	0	0	0	0	0	0	0	0	0	0	0	0	0	0	0	0	0	0	0	0	0	0	0	0	0	
143	0.0003896	0.0002901	0.0003896	0.0002901	0.000198	0.0001966	0.000198	0.0001966	0.0001916	9.346e-05	0.0001916	9.346e-05	0	0	0	0	0	0	0	0	0	0	0	0	0	0	0	0	0	0	0	0	0	0	0	0	0	0	0	0	0	0	0	0	0	0	
144	0.0003896	0.0002901	0.0003896	0.0002901	0.000198	0.0001966	0.000198	0.0001966	0.0001916	9.346e-05	0.0001916	9.346e-05	0	0	0	0	0	0	0	0	0	0	0	0	0	0	0	0	0	0	0	0	0	0	0	0	0	0	0	0	0	0	0	0	0	0	
145	0.0003896	0.0002901	0.0003896	0.0002901	0.000198	0.0001966	0.000198	0.0001966	0.0001916	9.346e-05	0.0001916	9.346e-05	0	0	0	0	0	0	0	0	0	0	0	0	0	0	0	0	0	0	0	0	0	0	0	0	0	0	0	0	0	0	0	0	0	0	
146	0.0003896	0.0002901	0.0003896	0.0002901	0.000198	0.0001966	0.000198	0.0001966	0.0001916	9.346e-05	0.0001916	9.346e-05	0	0	0	0	0	0	0	0	0	0	0	0	0	0	0	0	0	0	0	0	0	0	0	0	0	0	0	0	0	0	0	0	0	0	
147	0.0003896	0.0002901	0.0003896	0.0002901	0.000198	0.0001966	0.000198	0.0001966	0.0001916	9.346e-05	0.0001916	9.346e-05	0	0	0	0	0	0	0	0	0	0	0	0	0	0	0	0	0	0	0	0	0	0	0	0	0	0	0	0	0	0	0	0	0	0	
148	0.0003896	0.0002901	0.0003896	0.0002901	0.000198	0.0001966	0.000198	0.0001966	0.0001916	9.346e-05	0.0001916	9.346e-05	0	0	0	0	0	0	0	0	0	0	0	0	0	0	0	0	0	0	0	0	0	0	0	0	0	0	0	0	0	0	0	0	0	0	
149	0.0003896	0.0002901	0.0003896	0.0002901	0.000198	0.0001966	0.000198	0.0001966	0.0001916	9.346e-05	0.0001916	9.346e-05	0	0	0	0	0	0	0	0	0	0	0	0	0	0	0	0	0	0	0	0	0	0	0	0	0	0	0	0	0	0	0	0	0	0	
150	0.0003896	0.0002901	0.0003896	0.0002901	0.000198	0.0001966	0.000198	0.0001966	0.0001916	9.346e-05	0.0001916	9.346e-05	0	0	0	0	0	0	0	0	0	0	0	0	0	0	0	0	0	0	0	0	0	0	0	0	0	0	0	0	0	0	0	0	0	0	
151	1.001	0.001636	1.001	0.001636	1.001	0.000821	1.001	0.000821	0.0004062	0.0008154	0.0004063	0.0008154	1	0	1	0	1	0	1	0	1	0	1	0	1	0	1	0	1	0	1	0	1	0	1	0	1	0	1	0	1	0	1	0	1	0	
152	0.0003896	0.0002901	0.0003896	0.0002901	0.000198	0.0001966	0.000198	0.0001966	0.0001916	9.346e-05	0.0001916	9.346e-05	0	0	0	0	0	0	0	0	0	0	0	0	0	0	0	0	0	0	0	0	0	0	0	0	0	0	0	0	0	0	0	0	0	0	
153	0.0003896	0.0002901	0.0003896	0.0002901	0.000198	0.0001966	0.000198	0.0001966	0.0001916	9.346e-05	0.0001916	9.346e-05	0	0	0	0	0	0	0	0	0	0	0	0	0	0	0	0	0	0	0	0	0	0	0	0	0	0	0	0	0	0	0	0	0	0	
154	0.0003896	0.0002901	0.0003896	0.0002901	0.000198	0.0001966	0.000198	0.0001966	0.0001916	9.346e-05	0.0001916	9.346e-05	0	0	0	0	0	0	0	0	0	0	0	0	0	0	0	0	0	0	0	0	0	0	0	0	0	0	0	0	0	0	0	0	0	0	
155	0.0003896	0.0002901	0.0003896	0.0002901	0.000198	0.0001966	0.000198	0.0001966	0.0001916	9.346e-05	0.0001916	9.346e-05	0	0	0	0	0	0	0	0	0	0	0	0	0	0	0	0	0	0	0	0	0	0	0	0	0	0	0	0	0	0	0	0	0	0	
156	0.0003896	0.0002901	0.0003896	0.0002901	0.000198	0.0001966	0.000198	0.0001966	0.0001916	9.346e-05	0.0001916	9.346e-05	0	0	0	0	0	0	0	0	0	0	0	0	0	0	0	0	0	0	0	0	0	0	0	0	0	0	0	0	0	0	0	0	0	0	
157	0.0003896	0.0002901	0.0003896	0.0002901	0.000198	0.0001966	0.000198	0.0001966	0.0001916	9.346e-05	0.0001916	9.346e-05	0	0	0	0	0	0	0	0	0	0	0	0	0	0	0	0	0	0	0	0	0	0	0	0	0	0	0	0	0	0	0	0	0	0	
158	0.0003896	0.0002901	0.0003896	0.0002901	0.000198	0.0001966	0.000198	0.0001966	0.0001916	9.346e-05	0.0001916	9.346e-05	0	0	0	0	0	0	0	0	0	0	0	0	0	0	0	0	0	0	0	0	0	0	0	0	0	0	0	0	0	0	0	0	0	0	
159	0.0003896	0.0002901	0.0003896	0.0002901	0.000198	0.0001966	0.000198	0.0001966	0.0001916	9.346e-05	0.0001916	9.346e-05	0	0	0	0	0	0	0	0	0	0	0	0	0	0	0	0	0	0	0	0	0	0	0	0	0	0	0	0	0	0	0	0	0	0	
160	0.0003896	0.0002901	0.0003896	0.0002901	0.000198	0.0001966	0.000198	0.0001966	0.0001916	9.346e-05	0.0001916	9.346e-05	0	0	0	0	0	0	0	0	0	0	0	0	0	0	0	0	0	0	0	0	0	0	0	0	0	0	0	0	0	0	0	0	0	0	
161	0.0003896	0.0002901	0.0003896	0.0002901	0.000198	0.0001966	0.000198	0.0001966	0.0001916	9.346e-05	0.0001916	9.346e-05	0	0	0	0	0	0	0	0	0	0	0	0	0	0	0	0	0	0	0	0	0	0	0	0	0	0	0	0	0	0	0	0	0	0	
162	0.0003896	0.0002901	0.0003896	0.0002901	0.000198	0.0001966	0.000198	0.0001966	0.0001916	9.346e-05	0.0001916	9.346e-05	0	0	0	0	0	0	0	0	0	0	0	0	0	0	0	0	0	0	0	0	0	0	0	0	0	0	0	0	0	0	0	0	0	0	
163	0.0003896	0.0002901	0.0003896	0.0002901	0.000198	0.0001966	0.000198	0.0001966	0.0001916	9.346e-05	0.0001916	9.346e-05	0	0	0	0	0	0	0	0	0	0	0	0	0	0	0	0	0	0	0	0	0	0	0	0	0	0	0	0	0	0	0	0	0	0	
164	0.0003896	0.0002901	0.0003896	0.0002901	0.000198	0.0001966	0.000198	0.0001966	0.0001916	9.346e-05	0.0001916	9.346e-05	0	0	0	0	0	0	0	0	0	0	0	0	0	0	0	0	0	0	0	0	0	0	0	0	0	0	0	0	0	0	0	0	0	0	
165	0.0003896	0.0002901	0.0003896	0.0002901	0.000198	0.0001966	0.000198	0.0001966	0.0001916	9.346e-05	0.0001916	9.346e-05	0	0	0	0	0	0	0	0	0	0	0	0	0	0	0	0	0	0	0	0	0	0	0	0	0	0	0	0	0	0	0	0	0	0	
166	0.0003896	0.0002901	0.0003896	0.0002901	0.000198	0.0001966	0.000198	0.0001966	0.0001916	9.346e-05	0.0001916	9.346e-05	0	0	0	0	0	0	0	0	0	0	0	0	0	0	0	0	0	0	0	0	0	0	0	0	0	0	0	0	0	0	0	0	0	0	
167	0.0003896	0.0002901	0.0003896	0.0002901	0.000198	0.0001966	0.000198	0.0001966	0.0001916	9.346e-05	0.0001916	9.346e-05	0	0	0	0	0	0	0	0	0	0	0	0	0	0	0	0	0	0	0	0	0	0	0	0	0	0	0	0	0	0	0	0	0	0	
168	0.001789	1.001	0.001789	1.001	0.000955	1.001	0.000955	1.001	0.0008343	0.0004898	0.0008343	0.0004898	0	1	0	1	0	1	0	1	0	1	0	1	0	1	0	1	0	1	0	1	0	1	0	1	0	1	0	1	0	1	0	1	0	1	
169	0.003477	0.02302	0.003477	0.02302	0.0007912	0.01842	0.0007912	0.01842	0.002686	0.004603	0.002686	0.004603	0	0	0	0	0	0	0	0	0	0	0	0	0	0	0	0	0	0	0	0	0	0	0	0	0	0	0	0	0	0	0	0	0	0	
170	0.003477	0.02302	0.003477	0.02302	0.0007912	0.01842	0.0007912	0.01842	0.002686	0.004603	0.002686	0.004603	0	0	0	0	0	0	0	0	0	0	0	0	0	0	0	0	0	0	0	0	0	0	0	0	0	0	0	0	0	0	0	0	0	0	
171	0.003477	0.02302	0.003477	0.02302	0.0007912	0.01842	0.0007912	0.01842	0.002686	0.004603	0.002686	0.004603	0	0	0	0	0	0	0	0	0	0	0	0	0	0	0	0	0	0	0	0	0	0	0	0	0	0	0	0	0	0	0	0	0	0	
