# Rates were calculated using the expectation of the posterior rate distribution
# Prior distribution is Gamma with 4 discrete categories
# The alpha parameter 0.1081
# sp.rates(j)  j= 0	1.484e-06	0.25
# sp.rates(j)  j= 1	0.001808	0.25
# sp.rates(j)  j= 2	0.1162	0.25
# sp.rates(j)  j= 3	3.882	0.25

=========================================================================================================================================================
# POS	RATE
1	0.9324
2	3.726
3	0.9315
4	0.9315
5	0.9315
6	0.9315
7	0.9315
8	0.9315
9	3.725
10	0.9315
11	0.9315
12	0.9315
13	0.9315
14	0.9315
15	0.9315
16	0.9315
17	0.9315
18	0.9315
19	0.9315
20	0.9315
21	0.9315
22	0.9315
23	0.9315
24	0.9315
25	0.9315
26	0.9315
27	0.9315
28	0.9315
29	0.9315
30	0.9315
31	0.9315
32	0.9315
33	0.9315
34	0.9315
35	0.9315
36	0.9315
37	0.9315
38	0.9315
39	0.9315
40	0.9315
41	0.9315
42	0.9315
43	0.9315
44	0.9315
45	0.9315
46	0.9315
47	0.9315
48	0.9315
49	0.9315
50	0.9315
51	0.9315
52	0.9315
53	0.9315
54	0.9315
55	0.9315
56	0.9315
57	0.9315
58	0.9315
59	0.9315
60	0.9315
61	0.9315
62	0.9315
63	0.9315
64	0.9315
65	0.9315
66	0.9315
67	0.9315
68	0.9315
69	0.9315
70	0.9315
71	0.9315
72	0.9315
73	0.9315
74	0.9315
75	0.9315
76	0.9315
77	0.9315
78	0.9315
79	0.9315
80	0.9315
81	0.9315
82	0.9315
83	0.9315
84	0.9315
85	0.9315
86	0.9315
87	0.9315
88	0.9315
89	0.9315
90	0.9315
91	0.9315
92	0.9315
93	0.9315
94	0.9315
95	0.9315
96	0.9315
97	0.9315
98	0.9315
99	0.9315
100	0.9315
101	0.9315
102	0.9315
103	0.9315
104	0.9315
105	0.9315
106	0.9315
107	0.9315
108	0.9315
109	0.9315
110	0.9315
111	0.9315
112	0.9315
113	0.9315
114	0.9315
115	0.9315
116	0.9315
117	0.9315
118	0.9315
119	0.9315
120	0.9315
121	0.9315
122	0.9315
123	0.9315
124	0.9315
125	0.9315
126	0.9315
127	0.9315
128	0.9315
129	0.9315
130	0.9315
131	3.878
132	0.9315
133	0.9315
134	0.9315
135	0.9315
136	0.9315
137	3.735
138	3.76
139	3.877
140	1
141	0.9315
142	0.9315
143	0.9315
144	0.9315
145	0.9315
146	0.9315
147	0.9315
148	0.9315
149	0.9315
150	0.9315
151	3.726
152	0.9315
153	0.9315
154	0.9315
155	0.9315
156	0.9315
157	0.9315
158	0.9315
159	0.9315
160	0.9315
161	0.9315
162	0.9315
163	0.9315
164	0.9315
165	0.9315
166	0.9315
167	0.9315
168	3.76
169	1
170	1
171	1
# Average = 1.066
# Standard Deviation = 0.6018
