# print count over countCutOffLow=0.1 to countCutOffHigh=0.9 with increment=0.05
POS	prob01	prob10	exp01	exp10	prob01_Rec	prob10_Rec	exp01_Rec	exp10_Rec	prob01_Anc	prob10_Anc	exp01_Anc	exp10_Anc	count01_0.1	count10_0.1	count01_0.15	count10_0.15	count01_0.2	count10_0.2	count01_0.25	count10_0.25	count01_0.3	count10_0.3	count01_0.35	count10_0.35	count01_0.4	count10_0.4	count01_0.45	count10_0.45	count01_0.5	count10_0.5	count01_0.55	count10_0.55	count01_0.6	count10_0.6	count01_0.65	count10_0.65	count01_0.7	count10_0.7	count01_0.75	count10_0.75	count01_0.8	count10_0.8	count01_0.85	count10_0.85	count01_0.9	count10_0.9	
1	9.187e-06	9.174e-06	9.187e-06	9.174e-06	5.922e-06	5.915e-06	5.922e-06	5.915e-06	3.265e-06	3.26e-06	3.265e-06	3.26e-06	0	0	0	0	0	0	0	0	0	0	0	0	0	0	0	0	0	0	0	0	0	0	0	0	0	0	0	0	0	0	0	0	0	0	
2	1	0.0004181	1	0.0004181	0.9996	5.51e-06	0.9996	5.51e-06	0.0004124	0.0004126	0.0004124	0.0004126	1	0	1	0	1	0	1	0	1	0	1	0	1	0	1	0	1	0	1	0	1	0	1	0	1	0	1	0	1	0	1	0	1	0	
3	9.187e-06	9.174e-06	9.187e-06	9.174e-06	5.922e-06	5.915e-06	5.922e-06	5.915e-06	3.265e-06	3.26e-06	3.265e-06	3.26e-06	0	0	0	0	0	0	0	0	0	0	0	0	0	0	0	0	0	0	0	0	0	0	0	0	0	0	0	0	0	0	0	0	0	0	
4	9.187e-06	9.174e-06	9.187e-06	9.174e-06	5.922e-06	5.915e-06	5.922e-06	5.915e-06	3.265e-06	3.26e-06	3.265e-06	3.26e-06	0	0	0	0	0	0	0	0	0	0	0	0	0	0	0	0	0	0	0	0	0	0	0	0	0	0	0	0	0	0	0	0	0	0	
5	9.187e-06	9.174e-06	9.187e-06	9.174e-06	5.922e-06	5.915e-06	5.922e-06	5.915e-06	3.265e-06	3.26e-06	3.265e-06	3.26e-06	0	0	0	0	0	0	0	0	0	0	0	0	0	0	0	0	0	0	0	0	0	0	0	0	0	0	0	0	0	0	0	0	0	0	
6	9.187e-06	9.174e-06	9.187e-06	9.174e-06	5.922e-06	5.915e-06	5.922e-06	5.915e-06	3.265e-06	3.26e-06	3.265e-06	3.26e-06	0	0	0	0	0	0	0	0	0	0	0	0	0	0	0	0	0	0	0	0	0	0	0	0	0	0	0	0	0	0	0	0	0	0	
7	9.187e-06	9.174e-06	9.187e-06	9.174e-06	5.922e-06	5.915e-06	5.922e-06	5.915e-06	3.265e-06	3.26e-06	3.265e-06	3.26e-06	0	0	0	0	0	0	0	0	0	0	0	0	0	0	0	0	0	0	0	0	0	0	0	0	0	0	0	0	0	0	0	0	0	0	
8	9.187e-06	9.174e-06	9.187e-06	9.174e-06	5.922e-06	5.915e-06	5.922e-06	5.915e-06	3.265e-06	3.26e-06	3.265e-06	3.26e-06	0	0	0	0	0	0	0	0	0	0	0	0	0	0	0	0	0	0	0	0	0	0	0	0	0	0	0	0	0	0	0	0	0	0	
9	9.187e-06	9.174e-06	9.187e-06	9.174e-06	5.922e-06	5.915e-06	5.922e-06	5.915e-06	3.265e-06	3.26e-06	3.265e-06	3.26e-06	0	0	0	0	0	0	0	0	0	0	0	0	0	0	0	0	0	0	0	0	0	0	0	0	0	0	0	0	0	0	0	0	0	0	
10	9.187e-06	9.174e-06	9.187e-06	9.174e-06	5.922e-06	5.915e-06	5.922e-06	5.915e-06	3.265e-06	3.26e-06	3.265e-06	3.26e-06	0	0	0	0	0	0	0	0	0	0	0	0	0	0	0	0	0	0	0	0	0	0	0	0	0	0	0	0	0	0	0	0	0	0	
11	9.187e-06	9.174e-06	9.187e-06	9.174e-06	5.922e-06	5.915e-06	5.922e-06	5.915e-06	3.265e-06	3.26e-06	3.265e-06	3.26e-06	0	0	0	0	0	0	0	0	0	0	0	0	0	0	0	0	0	0	0	0	0	0	0	0	0	0	0	0	0	0	0	0	0	0	
12	9.187e-06	9.174e-06	9.187e-06	9.174e-06	5.922e-06	5.915e-06	5.922e-06	5.915e-06	3.265e-06	3.26e-06	3.265e-06	3.26e-06	0	0	0	0	0	0	0	0	0	0	0	0	0	0	0	0	0	0	0	0	0	0	0	0	0	0	0	0	0	0	0	0	0	0	
13	9.187e-06	9.174e-06	9.187e-06	9.174e-06	5.922e-06	5.915e-06	5.922e-06	5.915e-06	3.265e-06	3.26e-06	3.265e-06	3.26e-06	0	0	0	0	0	0	0	0	0	0	0	0	0	0	0	0	0	0	0	0	0	0	0	0	0	0	0	0	0	0	0	0	0	0	
14	9.187e-06	9.174e-06	9.187e-06	9.174e-06	5.922e-06	5.915e-06	5.922e-06	5.915e-06	3.265e-06	3.26e-06	3.265e-06	3.26e-06	0	0	0	0	0	0	0	0	0	0	0	0	0	0	0	0	0	0	0	0	0	0	0	0	0	0	0	0	0	0	0	0	0	0	
15	9.187e-06	9.174e-06	9.187e-06	9.174e-06	5.922e-06	5.915e-06	5.922e-06	5.915e-06	3.265e-06	3.26e-06	3.265e-06	3.26e-06	0	0	0	0	0	0	0	0	0	0	0	0	0	0	0	0	0	0	0	0	0	0	0	0	0	0	0	0	0	0	0	0	0	0	
16	9.187e-06	9.174e-06	9.187e-06	9.174e-06	5.922e-06	5.915e-06	5.922e-06	5.915e-06	3.265e-06	3.26e-06	3.265e-06	3.26e-06	0	0	0	0	0	0	0	0	0	0	0	0	0	0	0	0	0	0	0	0	0	0	0	0	0	0	0	0	0	0	0	0	0	0	
17	9.187e-06	9.174e-06	9.187e-06	9.174e-06	5.922e-06	5.915e-06	5.922e-06	5.915e-06	3.265e-06	3.26e-06	3.265e-06	3.26e-06	0	0	0	0	0	0	0	0	0	0	0	0	0	0	0	0	0	0	0	0	0	0	0	0	0	0	0	0	0	0	0	0	0	0	
18	9.187e-06	9.174e-06	9.187e-06	9.174e-06	5.922e-06	5.915e-06	5.922e-06	5.915e-06	3.265e-06	3.26e-06	3.265e-06	3.26e-06	0	0	0	0	0	0	0	0	0	0	0	0	0	0	0	0	0	0	0	0	0	0	0	0	0	0	0	0	0	0	0	0	0	0	
19	9.187e-06	9.174e-06	9.187e-06	9.174e-06	5.922e-06	5.915e-06	5.922e-06	5.915e-06	3.265e-06	3.26e-06	3.265e-06	3.26e-06	0	0	0	0	0	0	0	0	0	0	0	0	0	0	0	0	0	0	0	0	0	0	0	0	0	0	0	0	0	0	0	0	0	0	
20	9.187e-06	9.174e-06	9.187e-06	9.174e-06	5.922e-06	5.915e-06	5.922e-06	5.915e-06	3.265e-06	3.26e-06	3.265e-06	3.26e-06	0	0	0	0	0	0	0	0	0	0	0	0	0	0	0	0	0	0	0	0	0	0	0	0	0	0	0	0	0	0	0	0	0	0	
21	9.187e-06	9.174e-06	9.187e-06	9.174e-06	5.922e-06	5.915e-06	5.922e-06	5.915e-06	3.265e-06	3.26e-06	3.265e-06	3.26e-06	0	0	0	0	0	0	0	0	0	0	0	0	0	0	0	0	0	0	0	0	0	0	0	0	0	0	0	0	0	0	0	0	0	0	
22	9.187e-06	9.174e-06	9.187e-06	9.174e-06	5.922e-06	5.915e-06	5.922e-06	5.915e-06	3.265e-06	3.26e-06	3.265e-06	3.26e-06	0	0	0	0	0	0	0	0	0	0	0	0	0	0	0	0	0	0	0	0	0	0	0	0	0	0	0	0	0	0	0	0	0	0	
23	9.187e-06	9.174e-06	9.187e-06	9.174e-06	5.922e-06	5.915e-06	5.922e-06	5.915e-06	3.265e-06	3.26e-06	3.265e-06	3.26e-06	0	0	0	0	0	0	0	0	0	0	0	0	0	0	0	0	0	0	0	0	0	0	0	0	0	0	0	0	0	0	0	0	0	0	
24	9.187e-06	9.174e-06	9.187e-06	9.174e-06	5.922e-06	5.915e-06	5.922e-06	5.915e-06	3.265e-06	3.26e-06	3.265e-06	3.26e-06	0	0	0	0	0	0	0	0	0	0	0	0	0	0	0	0	0	0	0	0	0	0	0	0	0	0	0	0	0	0	0	0	0	0	
25	9.187e-06	9.174e-06	9.187e-06	9.174e-06	5.922e-06	5.915e-06	5.922e-06	5.915e-06	3.265e-06	3.26e-06	3.265e-06	3.26e-06	0	0	0	0	0	0	0	0	0	0	0	0	0	0	0	0	0	0	0	0	0	0	0	0	0	0	0	0	0	0	0	0	0	0	
26	9.187e-06	9.174e-06	9.187e-06	9.174e-06	5.922e-06	5.915e-06	5.922e-06	5.915e-06	3.265e-06	3.26e-06	3.265e-06	3.26e-06	0	0	0	0	0	0	0	0	0	0	0	0	0	0	0	0	0	0	0	0	0	0	0	0	0	0	0	0	0	0	0	0	0	0	
27	9.187e-06	9.174e-06	9.187e-06	9.174e-06	5.922e-06	5.915e-06	5.922e-06	5.915e-06	3.265e-06	3.26e-06	3.265e-06	3.26e-06	0	0	0	0	0	0	0	0	0	0	0	0	0	0	0	0	0	0	0	0	0	0	0	0	0	0	0	0	0	0	0	0	0	0	
28	9.187e-06	9.174e-06	9.187e-06	9.174e-06	5.922e-06	5.915e-06	5.922e-06	5.915e-06	3.265e-06	3.26e-06	3.265e-06	3.26e-06	0	0	0	0	0	0	0	0	0	0	0	0	0	0	0	0	0	0	0	0	0	0	0	0	0	0	0	0	0	0	0	0	0	0	
29	9.187e-06	9.174e-06	9.187e-06	9.174e-06	5.922e-06	5.915e-06	5.922e-06	5.915e-06	3.265e-06	3.26e-06	3.265e-06	3.26e-06	0	0	0	0	0	0	0	0	0	0	0	0	0	0	0	0	0	0	0	0	0	0	0	0	0	0	0	0	0	0	0	0	0	0	
30	9.187e-06	9.174e-06	9.187e-06	9.174e-06	5.922e-06	5.915e-06	5.922e-06	5.915e-06	3.265e-06	3.26e-06	3.265e-06	3.26e-06	0	0	0	0	0	0	0	0	0	0	0	0	0	0	0	0	0	0	0	0	0	0	0	0	0	0	0	0	0	0	0	0	0	0	
31	9.187e-06	9.174e-06	9.187e-06	9.174e-06	5.922e-06	5.915e-06	5.922e-06	5.915e-06	3.265e-06	3.26e-06	3.265e-06	3.26e-06	0	0	0	0	0	0	0	0	0	0	0	0	0	0	0	0	0	0	0	0	0	0	0	0	0	0	0	0	0	0	0	0	0	0	
32	9.187e-06	9.174e-06	9.187e-06	9.174e-06	5.922e-06	5.915e-06	5.922e-06	5.915e-06	3.265e-06	3.26e-06	3.265e-06	3.26e-06	0	0	0	0	0	0	0	0	0	0	0	0	0	0	0	0	0	0	0	0	0	0	0	0	0	0	0	0	0	0	0	0	0	0	
33	9.187e-06	9.174e-06	9.187e-06	9.174e-06	5.922e-06	5.915e-06	5.922e-06	5.915e-06	3.265e-06	3.26e-06	3.265e-06	3.26e-06	0	0	0	0	0	0	0	0	0	0	0	0	0	0	0	0	0	0	0	0	0	0	0	0	0	0	0	0	0	0	0	0	0	0	
34	9.187e-06	9.174e-06	9.187e-06	9.174e-06	5.922e-06	5.915e-06	5.922e-06	5.915e-06	3.265e-06	3.26e-06	3.265e-06	3.26e-06	0	0	0	0	0	0	0	0	0	0	0	0	0	0	0	0	0	0	0	0	0	0	0	0	0	0	0	0	0	0	0	0	0	0	
35	9.187e-06	9.174e-06	9.187e-06	9.174e-06	5.922e-06	5.915e-06	5.922e-06	5.915e-06	3.265e-06	3.26e-06	3.265e-06	3.26e-06	0	0	0	0	0	0	0	0	0	0	0	0	0	0	0	0	0	0	0	0	0	0	0	0	0	0	0	0	0	0	0	0	0	0	
36	9.187e-06	9.174e-06	9.187e-06	9.174e-06	5.922e-06	5.915e-06	5.922e-06	5.915e-06	3.265e-06	3.26e-06	3.265e-06	3.26e-06	0	0	0	0	0	0	0	0	0	0	0	0	0	0	0	0	0	0	0	0	0	0	0	0	0	0	0	0	0	0	0	0	0	0	
37	9.187e-06	9.174e-06	9.187e-06	9.174e-06	5.922e-06	5.915e-06	5.922e-06	5.915e-06	3.265e-06	3.26e-06	3.265e-06	3.26e-06	0	0	0	0	0	0	0	0	0	0	0	0	0	0	0	0	0	0	0	0	0	0	0	0	0	0	0	0	0	0	0	0	0	0	
38	9.187e-06	9.174e-06	9.187e-06	9.174e-06	5.922e-06	5.915e-06	5.922e-06	5.915e-06	3.265e-06	3.26e-06	3.265e-06	3.26e-06	0	0	0	0	0	0	0	0	0	0	0	0	0	0	0	0	0	0	0	0	0	0	0	0	0	0	0	0	0	0	0	0	0	0	
39	9.187e-06	9.174e-06	9.187e-06	9.174e-06	5.922e-06	5.915e-06	5.922e-06	5.915e-06	3.265e-06	3.26e-06	3.265e-06	3.26e-06	0	0	0	0	0	0	0	0	0	0	0	0	0	0	0	0	0	0	0	0	0	0	0	0	0	0	0	0	0	0	0	0	0	0	
40	9.187e-06	9.174e-06	9.187e-06	9.174e-06	5.922e-06	5.915e-06	5.922e-06	5.915e-06	3.265e-06	3.26e-06	3.265e-06	3.26e-06	0	0	0	0	0	0	0	0	0	0	0	0	0	0	0	0	0	0	0	0	0	0	0	0	0	0	0	0	0	0	0	0	0	0	
41	9.187e-06	9.174e-06	9.187e-06	9.174e-06	5.922e-06	5.915e-06	5.922e-06	5.915e-06	3.265e-06	3.26e-06	3.265e-06	3.26e-06	0	0	0	0	0	0	0	0	0	0	0	0	0	0	0	0	0	0	0	0	0	0	0	0	0	0	0	0	0	0	0	0	0	0	
42	9.187e-06	9.174e-06	9.187e-06	9.174e-06	5.922e-06	5.915e-06	5.922e-06	5.915e-06	3.265e-06	3.26e-06	3.265e-06	3.26e-06	0	0	0	0	0	0	0	0	0	0	0	0	0	0	0	0	0	0	0	0	0	0	0	0	0	0	0	0	0	0	0	0	0	0	
43	9.187e-06	9.174e-06	9.187e-06	9.174e-06	5.922e-06	5.915e-06	5.922e-06	5.915e-06	3.265e-06	3.26e-06	3.265e-06	3.26e-06	0	0	0	0	0	0	0	0	0	0	0	0	0	0	0	0	0	0	0	0	0	0	0	0	0	0	0	0	0	0	0	0	0	0	
44	9.187e-06	9.174e-06	9.187e-06	9.174e-06	5.922e-06	5.915e-06	5.922e-06	5.915e-06	3.265e-06	3.26e-06	3.265e-06	3.26e-06	0	0	0	0	0	0	0	0	0	0	0	0	0	0	0	0	0	0	0	0	0	0	0	0	0	0	0	0	0	0	0	0	0	0	
45	9.187e-06	9.174e-06	9.187e-06	9.174e-06	5.922e-06	5.915e-06	5.922e-06	5.915e-06	3.265e-06	3.26e-06	3.265e-06	3.26e-06	0	0	0	0	0	0	0	0	0	0	0	0	0	0	0	0	0	0	0	0	0	0	0	0	0	0	0	0	0	0	0	0	0	0	
46	9.187e-06	9.174e-06	9.187e-06	9.174e-06	5.922e-06	5.915e-06	5.922e-06	5.915e-06	3.265e-06	3.26e-06	3.265e-06	3.26e-06	0	0	0	0	0	0	0	0	0	0	0	0	0	0	0	0	0	0	0	0	0	0	0	0	0	0	0	0	0	0	0	0	0	0	
47	9.187e-06	9.174e-06	9.187e-06	9.174e-06	5.922e-06	5.915e-06	5.922e-06	5.915e-06	3.265e-06	3.26e-06	3.265e-06	3.26e-06	0	0	0	0	0	0	0	0	0	0	0	0	0	0	0	0	0	0	0	0	0	0	0	0	0	0	0	0	0	0	0	0	0	0	
48	9.187e-06	9.174e-06	9.187e-06	9.174e-06	5.922e-06	5.915e-06	5.922e-06	5.915e-06	3.265e-06	3.26e-06	3.265e-06	3.26e-06	0	0	0	0	0	0	0	0	0	0	0	0	0	0	0	0	0	0	0	0	0	0	0	0	0	0	0	0	0	0	0	0	0	0	
49	9.187e-06	9.174e-06	9.187e-06	9.174e-06	5.922e-06	5.915e-06	5.922e-06	5.915e-06	3.265e-06	3.26e-06	3.265e-06	3.26e-06	0	0	0	0	0	0	0	0	0	0	0	0	0	0	0	0	0	0	0	0	0	0	0	0	0	0	0	0	0	0	0	0	0	0	
50	9.187e-06	9.174e-06	9.187e-06	9.174e-06	5.922e-06	5.915e-06	5.922e-06	5.915e-06	3.265e-06	3.26e-06	3.265e-06	3.26e-06	0	0	0	0	0	0	0	0	0	0	0	0	0	0	0	0	0	0	0	0	0	0	0	0	0	0	0	0	0	0	0	0	0	0	
51	9.187e-06	9.174e-06	9.187e-06	9.174e-06	5.922e-06	5.915e-06	5.922e-06	5.915e-06	3.265e-06	3.26e-06	3.265e-06	3.26e-06	0	0	0	0	0	0	0	0	0	0	0	0	0	0	0	0	0	0	0	0	0	0	0	0	0	0	0	0	0	0	0	0	0	0	
52	9.187e-06	9.174e-06	9.187e-06	9.174e-06	5.922e-06	5.915e-06	5.922e-06	5.915e-06	3.265e-06	3.26e-06	3.265e-06	3.26e-06	0	0	0	0	0	0	0	0	0	0	0	0	0	0	0	0	0	0	0	0	0	0	0	0	0	0	0	0	0	0	0	0	0	0	
53	9.187e-06	9.174e-06	9.187e-06	9.174e-06	5.922e-06	5.915e-06	5.922e-06	5.915e-06	3.265e-06	3.26e-06	3.265e-06	3.26e-06	0	0	0	0	0	0	0	0	0	0	0	0	0	0	0	0	0	0	0	0	0	0	0	0	0	0	0	0	0	0	0	0	0	0	
54	9.187e-06	9.174e-06	9.187e-06	9.174e-06	5.922e-06	5.915e-06	5.922e-06	5.915e-06	3.265e-06	3.26e-06	3.265e-06	3.26e-06	0	0	0	0	0	0	0	0	0	0	0	0	0	0	0	0	0	0	0	0	0	0	0	0	0	0	0	0	0	0	0	0	0	0	
55	9.187e-06	9.174e-06	9.187e-06	9.174e-06	5.922e-06	5.915e-06	5.922e-06	5.915e-06	3.265e-06	3.26e-06	3.265e-06	3.26e-06	0	0	0	0	0	0	0	0	0	0	0	0	0	0	0	0	0	0	0	0	0	0	0	0	0	0	0	0	0	0	0	0	0	0	
56	9.187e-06	9.174e-06	9.187e-06	9.174e-06	5.922e-06	5.915e-06	5.922e-06	5.915e-06	3.265e-06	3.26e-06	3.265e-06	3.26e-06	0	0	0	0	0	0	0	0	0	0	0	0	0	0	0	0	0	0	0	0	0	0	0	0	0	0	0	0	0	0	0	0	0	0	
57	9.187e-06	9.174e-06	9.187e-06	9.174e-06	5.922e-06	5.915e-06	5.922e-06	5.915e-06	3.265e-06	3.26e-06	3.265e-06	3.26e-06	0	0	0	0	0	0	0	0	0	0	0	0	0	0	0	0	0	0	0	0	0	0	0	0	0	0	0	0	0	0	0	0	0	0	
58	9.187e-06	9.174e-06	9.187e-06	9.174e-06	5.922e-06	5.915e-06	5.922e-06	5.915e-06	3.265e-06	3.26e-06	3.265e-06	3.26e-06	0	0	0	0	0	0	0	0	0	0	0	0	0	0	0	0	0	0	0	0	0	0	0	0	0	0	0	0	0	0	0	0	0	0	
59	9.187e-06	9.174e-06	9.187e-06	9.174e-06	5.922e-06	5.915e-06	5.922e-06	5.915e-06	3.265e-06	3.26e-06	3.265e-06	3.26e-06	0	0	0	0	0	0	0	0	0	0	0	0	0	0	0	0	0	0	0	0	0	0	0	0	0	0	0	0	0	0	0	0	0	0	
60	9.187e-06	9.174e-06	9.187e-06	9.174e-06	5.922e-06	5.915e-06	5.922e-06	5.915e-06	3.265e-06	3.26e-06	3.265e-06	3.26e-06	0	0	0	0	0	0	0	0	0	0	0	0	0	0	0	0	0	0	0	0	0	0	0	0	0	0	0	0	0	0	0	0	0	0	
61	9.187e-06	9.174e-06	9.187e-06	9.174e-06	5.922e-06	5.915e-06	5.922e-06	5.915e-06	3.265e-06	3.26e-06	3.265e-06	3.26e-06	0	0	0	0	0	0	0	0	0	0	0	0	0	0	0	0	0	0	0	0	0	0	0	0	0	0	0	0	0	0	0	0	0	0	
62	9.187e-06	9.174e-06	9.187e-06	9.174e-06	5.922e-06	5.915e-06	5.922e-06	5.915e-06	3.265e-06	3.26e-06	3.265e-06	3.26e-06	0	0	0	0	0	0	0	0	0	0	0	0	0	0	0	0	0	0	0	0	0	0	0	0	0	0	0	0	0	0	0	0	0	0	
63	9.187e-06	9.174e-06	9.187e-06	9.174e-06	5.922e-06	5.915e-06	5.922e-06	5.915e-06	3.265e-06	3.26e-06	3.265e-06	3.26e-06	0	0	0	0	0	0	0	0	0	0	0	0	0	0	0	0	0	0	0	0	0	0	0	0	0	0	0	0	0	0	0	0	0	0	
64	9.187e-06	9.174e-06	9.187e-06	9.174e-06	5.922e-06	5.915e-06	5.922e-06	5.915e-06	3.265e-06	3.26e-06	3.265e-06	3.26e-06	0	0	0	0	0	0	0	0	0	0	0	0	0	0	0	0	0	0	0	0	0	0	0	0	0	0	0	0	0	0	0	0	0	0	
65	9.187e-06	9.174e-06	9.187e-06	9.174e-06	5.922e-06	5.915e-06	5.922e-06	5.915e-06	3.265e-06	3.26e-06	3.265e-06	3.26e-06	0	0	0	0	0	0	0	0	0	0	0	0	0	0	0	0	0	0	0	0	0	0	0	0	0	0	0	0	0	0	0	0	0	0	
66	9.187e-06	9.174e-06	9.187e-06	9.174e-06	5.922e-06	5.915e-06	5.922e-06	5.915e-06	3.265e-06	3.26e-06	3.265e-06	3.26e-06	0	0	0	0	0	0	0	0	0	0	0	0	0	0	0	0	0	0	0	0	0	0	0	0	0	0	0	0	0	0	0	0	0	0	
67	9.187e-06	9.174e-06	9.187e-06	9.174e-06	5.922e-06	5.915e-06	5.922e-06	5.915e-06	3.265e-06	3.26e-06	3.265e-06	3.26e-06	0	0	0	0	0	0	0	0	0	0	0	0	0	0	0	0	0	0	0	0	0	0	0	0	0	0	0	0	0	0	0	0	0	0	
68	9.187e-06	9.174e-06	9.187e-06	9.174e-06	5.922e-06	5.915e-06	5.922e-06	5.915e-06	3.265e-06	3.26e-06	3.265e-06	3.26e-06	0	0	0	0	0	0	0	0	0	0	0	0	0	0	0	0	0	0	0	0	0	0	0	0	0	0	0	0	0	0	0	0	0	0	
69	9.187e-06	9.174e-06	9.187e-06	9.174e-06	5.922e-06	5.915e-06	5.922e-06	5.915e-06	3.265e-06	3.26e-06	3.265e-06	3.26e-06	0	0	0	0	0	0	0	0	0	0	0	0	0	0	0	0	0	0	0	0	0	0	0	0	0	0	0	0	0	0	0	0	0	0	
70	9.187e-06	9.174e-06	9.187e-06	9.174e-06	5.922e-06	5.915e-06	5.922e-06	5.915e-06	3.265e-06	3.26e-06	3.265e-06	3.26e-06	0	0	0	0	0	0	0	0	0	0	0	0	0	0	0	0	0	0	0	0	0	0	0	0	0	0	0	0	0	0	0	0	0	0	
71	9.187e-06	9.174e-06	9.187e-06	9.174e-06	5.922e-06	5.915e-06	5.922e-06	5.915e-06	3.265e-06	3.26e-06	3.265e-06	3.26e-06	0	0	0	0	0	0	0	0	0	0	0	0	0	0	0	0	0	0	0	0	0	0	0	0	0	0	0	0	0	0	0	0	0	0	
72	9.187e-06	9.174e-06	9.187e-06	9.174e-06	5.922e-06	5.915e-06	5.922e-06	5.915e-06	3.265e-06	3.26e-06	3.265e-06	3.26e-06	0	0	0	0	0	0	0	0	0	0	0	0	0	0	0	0	0	0	0	0	0	0	0	0	0	0	0	0	0	0	0	0	0	0	
73	9.187e-06	9.174e-06	9.187e-06	9.174e-06	5.922e-06	5.915e-06	5.922e-06	5.915e-06	3.265e-06	3.26e-06	3.265e-06	3.26e-06	0	0	0	0	0	0	0	0	0	0	0	0	0	0	0	0	0	0	0	0	0	0	0	0	0	0	0	0	0	0	0	0	0	0	
74	9.187e-06	9.174e-06	9.187e-06	9.174e-06	5.922e-06	5.915e-06	5.922e-06	5.915e-06	3.265e-06	3.26e-06	3.265e-06	3.26e-06	0	0	0	0	0	0	0	0	0	0	0	0	0	0	0	0	0	0	0	0	0	0	0	0	0	0	0	0	0	0	0	0	0	0	
75	9.187e-06	9.174e-06	9.187e-06	9.174e-06	5.922e-06	5.915e-06	5.922e-06	5.915e-06	3.265e-06	3.26e-06	3.265e-06	3.26e-06	0	0	0	0	0	0	0	0	0	0	0	0	0	0	0	0	0	0	0	0	0	0	0	0	0	0	0	0	0	0	0	0	0	0	
76	9.187e-06	9.174e-06	9.187e-06	9.174e-06	5.922e-06	5.915e-06	5.922e-06	5.915e-06	3.265e-06	3.26e-06	3.265e-06	3.26e-06	0	0	0	0	0	0	0	0	0	0	0	0	0	0	0	0	0	0	0	0	0	0	0	0	0	0	0	0	0	0	0	0	0	0	
77	9.187e-06	9.174e-06	9.187e-06	9.174e-06	5.922e-06	5.915e-06	5.922e-06	5.915e-06	3.265e-06	3.26e-06	3.265e-06	3.26e-06	0	0	0	0	0	0	0	0	0	0	0	0	0	0	0	0	0	0	0	0	0	0	0	0	0	0	0	0	0	0	0	0	0	0	
78	9.187e-06	9.174e-06	9.187e-06	9.174e-06	5.922e-06	5.915e-06	5.922e-06	5.915e-06	3.265e-06	3.26e-06	3.265e-06	3.26e-06	0	0	0	0	0	0	0	0	0	0	0	0	0	0	0	0	0	0	0	0	0	0	0	0	0	0	0	0	0	0	0	0	0	0	
79	9.187e-06	9.174e-06	9.187e-06	9.174e-06	5.922e-06	5.915e-06	5.922e-06	5.915e-06	3.265e-06	3.26e-06	3.265e-06	3.26e-06	0	0	0	0	0	0	0	0	0	0	0	0	0	0	0	0	0	0	0	0	0	0	0	0	0	0	0	0	0	0	0	0	0	0	
80	9.187e-06	9.174e-06	9.187e-06	9.174e-06	5.922e-06	5.915e-06	5.922e-06	5.915e-06	3.265e-06	3.26e-06	3.265e-06	3.26e-06	0	0	0	0	0	0	0	0	0	0	0	0	0	0	0	0	0	0	0	0	0	0	0	0	0	0	0	0	0	0	0	0	0	0	
81	9.187e-06	9.174e-06	9.187e-06	9.174e-06	5.922e-06	5.915e-06	5.922e-06	5.915e-06	3.265e-06	3.26e-06	3.265e-06	3.26e-06	0	0	0	0	0	0	0	0	0	0	0	0	0	0	0	0	0	0	0	0	0	0	0	0	0	0	0	0	0	0	0	0	0	0	
82	0.0004326	1	0.0004326	1	0.0004297	8.409e-06	0.0004297	8.409e-06	2.875e-06	1	2.875e-06	1	0	1	0	1	0	1	0	1	0	1	0	1	0	1	0	1	0	1	0	1	0	1	0	1	0	1	0	1	0	1	0	1	0	1	
83	9.187e-06	9.174e-06	9.187e-06	9.174e-06	5.922e-06	5.915e-06	5.922e-06	5.915e-06	3.265e-06	3.26e-06	3.265e-06	3.26e-06	0	0	0	0	0	0	0	0	0	0	0	0	0	0	0	0	0	0	0	0	0	0	0	0	0	0	0	0	0	0	0	0	0	0	
84	9.187e-06	9.174e-06	9.187e-06	9.174e-06	5.922e-06	5.915e-06	5.922e-06	5.915e-06	3.265e-06	3.26e-06	3.265e-06	3.26e-06	0	0	0	0	0	0	0	0	0	0	0	0	0	0	0	0	0	0	0	0	0	0	0	0	0	0	0	0	0	0	0	0	0	0	
85	9.187e-06	9.174e-06	9.187e-06	9.174e-06	5.922e-06	5.915e-06	5.922e-06	5.915e-06	3.265e-06	3.26e-06	3.265e-06	3.26e-06	0	0	0	0	0	0	0	0	0	0	0	0	0	0	0	0	0	0	0	0	0	0	0	0	0	0	0	0	0	0	0	0	0	0	
86	9.187e-06	9.174e-06	9.187e-06	9.174e-06	5.922e-06	5.915e-06	5.922e-06	5.915e-06	3.265e-06	3.26e-06	3.265e-06	3.26e-06	0	0	0	0	0	0	0	0	0	0	0	0	0	0	0	0	0	0	0	0	0	0	0	0	0	0	0	0	0	0	0	0	0	0	
87	9.187e-06	9.174e-06	9.187e-06	9.174e-06	5.922e-06	5.915e-06	5.922e-06	5.915e-06	3.265e-06	3.26e-06	3.265e-06	3.26e-06	0	0	0	0	0	0	0	0	0	0	0	0	0	0	0	0	0	0	0	0	0	0	0	0	0	0	0	0	0	0	0	0	0	0	
88	9.187e-06	9.174e-06	9.187e-06	9.174e-06	5.922e-06	5.915e-06	5.922e-06	5.915e-06	3.265e-06	3.26e-06	3.265e-06	3.26e-06	0	0	0	0	0	0	0	0	0	0	0	0	0	0	0	0	0	0	0	0	0	0	0	0	0	0	0	0	0	0	0	0	0	0	
89	9.187e-06	9.174e-06	9.187e-06	9.174e-06	5.922e-06	5.915e-06	5.922e-06	5.915e-06	3.265e-06	3.26e-06	3.265e-06	3.26e-06	0	0	0	0	0	0	0	0	0	0	0	0	0	0	0	0	0	0	0	0	0	0	0	0	0	0	0	0	0	0	0	0	0	0	
90	9.187e-06	9.174e-06	9.187e-06	9.174e-06	5.922e-06	5.915e-06	5.922e-06	5.915e-06	3.265e-06	3.26e-06	3.265e-06	3.26e-06	0	0	0	0	0	0	0	0	0	0	0	0	0	0	0	0	0	0	0	0	0	0	0	0	0	0	0	0	0	0	0	0	0	0	
91	9.187e-06	9.174e-06	9.187e-06	9.174e-06	5.922e-06	5.915e-06	5.922e-06	5.915e-06	3.265e-06	3.26e-06	3.265e-06	3.26e-06	0	0	0	0	0	0	0	0	0	0	0	0	0	0	0	0	0	0	0	0	0	0	0	0	0	0	0	0	0	0	0	0	0	0	
92	9.187e-06	9.174e-06	9.187e-06	9.174e-06	5.922e-06	5.915e-06	5.922e-06	5.915e-06	3.265e-06	3.26e-06	3.265e-06	3.26e-06	0	0	0	0	0	0	0	0	0	0	0	0	0	0	0	0	0	0	0	0	0	0	0	0	0	0	0	0	0	0	0	0	0	0	
93	9.187e-06	9.174e-06	9.187e-06	9.174e-06	5.922e-06	5.915e-06	5.922e-06	5.915e-06	3.265e-06	3.26e-06	3.265e-06	3.26e-06	0	0	0	0	0	0	0	0	0	0	0	0	0	0	0	0	0	0	0	0	0	0	0	0	0	0	0	0	0	0	0	0	0	0	
94	9.187e-06	9.174e-06	9.187e-06	9.174e-06	5.922e-06	5.915e-06	5.922e-06	5.915e-06	3.265e-06	3.26e-06	3.265e-06	3.26e-06	0	0	0	0	0	0	0	0	0	0	0	0	0	0	0	0	0	0	0	0	0	0	0	0	0	0	0	0	0	0	0	0	0	0	
95	9.187e-06	9.174e-06	9.187e-06	9.174e-06	5.922e-06	5.915e-06	5.922e-06	5.915e-06	3.265e-06	3.26e-06	3.265e-06	3.26e-06	0	0	0	0	0	0	0	0	0	0	0	0	0	0	0	0	0	0	0	0	0	0	0	0	0	0	0	0	0	0	0	0	0	0	
96	9.187e-06	9.174e-06	9.187e-06	9.174e-06	5.922e-06	5.915e-06	5.922e-06	5.915e-06	3.265e-06	3.26e-06	3.265e-06	3.26e-06	0	0	0	0	0	0	0	0	0	0	0	0	0	0	0	0	0	0	0	0	0	0	0	0	0	0	0	0	0	0	0	0	0	0	
97	9.187e-06	9.174e-06	9.187e-06	9.174e-06	5.922e-06	5.915e-06	5.922e-06	5.915e-06	3.265e-06	3.26e-06	3.265e-06	3.26e-06	0	0	0	0	0	0	0	0	0	0	0	0	0	0	0	0	0	0	0	0	0	0	0	0	0	0	0	0	0	0	0	0	0	0	
98	9.187e-06	9.174e-06	9.187e-06	9.174e-06	5.922e-06	5.915e-06	5.922e-06	5.915e-06	3.265e-06	3.26e-06	3.265e-06	3.26e-06	0	0	0	0	0	0	0	0	0	0	0	0	0	0	0	0	0	0	0	0	0	0	0	0	0	0	0	0	0	0	0	0	0	0	
99	9.187e-06	9.174e-06	9.187e-06	9.174e-06	5.922e-06	5.915e-06	5.922e-06	5.915e-06	3.265e-06	3.26e-06	3.265e-06	3.26e-06	0	0	0	0	0	0	0	0	0	0	0	0	0	0	0	0	0	0	0	0	0	0	0	0	0	0	0	0	0	0	0	0	0	0	
100	9.187e-06	9.174e-06	9.187e-06	9.174e-06	5.922e-06	5.915e-06	5.922e-06	5.915e-06	3.265e-06	3.26e-06	3.265e-06	3.26e-06	0	0	0	0	0	0	0	0	0	0	0	0	0	0	0	0	0	0	0	0	0	0	0	0	0	0	0	0	0	0	0	0	0	0	
101	9.187e-06	9.174e-06	9.187e-06	9.174e-06	5.922e-06	5.915e-06	5.922e-06	5.915e-06	3.265e-06	3.26e-06	3.265e-06	3.26e-06	0	0	0	0	0	0	0	0	0	0	0	0	0	0	0	0	0	0	0	0	0	0	0	0	0	0	0	0	0	0	0	0	0	0	
102	9.187e-06	9.174e-06	9.187e-06	9.174e-06	5.922e-06	5.915e-06	5.922e-06	5.915e-06	3.265e-06	3.26e-06	3.265e-06	3.26e-06	0	0	0	0	0	0	0	0	0	0	0	0	0	0	0	0	0	0	0	0	0	0	0	0	0	0	0	0	0	0	0	0	0	0	
103	9.187e-06	9.174e-06	9.187e-06	9.174e-06	5.922e-06	5.915e-06	5.922e-06	5.915e-06	3.265e-06	3.26e-06	3.265e-06	3.26e-06	0	0	0	0	0	0	0	0	0	0	0	0	0	0	0	0	0	0	0	0	0	0	0	0	0	0	0	0	0	0	0	0	0	0	
104	9.187e-06	9.174e-06	9.187e-06	9.174e-06	5.922e-06	5.915e-06	5.922e-06	5.915e-06	3.265e-06	3.26e-06	3.265e-06	3.26e-06	0	0	0	0	0	0	0	0	0	0	0	0	0	0	0	0	0	0	0	0	0	0	0	0	0	0	0	0	0	0	0	0	0	0	
105	9.187e-06	9.174e-06	9.187e-06	9.174e-06	5.922e-06	5.915e-06	5.922e-06	5.915e-06	3.265e-06	3.26e-06	3.265e-06	3.26e-06	0	0	0	0	0	0	0	0	0	0	0	0	0	0	0	0	0	0	0	0	0	0	0	0	0	0	0	0	0	0	0	0	0	0	
106	9.187e-06	9.174e-06	9.187e-06	9.174e-06	5.922e-06	5.915e-06	5.922e-06	5.915e-06	3.265e-06	3.26e-06	3.265e-06	3.26e-06	0	0	0	0	0	0	0	0	0	0	0	0	0	0	0	0	0	0	0	0	0	0	0	0	0	0	0	0	0	0	0	0	0	0	
107	9.187e-06	9.174e-06	9.187e-06	9.174e-06	5.922e-06	5.915e-06	5.922e-06	5.915e-06	3.265e-06	3.26e-06	3.265e-06	3.26e-06	0	0	0	0	0	0	0	0	0	0	0	0	0	0	0	0	0	0	0	0	0	0	0	0	0	0	0	0	0	0	0	0	0	0	
108	9.187e-06	9.174e-06	9.187e-06	9.174e-06	5.922e-06	5.915e-06	5.922e-06	5.915e-06	3.265e-06	3.26e-06	3.265e-06	3.26e-06	0	0	0	0	0	0	0	0	0	0	0	0	0	0	0	0	0	0	0	0	0	0	0	0	0	0	0	0	0	0	0	0	0	0	
109	9.187e-06	9.174e-06	9.187e-06	9.174e-06	5.922e-06	5.915e-06	5.922e-06	5.915e-06	3.265e-06	3.26e-06	3.265e-06	3.26e-06	0	0	0	0	0	0	0	0	0	0	0	0	0	0	0	0	0	0	0	0	0	0	0	0	0	0	0	0	0	0	0	0	0	0	
110	9.187e-06	9.174e-06	9.187e-06	9.174e-06	5.922e-06	5.915e-06	5.922e-06	5.915e-06	3.265e-06	3.26e-06	3.265e-06	3.26e-06	0	0	0	0	0	0	0	0	0	0	0	0	0	0	0	0	0	0	0	0	0	0	0	0	0	0	0	0	0	0	0	0	0	0	
111	9.187e-06	9.174e-06	9.187e-06	9.174e-06	5.922e-06	5.915e-06	5.922e-06	5.915e-06	3.265e-06	3.26e-06	3.265e-06	3.26e-06	0	0	0	0	0	0	0	0	0	0	0	0	0	0	0	0	0	0	0	0	0	0	0	0	0	0	0	0	0	0	0	0	0	0	
112	9.187e-06	9.174e-06	9.187e-06	9.174e-06	5.922e-06	5.915e-06	5.922e-06	5.915e-06	3.265e-06	3.26e-06	3.265e-06	3.26e-06	0	0	0	0	0	0	0	0	0	0	0	0	0	0	0	0	0	0	0	0	0	0	0	0	0	0	0	0	0	0	0	0	0	0	
113	9.187e-06	9.174e-06	9.187e-06	9.174e-06	5.922e-06	5.915e-06	5.922e-06	5.915e-06	3.265e-06	3.26e-06	3.265e-06	3.26e-06	0	0	0	0	0	0	0	0	0	0	0	0	0	0	0	0	0	0	0	0	0	0	0	0	0	0	0	0	0	0	0	0	0	0	
114	9.187e-06	9.174e-06	9.187e-06	9.174e-06	5.922e-06	5.915e-06	5.922e-06	5.915e-06	3.265e-06	3.26e-06	3.265e-06	3.26e-06	0	0	0	0	0	0	0	0	0	0	0	0	0	0	0	0	0	0	0	0	0	0	0	0	0	0	0	0	0	0	0	0	0	0	
115	9.187e-06	9.174e-06	9.187e-06	9.174e-06	5.922e-06	5.915e-06	5.922e-06	5.915e-06	3.265e-06	3.26e-06	3.265e-06	3.26e-06	0	0	0	0	0	0	0	0	0	0	0	0	0	0	0	0	0	0	0	0	0	0	0	0	0	0	0	0	0	0	0	0	0	0	
116	9.187e-06	9.174e-06	9.187e-06	9.174e-06	5.922e-06	5.915e-06	5.922e-06	5.915e-06	3.265e-06	3.26e-06	3.265e-06	3.26e-06	0	0	0	0	0	0	0	0	0	0	0	0	0	0	0	0	0	0	0	0	0	0	0	0	0	0	0	0	0	0	0	0	0	0	
117	9.187e-06	9.174e-06	9.187e-06	9.174e-06	5.922e-06	5.915e-06	5.922e-06	5.915e-06	3.265e-06	3.26e-06	3.265e-06	3.26e-06	0	0	0	0	0	0	0	0	0	0	0	0	0	0	0	0	0	0	0	0	0	0	0	0	0	0	0	0	0	0	0	0	0	0	
118	9.187e-06	9.174e-06	9.187e-06	9.174e-06	5.922e-06	5.915e-06	5.922e-06	5.915e-06	3.265e-06	3.26e-06	3.265e-06	3.26e-06	0	0	0	0	0	0	0	0	0	0	0	0	0	0	0	0	0	0	0	0	0	0	0	0	0	0	0	0	0	0	0	0	0	0	
119	9.187e-06	9.174e-06	9.187e-06	9.174e-06	5.922e-06	5.915e-06	5.922e-06	5.915e-06	3.265e-06	3.26e-06	3.265e-06	3.26e-06	0	0	0	0	0	0	0	0	0	0	0	0	0	0	0	0	0	0	0	0	0	0	0	0	0	0	0	0	0	0	0	0	0	0	
120	9.187e-06	9.174e-06	9.187e-06	9.174e-06	5.922e-06	5.915e-06	5.922e-06	5.915e-06	3.265e-06	3.26e-06	3.265e-06	3.26e-06	0	0	0	0	0	0	0	0	0	0	0	0	0	0	0	0	0	0	0	0	0	0	0	0	0	0	0	0	0	0	0	0	0	0	
121	9.187e-06	9.174e-06	9.187e-06	9.174e-06	5.922e-06	5.915e-06	5.922e-06	5.915e-06	3.265e-06	3.26e-06	3.265e-06	3.26e-06	0	0	0	0	0	0	0	0	0	0	0	0	0	0	0	0	0	0	0	0	0	0	0	0	0	0	0	0	0	0	0	0	0	0	
122	9.187e-06	9.174e-06	9.187e-06	9.174e-06	5.922e-06	5.915e-06	5.922e-06	5.915e-06	3.265e-06	3.26e-06	3.265e-06	3.26e-06	0	0	0	0	0	0	0	0	0	0	0	0	0	0	0	0	0	0	0	0	0	0	0	0	0	0	0	0	0	0	0	0	0	0	
123	9.187e-06	9.174e-06	9.187e-06	9.174e-06	5.922e-06	5.915e-06	5.922e-06	5.915e-06	3.265e-06	3.26e-06	3.265e-06	3.26e-06	0	0	0	0	0	0	0	0	0	0	0	0	0	0	0	0	0	0	0	0	0	0	0	0	0	0	0	0	0	0	0	0	0	0	
124	9.187e-06	9.174e-06	9.187e-06	9.174e-06	5.922e-06	5.915e-06	5.922e-06	5.915e-06	3.265e-06	3.26e-06	3.265e-06	3.26e-06	0	0	0	0	0	0	0	0	0	0	0	0	0	0	0	0	0	0	0	0	0	0	0	0	0	0	0	0	0	0	0	0	0	0	
125	9.187e-06	9.174e-06	9.187e-06	9.174e-06	5.922e-06	5.915e-06	5.922e-06	5.915e-06	3.265e-06	3.26e-06	3.265e-06	3.26e-06	0	0	0	0	0	0	0	0	0	0	0	0	0	0	0	0	0	0	0	0	0	0	0	0	0	0	0	0	0	0	0	0	0	0	
126	9.187e-06	9.174e-06	9.187e-06	9.174e-06	5.922e-06	5.915e-06	5.922e-06	5.915e-06	3.265e-06	3.26e-06	3.265e-06	3.26e-06	0	0	0	0	0	0	0	0	0	0	0	0	0	0	0	0	0	0	0	0	0	0	0	0	0	0	0	0	0	0	0	0	0	0	
127	9.187e-06	9.174e-06	9.187e-06	9.174e-06	5.922e-06	5.915e-06	5.922e-06	5.915e-06	3.265e-06	3.26e-06	3.265e-06	3.26e-06	0	0	0	0	0	0	0	0	0	0	0	0	0	0	0	0	0	0	0	0	0	0	0	0	0	0	0	0	0	0	0	0	0	0	
128	9.187e-06	9.174e-06	9.187e-06	9.174e-06	5.922e-06	5.915e-06	5.922e-06	5.915e-06	3.265e-06	3.26e-06	3.265e-06	3.26e-06	0	0	0	0	0	0	0	0	0	0	0	0	0	0	0	0	0	0	0	0	0	0	0	0	0	0	0	0	0	0	0	0	0	0	
129	9.187e-06	9.174e-06	9.187e-06	9.174e-06	5.922e-06	5.915e-06	5.922e-06	5.915e-06	3.265e-06	3.26e-06	3.265e-06	3.26e-06	0	0	0	0	0	0	0	0	0	0	0	0	0	0	0	0	0	0	0	0	0	0	0	0	0	0	0	0	0	0	0	0	0	0	
130	9.187e-06	9.174e-06	9.187e-06	9.174e-06	5.922e-06	5.915e-06	5.922e-06	5.915e-06	3.265e-06	3.26e-06	3.265e-06	3.26e-06	0	0	0	0	0	0	0	0	0	0	0	0	0	0	0	0	0	0	0	0	0	0	0	0	0	0	0	0	0	0	0	0	0	0	
131	9.187e-06	9.174e-06	9.187e-06	9.174e-06	5.922e-06	5.915e-06	5.922e-06	5.915e-06	3.265e-06	3.26e-06	3.265e-06	3.26e-06	0	0	0	0	0	0	0	0	0	0	0	0	0	0	0	0	0	0	0	0	0	0	0	0	0	0	0	0	0	0	0	0	0	0	
132	9.187e-06	9.174e-06	9.187e-06	9.174e-06	5.922e-06	5.915e-06	5.922e-06	5.915e-06	3.265e-06	3.26e-06	3.265e-06	3.26e-06	0	0	0	0	0	0	0	0	0	0	0	0	0	0	0	0	0	0	0	0	0	0	0	0	0	0	0	0	0	0	0	0	0	0	
133	9.187e-06	9.174e-06	9.187e-06	9.174e-06	5.922e-06	5.915e-06	5.922e-06	5.915e-06	3.265e-06	3.26e-06	3.265e-06	3.26e-06	0	0	0	0	0	0	0	0	0	0	0	0	0	0	0	0	0	0	0	0	0	0	0	0	0	0	0	0	0	0	0	0	0	0	
134	9.187e-06	9.174e-06	9.187e-06	9.174e-06	5.922e-06	5.915e-06	5.922e-06	5.915e-06	3.265e-06	3.26e-06	3.265e-06	3.26e-06	0	0	0	0	0	0	0	0	0	0	0	0	0	0	0	0	0	0	0	0	0	0	0	0	0	0	0	0	0	0	0	0	0	0	
135	9.187e-06	9.174e-06	9.187e-06	9.174e-06	5.922e-06	5.915e-06	5.922e-06	5.915e-06	3.265e-06	3.26e-06	3.265e-06	3.26e-06	0	0	0	0	0	0	0	0	0	0	0	0	0	0	0	0	0	0	0	0	0	0	0	0	0	0	0	0	0	0	0	0	0	0	
136	9.187e-06	9.174e-06	9.187e-06	9.174e-06	5.922e-06	5.915e-06	5.922e-06	5.915e-06	3.265e-06	3.26e-06	3.265e-06	3.26e-06	0	0	0	0	0	0	0	0	0	0	0	0	0	0	0	0	0	0	0	0	0	0	0	0	0	0	0	0	0	0	0	0	0	0	
137	9.187e-06	9.174e-06	9.187e-06	9.174e-06	5.922e-06	5.915e-06	5.922e-06	5.915e-06	3.265e-06	3.26e-06	3.265e-06	3.26e-06	0	0	0	0	0	0	0	0	0	0	0	0	0	0	0	0	0	0	0	0	0	0	0	0	0	0	0	0	0	0	0	0	0	0	
138	9.187e-06	9.174e-06	9.187e-06	9.174e-06	5.922e-06	5.915e-06	5.922e-06	5.915e-06	3.265e-06	3.26e-06	3.265e-06	3.26e-06	0	0	0	0	0	0	0	0	0	0	0	0	0	0	0	0	0	0	0	0	0	0	0	0	0	0	0	0	0	0	0	0	0	0	
139	9.187e-06	9.174e-06	9.187e-06	9.174e-06	5.922e-06	5.915e-06	5.922e-06	5.915e-06	3.265e-06	3.26e-06	3.265e-06	3.26e-06	0	0	0	0	0	0	0	0	0	0	0	0	0	0	0	0	0	0	0	0	0	0	0	0	0	0	0	0	0	0	0	0	0	0	
140	9.187e-06	9.174e-06	9.187e-06	9.174e-06	5.922e-06	5.915e-06	5.922e-06	5.915e-06	3.265e-06	3.26e-06	3.265e-06	3.26e-06	0	0	0	0	0	0	0	0	0	0	0	0	0	0	0	0	0	0	0	0	0	0	0	0	0	0	0	0	0	0	0	0	0	0	
141	9.187e-06	9.174e-06	9.187e-06	9.174e-06	5.922e-06	5.915e-06	5.922e-06	5.915e-06	3.265e-06	3.26e-06	3.265e-06	3.26e-06	0	0	0	0	0	0	0	0	0	0	0	0	0	0	0	0	0	0	0	0	0	0	0	0	0	0	0	0	0	0	0	0	0	0	
142	9.187e-06	9.174e-06	9.187e-06	9.174e-06	5.922e-06	5.915e-06	5.922e-06	5.915e-06	3.265e-06	3.26e-06	3.265e-06	3.26e-06	0	0	0	0	0	0	0	0	0	0	0	0	0	0	0	0	0	0	0	0	0	0	0	0	0	0	0	0	0	0	0	0	0	0	
143	9.187e-06	9.174e-06	9.187e-06	9.174e-06	5.922e-06	5.915e-06	5.922e-06	5.915e-06	3.265e-06	3.26e-06	3.265e-06	3.26e-06	0	0	0	0	0	0	0	0	0	0	0	0	0	0	0	0	0	0	0	0	0	0	0	0	0	0	0	0	0	0	0	0	0	0	
144	9.187e-06	9.174e-06	9.187e-06	9.174e-06	5.922e-06	5.915e-06	5.922e-06	5.915e-06	3.265e-06	3.26e-06	3.265e-06	3.26e-06	0	0	0	0	0	0	0	0	0	0	0	0	0	0	0	0	0	0	0	0	0	0	0	0	0	0	0	0	0	0	0	0	0	0	
145	9.187e-06	9.174e-06	9.187e-06	9.174e-06	5.922e-06	5.915e-06	5.922e-06	5.915e-06	3.265e-06	3.26e-06	3.265e-06	3.26e-06	0	0	0	0	0	0	0	0	0	0	0	0	0	0	0	0	0	0	0	0	0	0	0	0	0	0	0	0	0	0	0	0	0	0	
146	9.187e-06	9.174e-06	9.187e-06	9.174e-06	5.922e-06	5.915e-06	5.922e-06	5.915e-06	3.265e-06	3.26e-06	3.265e-06	3.26e-06	0	0	0	0	0	0	0	0	0	0	0	0	0	0	0	0	0	0	0	0	0	0	0	0	0	0	0	0	0	0	0	0	0	0	
147	9.187e-06	9.174e-06	9.187e-06	9.174e-06	5.922e-06	5.915e-06	5.922e-06	5.915e-06	3.265e-06	3.26e-06	3.265e-06	3.26e-06	0	0	0	0	0	0	0	0	0	0	0	0	0	0	0	0	0	0	0	0	0	0	0	0	0	0	0	0	0	0	0	0	0	0	
148	9.187e-06	9.174e-06	9.187e-06	9.174e-06	5.922e-06	5.915e-06	5.922e-06	5.915e-06	3.265e-06	3.26e-06	3.265e-06	3.26e-06	0	0	0	0	0	0	0	0	0	0	0	0	0	0	0	0	0	0	0	0	0	0	0	0	0	0	0	0	0	0	0	0	0	0	
149	9.187e-06	9.174e-06	9.187e-06	9.174e-06	5.922e-06	5.915e-06	5.922e-06	5.915e-06	3.265e-06	3.26e-06	3.265e-06	3.26e-06	0	0	0	0	0	0	0	0	0	0	0	0	0	0	0	0	0	0	0	0	0	0	0	0	0	0	0	0	0	0	0	0	0	0	
150	9.187e-06	9.174e-06	9.187e-06	9.174e-06	5.922e-06	5.915e-06	5.922e-06	5.915e-06	3.265e-06	3.26e-06	3.265e-06	3.26e-06	0	0	0	0	0	0	0	0	0	0	0	0	0	0	0	0	0	0	0	0	0	0	0	0	0	0	0	0	0	0	0	0	0	0	
151	9.187e-06	9.174e-06	9.187e-06	9.174e-06	5.922e-06	5.915e-06	5.922e-06	5.915e-06	3.265e-06	3.26e-06	3.265e-06	3.26e-06	0	0	0	0	0	0	0	0	0	0	0	0	0	0	0	0	0	0	0	0	0	0	0	0	0	0	0	0	0	0	0	0	0	0	
152	9.187e-06	9.174e-06	9.187e-06	9.174e-06	5.922e-06	5.915e-06	5.922e-06	5.915e-06	3.265e-06	3.26e-06	3.265e-06	3.26e-06	0	0	0	0	0	0	0	0	0	0	0	0	0	0	0	0	0	0	0	0	0	0	0	0	0	0	0	0	0	0	0	0	0	0	
153	9.187e-06	9.174e-06	9.187e-06	9.174e-06	5.922e-06	5.915e-06	5.922e-06	5.915e-06	3.265e-06	3.26e-06	3.265e-06	3.26e-06	0	0	0	0	0	0	0	0	0	0	0	0	0	0	0	0	0	0	0	0	0	0	0	0	0	0	0	0	0	0	0	0	0	0	
154	1	0.0006189	1	0.0006189	0.9994	0.0006154	0.9994	0.0006154	0.0006128	3.421e-06	0.0006128	3.421e-06	1	0	1	0	1	0	1	0	1	0	1	0	1	0	1	0	1	0	1	0	1	0	1	0	1	0	1	0	1	0	1	0	1	0	
155	9.529e-06	0.0003144	9.529e-06	0.0003144	6.264e-06	0.0003108	6.264e-06	0.0003108	3.265e-06	3.602e-06	3.265e-06	3.602e-06	0	0	0	0	0	0	0	0	0	0	0	0	0	0	0	0	0	0	0	0	0	0	0	0	0	0	0	0	0	0	0	0	0	0	
156	9.529e-06	0.0003144	9.529e-06	0.0003144	6.264e-06	0.0003108	6.264e-06	0.0003108	3.265e-06	3.602e-06	3.265e-06	3.602e-06	0	0	0	0	0	0	0	0	0	0	0	0	0	0	0	0	0	0	0	0	0	0	0	0	0	0	0	0	0	0	0	0	0	0	
157	9.529e-06	0.0003144	9.529e-06	0.0003144	6.264e-06	0.0003108	6.264e-06	0.0003108	3.265e-06	3.602e-06	3.265e-06	3.602e-06	0	0	0	0	0	0	0	0	0	0	0	0	0	0	0	0	0	0	0	0	0	0	0	0	0	0	0	0	0	0	0	0	0	0	
158	9.529e-06	0.0003144	9.529e-06	0.0003144	6.264e-06	0.0003108	6.264e-06	0.0003108	3.265e-06	3.602e-06	3.265e-06	3.602e-06	0	0	0	0	0	0	0	0	0	0	0	0	0	0	0	0	0	0	0	0	0	0	0	0	0	0	0	0	0	0	0	0	0	0	
