# Rates were calculated using the expectation of the posterior rate distribution
# Prior distribution is Gamma with 4 discrete categories
# The alpha parameter 92.49
# sp.rates(j)  j= 0	0.8711	0.25
# sp.rates(j)  j= 1	0.9632	0.25
# sp.rates(j)  j= 2	1.031	0.25
# sp.rates(j)  j= 3	1.135	0.25

=========================================================================================================================================================
# POS	RATE
1	0.9999
2	1.009
3	0.9999
4	0.9999
5	0.9999
6	0.9999
7	0.9999
8	0.9999
9	0.9999
10	0.9999
11	0.9999
12	0.9999
13	0.9999
14	0.9999
15	0.9999
16	0.9999
17	0.9999
18	0.9999
19	0.9999
20	0.9999
21	0.9999
22	0.9999
23	0.9999
24	0.9999
25	0.9999
26	0.9999
27	0.9999
28	0.9999
29	0.9999
30	0.9999
31	0.9999
32	0.9999
33	0.9999
34	0.9999
35	0.9999
36	0.9999
37	0.9999
38	0.9999
39	0.9999
40	0.9999
41	0.9999
42	0.9999
43	0.9999
44	0.9999
45	0.9999
46	0.9999
47	0.9999
48	0.9999
49	0.9999
50	0.9999
51	0.9999
52	0.9999
53	0.9999
54	0.9999
55	0.9999
56	0.9999
57	0.9999
58	0.9999
59	0.9999
60	0.9999
61	0.9999
62	0.9999
63	0.9999
64	0.9999
65	0.9999
66	0.9999
67	0.9999
68	0.9999
69	0.9999
70	0.9999
71	0.9999
72	0.9999
73	0.9999
74	0.9999
75	0.9999
76	0.9999
77	0.9999
78	0.9999
79	0.9999
80	0.9999
81	0.9999
82	1.009
83	0.9999
84	0.9999
85	0.9999
86	0.9999
87	0.9999
88	0.9999
89	0.9999
90	0.9999
91	0.9999
92	0.9999
93	0.9999
94	0.9999
95	0.9999
96	0.9999
97	0.9999
98	0.9999
99	0.9999
100	0.9999
101	0.9999
102	0.9999
103	0.9999
104	0.9999
105	0.9999
106	0.9999
107	0.9999
108	0.9999
109	0.9999
110	0.9999
111	0.9999
112	0.9999
113	0.9999
114	0.9999
115	0.9999
116	0.9999
117	0.9999
118	0.9999
119	0.9999
120	0.9999
121	0.9999
122	0.9999
123	0.9999
124	0.9999
125	0.9999
126	0.9999
127	0.9999
128	0.9999
129	0.9999
130	0.9999
131	0.9999
132	0.9999
133	0.9999
134	0.9999
135	0.9999
136	0.9999
137	0.9999
138	0.9999
139	0.9999
140	0.9999
141	0.9999
142	0.9999
143	0.9999
144	0.9999
145	0.9999
146	0.9999
147	0.9999
148	0.9999
149	0.9999
150	0.9999
151	0.9999
152	0.9999
153	0.9999
154	1.009
155	0.9999
156	0.9999
157	0.9999
158	0.9999
# Average = 1
# Standard Deviation = 0.001265
