# print count over countCutOffLow=0.1 to countCutOffHigh=0.9 with increment=0.05
POS	prob01	prob10	exp01	exp10	prob01_Rec	prob10_Rec	exp01_Rec	exp10_Rec	prob01_Anc	prob10_Anc	exp01_Anc	exp10_Anc	count01_0.1	count10_0.1	count01_0.15	count10_0.15	count01_0.2	count10_0.2	count01_0.25	count10_0.25	count01_0.3	count10_0.3	count01_0.35	count10_0.35	count01_0.4	count10_0.4	count01_0.45	count10_0.45	count01_0.5	count10_0.5	count01_0.55	count10_0.55	count01_0.6	count10_0.6	count01_0.65	count10_0.65	count01_0.7	count10_0.7	count01_0.75	count10_0.75	count01_0.8	count10_0.8	count01_0.85	count10_0.85	count01_0.9	count10_0.9	
1	0.0009232	0.004032	0.0009233	0.004032	0.0001699	0.003599	0.0001699	0.003599	0.0007532	0.0004325	0.0007533	0.0004325	0	0	0	0	0	0	0	0	0	0	0	0	0	0	0	0	0	0	0	0	0	0	0	0	0	0	0	0	0	0	0	0	0	0	
2	1.009	0.02109	1.009	0.02109	0.9925	0.0007315	0.9925	0.0007315	0.01648	0.02035	0.01648	0.02036	1	0	1	0	1	0	1	0	1	0	1	0	1	0	1	0	1	0	1	0	1	0	1	0	1	0	1	0	1	0	1	0	1	0	
3	1.002	0.003799	1.002	0.003799	0.9987	0.0007718	0.9988	0.0007718	0.003618	0.003027	0.003618	0.003027	1	0	1	0	1	0	1	0	1	0	1	0	1	0	1	0	1	0	1	0	1	0	1	0	1	0	1	0	1	0	1	0	1	0	
4	1.002	0.008732	1.002	0.008732	0.9959	0.005704	0.9959	0.005705	0.006502	0.003027	0.006502	0.003028	1	0	1	0	1	0	1	0	1	0	1	0	1	0	1	0	1	0	1	0	1	0	1	0	1	0	1	0	1	0	1	0	1	0	
5	0.0008482	0.001642	0.0008483	0.001642	0.0001684	0.001267	0.0001684	0.001267	0.0006798	0.0003751	0.0006799	0.0003752	0	0	0	0	0	0	0	0	0	0	0	0	0	0	0	0	0	0	0	0	0	0	0	0	0	0	0	0	0	0	0	0	0	0	
6	0.0008448	0.0005302	0.0008449	0.0005302	0.0001676	0.0001587	0.0001676	0.0001587	0.0006772	0.0003715	0.0006773	0.0003715	0	0	0	0	0	0	0	0	0	0	0	0	0	0	0	0	0	0	0	0	0	0	0	0	0	0	0	0	0	0	0	0	0	0	
7	0.0008448	0.0005302	0.0008449	0.0005302	0.0001676	0.0001587	0.0001676	0.0001587	0.0006772	0.0003715	0.0006773	0.0003715	0	0	0	0	0	0	0	0	0	0	0	0	0	0	0	0	0	0	0	0	0	0	0	0	0	0	0	0	0	0	0	0	0	0	
8	0.0008448	0.0005302	0.0008449	0.0005302	0.0001676	0.0001587	0.0001676	0.0001587	0.0006772	0.0003715	0.0006773	0.0003715	0	0	0	0	0	0	0	0	0	0	0	0	0	0	0	0	0	0	0	0	0	0	0	0	0	0	0	0	0	0	0	0	0	0	
9	0.0008448	0.0005302	0.0008449	0.0005302	0.0001676	0.0001587	0.0001676	0.0001587	0.0006772	0.0003715	0.0006773	0.0003715	0	0	0	0	0	0	0	0	0	0	0	0	0	0	0	0	0	0	0	0	0	0	0	0	0	0	0	0	0	0	0	0	0	0	
10	0.0008448	0.0005302	0.0008449	0.0005302	0.0001676	0.0001587	0.0001676	0.0001587	0.0006772	0.0003715	0.0006773	0.0003715	0	0	0	0	0	0	0	0	0	0	0	0	0	0	0	0	0	0	0	0	0	0	0	0	0	0	0	0	0	0	0	0	0	0	
11	0.0008448	0.0005302	0.0008449	0.0005302	0.0001676	0.0001587	0.0001676	0.0001587	0.0006772	0.0003715	0.0006773	0.0003715	0	0	0	0	0	0	0	0	0	0	0	0	0	0	0	0	0	0	0	0	0	0	0	0	0	0	0	0	0	0	0	0	0	0	
12	0.0008448	0.0005302	0.0008449	0.0005302	0.0001676	0.0001587	0.0001676	0.0001587	0.0006772	0.0003715	0.0006773	0.0003715	0	0	0	0	0	0	0	0	0	0	0	0	0	0	0	0	0	0	0	0	0	0	0	0	0	0	0	0	0	0	0	0	0	0	
13	0.0008448	0.0005302	0.0008449	0.0005302	0.0001676	0.0001587	0.0001676	0.0001587	0.0006772	0.0003715	0.0006773	0.0003715	0	0	0	0	0	0	0	0	0	0	0	0	0	0	0	0	0	0	0	0	0	0	0	0	0	0	0	0	0	0	0	0	0	0	
14	0.0008448	0.0005302	0.0008449	0.0005302	0.0001676	0.0001587	0.0001676	0.0001587	0.0006772	0.0003715	0.0006773	0.0003715	0	0	0	0	0	0	0	0	0	0	0	0	0	0	0	0	0	0	0	0	0	0	0	0	0	0	0	0	0	0	0	0	0	0	
15	0.0008448	0.0005302	0.0008449	0.0005302	0.0001676	0.0001587	0.0001676	0.0001587	0.0006772	0.0003715	0.0006773	0.0003715	0	0	0	0	0	0	0	0	0	0	0	0	0	0	0	0	0	0	0	0	0	0	0	0	0	0	0	0	0	0	0	0	0	0	
16	0.0008448	0.0005302	0.0008449	0.0005302	0.0001676	0.0001587	0.0001676	0.0001587	0.0006772	0.0003715	0.0006773	0.0003715	0	0	0	0	0	0	0	0	0	0	0	0	0	0	0	0	0	0	0	0	0	0	0	0	0	0	0	0	0	0	0	0	0	0	
17	0.0008448	0.0005302	0.0008449	0.0005302	0.0001676	0.0001587	0.0001676	0.0001587	0.0006772	0.0003715	0.0006773	0.0003715	0	0	0	0	0	0	0	0	0	0	0	0	0	0	0	0	0	0	0	0	0	0	0	0	0	0	0	0	0	0	0	0	0	0	
18	0.0008448	0.0005302	0.0008449	0.0005302	0.0001676	0.0001587	0.0001676	0.0001587	0.0006772	0.0003715	0.0006773	0.0003715	0	0	0	0	0	0	0	0	0	0	0	0	0	0	0	0	0	0	0	0	0	0	0	0	0	0	0	0	0	0	0	0	0	0	
19	0.0008448	0.0005302	0.0008449	0.0005302	0.0001676	0.0001587	0.0001676	0.0001587	0.0006772	0.0003715	0.0006773	0.0003715	0	0	0	0	0	0	0	0	0	0	0	0	0	0	0	0	0	0	0	0	0	0	0	0	0	0	0	0	0	0	0	0	0	0	
20	0.0008448	0.0005302	0.0008449	0.0005302	0.0001676	0.0001587	0.0001676	0.0001587	0.0006772	0.0003715	0.0006773	0.0003715	0	0	0	0	0	0	0	0	0	0	0	0	0	0	0	0	0	0	0	0	0	0	0	0	0	0	0	0	0	0	0	0	0	0	
21	0.0008448	0.0005302	0.0008449	0.0005302	0.0001676	0.0001587	0.0001676	0.0001587	0.0006772	0.0003715	0.0006773	0.0003715	0	0	0	0	0	0	0	0	0	0	0	0	0	0	0	0	0	0	0	0	0	0	0	0	0	0	0	0	0	0	0	0	0	0	
22	0.0008448	0.0005302	0.0008449	0.0005302	0.0001676	0.0001587	0.0001676	0.0001587	0.0006772	0.0003715	0.0006773	0.0003715	0	0	0	0	0	0	0	0	0	0	0	0	0	0	0	0	0	0	0	0	0	0	0	0	0	0	0	0	0	0	0	0	0	0	
23	0.0008448	0.0005302	0.0008449	0.0005302	0.0001676	0.0001587	0.0001676	0.0001587	0.0006772	0.0003715	0.0006773	0.0003715	0	0	0	0	0	0	0	0	0	0	0	0	0	0	0	0	0	0	0	0	0	0	0	0	0	0	0	0	0	0	0	0	0	0	
24	0.0008448	0.0005302	0.0008449	0.0005302	0.0001676	0.0001587	0.0001676	0.0001587	0.0006772	0.0003715	0.0006773	0.0003715	0	0	0	0	0	0	0	0	0	0	0	0	0	0	0	0	0	0	0	0	0	0	0	0	0	0	0	0	0	0	0	0	0	0	
25	0.0008448	0.0005302	0.0008449	0.0005302	0.0001676	0.0001587	0.0001676	0.0001587	0.0006772	0.0003715	0.0006773	0.0003715	0	0	0	0	0	0	0	0	0	0	0	0	0	0	0	0	0	0	0	0	0	0	0	0	0	0	0	0	0	0	0	0	0	0	
26	0.0008448	0.0005302	0.0008449	0.0005302	0.0001676	0.0001587	0.0001676	0.0001587	0.0006772	0.0003715	0.0006773	0.0003715	0	0	0	0	0	0	0	0	0	0	0	0	0	0	0	0	0	0	0	0	0	0	0	0	0	0	0	0	0	0	0	0	0	0	
27	0.0008448	0.0005302	0.0008449	0.0005302	0.0001676	0.0001587	0.0001676	0.0001587	0.0006772	0.0003715	0.0006773	0.0003715	0	0	0	0	0	0	0	0	0	0	0	0	0	0	0	0	0	0	0	0	0	0	0	0	0	0	0	0	0	0	0	0	0	0	
28	1.002	0.009475	1.002	0.009475	0.9954	0.0009296	0.9954	0.0009296	0.006837	0.008545	0.006837	0.008546	1	0	1	0	1	0	1	0	1	0	1	0	1	0	1	0	1	0	1	0	1	0	1	0	1	0	1	0	1	0	1	0	1	0	
29	0.0008448	0.0005302	0.0008449	0.0005302	0.0001676	0.0001587	0.0001676	0.0001587	0.0006772	0.0003715	0.0006773	0.0003715	0	0	0	0	0	0	0	0	0	0	0	0	0	0	0	0	0	0	0	0	0	0	0	0	0	0	0	0	0	0	0	0	0	0	
30	0.0008448	0.0005302	0.0008449	0.0005302	0.0001676	0.0001587	0.0001676	0.0001587	0.0006772	0.0003715	0.0006773	0.0003715	0	0	0	0	0	0	0	0	0	0	0	0	0	0	0	0	0	0	0	0	0	0	0	0	0	0	0	0	0	0	0	0	0	0	
31	0.0008448	0.0005302	0.0008449	0.0005302	0.0001676	0.0001587	0.0001676	0.0001587	0.0006772	0.0003715	0.0006773	0.0003715	0	0	0	0	0	0	0	0	0	0	0	0	0	0	0	0	0	0	0	0	0	0	0	0	0	0	0	0	0	0	0	0	0	0	
32	0.0008448	0.0005302	0.0008449	0.0005302	0.0001676	0.0001587	0.0001676	0.0001587	0.0006772	0.0003715	0.0006773	0.0003715	0	0	0	0	0	0	0	0	0	0	0	0	0	0	0	0	0	0	0	0	0	0	0	0	0	0	0	0	0	0	0	0	0	0	
33	0.0008448	0.0005302	0.0008449	0.0005302	0.0001676	0.0001587	0.0001676	0.0001587	0.0006772	0.0003715	0.0006773	0.0003715	0	0	0	0	0	0	0	0	0	0	0	0	0	0	0	0	0	0	0	0	0	0	0	0	0	0	0	0	0	0	0	0	0	0	
34	0.0008448	0.0005302	0.0008449	0.0005302	0.0001676	0.0001587	0.0001676	0.0001587	0.0006772	0.0003715	0.0006773	0.0003715	0	0	0	0	0	0	0	0	0	0	0	0	0	0	0	0	0	0	0	0	0	0	0	0	0	0	0	0	0	0	0	0	0	0	
35	0.0008448	0.0005302	0.0008449	0.0005302	0.0001676	0.0001587	0.0001676	0.0001587	0.0006772	0.0003715	0.0006773	0.0003715	0	0	0	0	0	0	0	0	0	0	0	0	0	0	0	0	0	0	0	0	0	0	0	0	0	0	0	0	0	0	0	0	0	0	
36	0.0008448	0.0005302	0.0008449	0.0005302	0.0001676	0.0001587	0.0001676	0.0001587	0.0006772	0.0003715	0.0006773	0.0003715	0	0	0	0	0	0	0	0	0	0	0	0	0	0	0	0	0	0	0	0	0	0	0	0	0	0	0	0	0	0	0	0	0	0	
37	0.0008448	0.0005302	0.0008449	0.0005302	0.0001676	0.0001587	0.0001676	0.0001587	0.0006772	0.0003715	0.0006773	0.0003715	0	0	0	0	0	0	0	0	0	0	0	0	0	0	0	0	0	0	0	0	0	0	0	0	0	0	0	0	0	0	0	0	0	0	
38	0.0008448	0.0005302	0.0008449	0.0005302	0.0001676	0.0001587	0.0001676	0.0001587	0.0006772	0.0003715	0.0006773	0.0003715	0	0	0	0	0	0	0	0	0	0	0	0	0	0	0	0	0	0	0	0	0	0	0	0	0	0	0	0	0	0	0	0	0	0	
39	0.0008448	0.0005302	0.0008449	0.0005302	0.0001676	0.0001587	0.0001676	0.0001587	0.0006772	0.0003715	0.0006773	0.0003715	0	0	0	0	0	0	0	0	0	0	0	0	0	0	0	0	0	0	0	0	0	0	0	0	0	0	0	0	0	0	0	0	0	0	
40	0.0008448	0.0005302	0.0008449	0.0005302	0.0001676	0.0001587	0.0001676	0.0001587	0.0006772	0.0003715	0.0006773	0.0003715	0	0	0	0	0	0	0	0	0	0	0	0	0	0	0	0	0	0	0	0	0	0	0	0	0	0	0	0	0	0	0	0	0	0	
41	0.0008448	0.0005302	0.0008449	0.0005302	0.0001676	0.0001587	0.0001676	0.0001587	0.0006772	0.0003715	0.0006773	0.0003715	0	0	0	0	0	0	0	0	0	0	0	0	0	0	0	0	0	0	0	0	0	0	0	0	0	0	0	0	0	0	0	0	0	0	
42	0.0008448	0.0005302	0.0008449	0.0005302	0.0001676	0.0001587	0.0001676	0.0001587	0.0006772	0.0003715	0.0006773	0.0003715	0	0	0	0	0	0	0	0	0	0	0	0	0	0	0	0	0	0	0	0	0	0	0	0	0	0	0	0	0	0	0	0	0	0	
43	0.0008448	0.0005302	0.0008449	0.0005302	0.0001676	0.0001587	0.0001676	0.0001587	0.0006772	0.0003715	0.0006773	0.0003715	0	0	0	0	0	0	0	0	0	0	0	0	0	0	0	0	0	0	0	0	0	0	0	0	0	0	0	0	0	0	0	0	0	0	
44	0.0008448	0.0005302	0.0008449	0.0005302	0.0001676	0.0001587	0.0001676	0.0001587	0.0006772	0.0003715	0.0006773	0.0003715	0	0	0	0	0	0	0	0	0	0	0	0	0	0	0	0	0	0	0	0	0	0	0	0	0	0	0	0	0	0	0	0	0	0	
45	0.01313	1.002	0.01313	1.002	0.001248	0.9923	0.001248	0.9923	0.01189	0.009746	0.01189	0.009747	0	1	0	1	0	1	0	1	0	1	0	1	0	1	0	1	0	1	0	1	0	1	0	1	0	1	0	1	0	1	0	1	0	1	
46	0.0008448	0.0005302	0.0008449	0.0005302	0.0001676	0.0001587	0.0001676	0.0001587	0.0006772	0.0003715	0.0006773	0.0003715	0	0	0	0	0	0	0	0	0	0	0	0	0	0	0	0	0	0	0	0	0	0	0	0	0	0	0	0	0	0	0	0	0	0	
47	0.0008448	0.0005302	0.0008449	0.0005302	0.0001676	0.0001587	0.0001676	0.0001587	0.0006772	0.0003715	0.0006773	0.0003715	0	0	0	0	0	0	0	0	0	0	0	0	0	0	0	0	0	0	0	0	0	0	0	0	0	0	0	0	0	0	0	0	0	0	
48	0.0008448	0.0005302	0.0008449	0.0005302	0.0001676	0.0001587	0.0001676	0.0001587	0.0006772	0.0003715	0.0006773	0.0003715	0	0	0	0	0	0	0	0	0	0	0	0	0	0	0	0	0	0	0	0	0	0	0	0	0	0	0	0	0	0	0	0	0	0	
49	0.0008448	0.0005302	0.0008449	0.0005302	0.0001676	0.0001587	0.0001676	0.0001587	0.0006772	0.0003715	0.0006773	0.0003715	0	0	0	0	0	0	0	0	0	0	0	0	0	0	0	0	0	0	0	0	0	0	0	0	0	0	0	0	0	0	0	0	0	0	
50	0.0008448	0.0005302	0.0008449	0.0005302	0.0001676	0.0001587	0.0001676	0.0001587	0.0006772	0.0003715	0.0006773	0.0003715	0	0	0	0	0	0	0	0	0	0	0	0	0	0	0	0	0	0	0	0	0	0	0	0	0	0	0	0	0	0	0	0	0	0	
51	0.0008448	0.0005302	0.0008449	0.0005302	0.0001676	0.0001587	0.0001676	0.0001587	0.0006772	0.0003715	0.0006773	0.0003715	0	0	0	0	0	0	0	0	0	0	0	0	0	0	0	0	0	0	0	0	0	0	0	0	0	0	0	0	0	0	0	0	0	0	
52	0.0008448	0.0005302	0.0008449	0.0005302	0.0001676	0.0001587	0.0001676	0.0001587	0.0006772	0.0003715	0.0006773	0.0003715	0	0	0	0	0	0	0	0	0	0	0	0	0	0	0	0	0	0	0	0	0	0	0	0	0	0	0	0	0	0	0	0	0	0	
53	0.0008448	0.0005302	0.0008449	0.0005302	0.0001676	0.0001587	0.0001676	0.0001587	0.0006772	0.0003715	0.0006773	0.0003715	0	0	0	0	0	0	0	0	0	0	0	0	0	0	0	0	0	0	0	0	0	0	0	0	0	0	0	0	0	0	0	0	0	0	
54	0.0008448	0.0005302	0.0008449	0.0005302	0.0001676	0.0001587	0.0001676	0.0001587	0.0006772	0.0003715	0.0006773	0.0003715	0	0	0	0	0	0	0	0	0	0	0	0	0	0	0	0	0	0	0	0	0	0	0	0	0	0	0	0	0	0	0	0	0	0	
55	0.0008448	0.0005302	0.0008449	0.0005302	0.0001676	0.0001587	0.0001676	0.0001587	0.0006772	0.0003715	0.0006773	0.0003715	0	0	0	0	0	0	0	0	0	0	0	0	0	0	0	0	0	0	0	0	0	0	0	0	0	0	0	0	0	0	0	0	0	0	
56	0.0008448	0.0005302	0.0008449	0.0005302	0.0001676	0.0001587	0.0001676	0.0001587	0.0006772	0.0003715	0.0006773	0.0003715	0	0	0	0	0	0	0	0	0	0	0	0	0	0	0	0	0	0	0	0	0	0	0	0	0	0	0	0	0	0	0	0	0	0	
57	0.0008448	0.0005302	0.0008449	0.0005302	0.0001676	0.0001587	0.0001676	0.0001587	0.0006772	0.0003715	0.0006773	0.0003715	0	0	0	0	0	0	0	0	0	0	0	0	0	0	0	0	0	0	0	0	0	0	0	0	0	0	0	0	0	0	0	0	0	0	
58	0.0008448	0.0005302	0.0008449	0.0005302	0.0001676	0.0001587	0.0001676	0.0001587	0.0006772	0.0003715	0.0006773	0.0003715	0	0	0	0	0	0	0	0	0	0	0	0	0	0	0	0	0	0	0	0	0	0	0	0	0	0	0	0	0	0	0	0	0	0	
59	0.0008448	0.0005302	0.0008449	0.0005302	0.0001676	0.0001587	0.0001676	0.0001587	0.0006772	0.0003715	0.0006773	0.0003715	0	0	0	0	0	0	0	0	0	0	0	0	0	0	0	0	0	0	0	0	0	0	0	0	0	0	0	0	0	0	0	0	0	0	
60	0.0008448	0.0005302	0.0008449	0.0005302	0.0001676	0.0001587	0.0001676	0.0001587	0.0006772	0.0003715	0.0006773	0.0003715	0	0	0	0	0	0	0	0	0	0	0	0	0	0	0	0	0	0	0	0	0	0	0	0	0	0	0	0	0	0	0	0	0	0	
61	0.0008448	0.0005302	0.0008449	0.0005302	0.0001676	0.0001587	0.0001676	0.0001587	0.0006772	0.0003715	0.0006773	0.0003715	0	0	0	0	0	0	0	0	0	0	0	0	0	0	0	0	0	0	0	0	0	0	0	0	0	0	0	0	0	0	0	0	0	0	
62	1.002	0.009475	1.002	0.009475	0.9954	0.0009296	0.9954	0.0009296	0.006837	0.008545	0.006837	0.008546	1	0	1	0	1	0	1	0	1	0	1	0	1	0	1	0	1	0	1	0	1	0	1	0	1	0	1	0	1	0	1	0	1	0	
63	0.0008448	0.0005302	0.0008449	0.0005302	0.0001676	0.0001587	0.0001676	0.0001587	0.0006772	0.0003715	0.0006773	0.0003715	0	0	0	0	0	0	0	0	0	0	0	0	0	0	0	0	0	0	0	0	0	0	0	0	0	0	0	0	0	0	0	0	0	0	
64	0.0008448	0.0005302	0.0008449	0.0005302	0.0001676	0.0001587	0.0001676	0.0001587	0.0006772	0.0003715	0.0006773	0.0003715	0	0	0	0	0	0	0	0	0	0	0	0	0	0	0	0	0	0	0	0	0	0	0	0	0	0	0	0	0	0	0	0	0	0	
65	0.0008448	0.0005302	0.0008449	0.0005302	0.0001676	0.0001587	0.0001676	0.0001587	0.0006772	0.0003715	0.0006773	0.0003715	0	0	0	0	0	0	0	0	0	0	0	0	0	0	0	0	0	0	0	0	0	0	0	0	0	0	0	0	0	0	0	0	0	0	
66	0.0008448	0.0005302	0.0008449	0.0005302	0.0001676	0.0001587	0.0001676	0.0001587	0.0006772	0.0003715	0.0006773	0.0003715	0	0	0	0	0	0	0	0	0	0	0	0	0	0	0	0	0	0	0	0	0	0	0	0	0	0	0	0	0	0	0	0	0	0	
67	0.0008448	0.0005302	0.0008449	0.0005302	0.0001676	0.0001587	0.0001676	0.0001587	0.0006772	0.0003715	0.0006773	0.0003715	0	0	0	0	0	0	0	0	0	0	0	0	0	0	0	0	0	0	0	0	0	0	0	0	0	0	0	0	0	0	0	0	0	0	
68	0.0008448	0.0005302	0.0008449	0.0005302	0.0001676	0.0001587	0.0001676	0.0001587	0.0006772	0.0003715	0.0006773	0.0003715	0	0	0	0	0	0	0	0	0	0	0	0	0	0	0	0	0	0	0	0	0	0	0	0	0	0	0	0	0	0	0	0	0	0	
69	0.0008448	0.0005302	0.0008449	0.0005302	0.0001676	0.0001587	0.0001676	0.0001587	0.0006772	0.0003715	0.0006773	0.0003715	0	0	0	0	0	0	0	0	0	0	0	0	0	0	0	0	0	0	0	0	0	0	0	0	0	0	0	0	0	0	0	0	0	0	
70	0.0008448	0.0005302	0.0008449	0.0005302	0.0001676	0.0001587	0.0001676	0.0001587	0.0006772	0.0003715	0.0006773	0.0003715	0	0	0	0	0	0	0	0	0	0	0	0	0	0	0	0	0	0	0	0	0	0	0	0	0	0	0	0	0	0	0	0	0	0	
71	0.0008448	0.0005302	0.0008449	0.0005302	0.0001676	0.0001587	0.0001676	0.0001587	0.0006772	0.0003715	0.0006773	0.0003715	0	0	0	0	0	0	0	0	0	0	0	0	0	0	0	0	0	0	0	0	0	0	0	0	0	0	0	0	0	0	0	0	0	0	
72	0.0008448	0.0005302	0.0008449	0.0005302	0.0001676	0.0001587	0.0001676	0.0001587	0.0006772	0.0003715	0.0006773	0.0003715	0	0	0	0	0	0	0	0	0	0	0	0	0	0	0	0	0	0	0	0	0	0	0	0	0	0	0	0	0	0	0	0	0	0	
73	0.0008448	0.0005302	0.0008449	0.0005302	0.0001676	0.0001587	0.0001676	0.0001587	0.0006772	0.0003715	0.0006773	0.0003715	0	0	0	0	0	0	0	0	0	0	0	0	0	0	0	0	0	0	0	0	0	0	0	0	0	0	0	0	0	0	0	0	0	0	
74	0.0008448	0.0005302	0.0008449	0.0005302	0.0001676	0.0001587	0.0001676	0.0001587	0.0006772	0.0003715	0.0006773	0.0003715	0	0	0	0	0	0	0	0	0	0	0	0	0	0	0	0	0	0	0	0	0	0	0	0	0	0	0	0	0	0	0	0	0	0	
75	0.0008448	0.0005302	0.0008449	0.0005302	0.0001676	0.0001587	0.0001676	0.0001587	0.0006772	0.0003715	0.0006773	0.0003715	0	0	0	0	0	0	0	0	0	0	0	0	0	0	0	0	0	0	0	0	0	0	0	0	0	0	0	0	0	0	0	0	0	0	
76	0.0008448	0.0005302	0.0008449	0.0005302	0.0001676	0.0001587	0.0001676	0.0001587	0.0006772	0.0003715	0.0006773	0.0003715	0	0	0	0	0	0	0	0	0	0	0	0	0	0	0	0	0	0	0	0	0	0	0	0	0	0	0	0	0	0	0	0	0	0	
77	0.0008448	0.0005302	0.0008449	0.0005302	0.0001676	0.0001587	0.0001676	0.0001587	0.0006772	0.0003715	0.0006773	0.0003715	0	0	0	0	0	0	0	0	0	0	0	0	0	0	0	0	0	0	0	0	0	0	0	0	0	0	0	0	0	0	0	0	0	0	
78	0.0008448	0.0005302	0.0008449	0.0005302	0.0001676	0.0001587	0.0001676	0.0001587	0.0006772	0.0003715	0.0006773	0.0003715	0	0	0	0	0	0	0	0	0	0	0	0	0	0	0	0	0	0	0	0	0	0	0	0	0	0	0	0	0	0	0	0	0	0	
79	0.0008448	0.0005302	0.0008449	0.0005302	0.0001676	0.0001587	0.0001676	0.0001587	0.0006772	0.0003715	0.0006773	0.0003715	0	0	0	0	0	0	0	0	0	0	0	0	0	0	0	0	0	0	0	0	0	0	0	0	0	0	0	0	0	0	0	0	0	0	
80	1.002	0.02108	1.002	0.02108	0.9851	0.0007288	0.9851	0.0007288	0.01646	0.02035	0.01646	0.02035	1	0	1	0	1	0	1	0	1	0	1	0	1	0	1	0	1	0	1	0	1	0	1	0	1	0	1	0	1	0	1	0	1	0	
81	0.0008448	0.0005302	0.0008449	0.0005302	0.0001676	0.0001587	0.0001676	0.0001587	0.0006772	0.0003715	0.0006773	0.0003715	0	0	0	0	0	0	0	0	0	0	0	0	0	0	0	0	0	0	0	0	0	0	0	0	0	0	0	0	0	0	0	0	0	0	
82	0.0008448	0.0005302	0.0008449	0.0005302	0.0001676	0.0001587	0.0001676	0.0001587	0.0006772	0.0003715	0.0006773	0.0003715	0	0	0	0	0	0	0	0	0	0	0	0	0	0	0	0	0	0	0	0	0	0	0	0	0	0	0	0	0	0	0	0	0	0	
83	0.0008448	0.0005302	0.0008449	0.0005302	0.0001676	0.0001587	0.0001676	0.0001587	0.0006772	0.0003715	0.0006773	0.0003715	0	0	0	0	0	0	0	0	0	0	0	0	0	0	0	0	0	0	0	0	0	0	0	0	0	0	0	0	0	0	0	0	0	0	
84	0.0008448	0.0005302	0.0008449	0.0005302	0.0001676	0.0001587	0.0001676	0.0001587	0.0006772	0.0003715	0.0006773	0.0003715	0	0	0	0	0	0	0	0	0	0	0	0	0	0	0	0	0	0	0	0	0	0	0	0	0	0	0	0	0	0	0	0	0	0	
85	0.0008448	0.0005302	0.0008449	0.0005302	0.0001676	0.0001587	0.0001676	0.0001587	0.0006772	0.0003715	0.0006773	0.0003715	0	0	0	0	0	0	0	0	0	0	0	0	0	0	0	0	0	0	0	0	0	0	0	0	0	0	0	0	0	0	0	0	0	0	
86	0.0008448	0.0005302	0.0008449	0.0005302	0.0001676	0.0001587	0.0001676	0.0001587	0.0006772	0.0003715	0.0006773	0.0003715	0	0	0	0	0	0	0	0	0	0	0	0	0	0	0	0	0	0	0	0	0	0	0	0	0	0	0	0	0	0	0	0	0	0	
87	0.0008448	0.0005302	0.0008449	0.0005302	0.0001676	0.0001587	0.0001676	0.0001587	0.0006772	0.0003715	0.0006773	0.0003715	0	0	0	0	0	0	0	0	0	0	0	0	0	0	0	0	0	0	0	0	0	0	0	0	0	0	0	0	0	0	0	0	0	0	
88	0.0008448	0.0005302	0.0008449	0.0005302	0.0001676	0.0001587	0.0001676	0.0001587	0.0006772	0.0003715	0.0006773	0.0003715	0	0	0	0	0	0	0	0	0	0	0	0	0	0	0	0	0	0	0	0	0	0	0	0	0	0	0	0	0	0	0	0	0	0	
89	0.0008448	0.0005302	0.0008449	0.0005302	0.0001676	0.0001587	0.0001676	0.0001587	0.0006772	0.0003715	0.0006773	0.0003715	0	0	0	0	0	0	0	0	0	0	0	0	0	0	0	0	0	0	0	0	0	0	0	0	0	0	0	0	0	0	0	0	0	0	
90	0.0008448	0.0005302	0.0008449	0.0005302	0.0001676	0.0001587	0.0001676	0.0001587	0.0006772	0.0003715	0.0006773	0.0003715	0	0	0	0	0	0	0	0	0	0	0	0	0	0	0	0	0	0	0	0	0	0	0	0	0	0	0	0	0	0	0	0	0	0	
91	0.0008448	0.0005302	0.0008449	0.0005302	0.0001676	0.0001587	0.0001676	0.0001587	0.0006772	0.0003715	0.0006773	0.0003715	0	0	0	0	0	0	0	0	0	0	0	0	0	0	0	0	0	0	0	0	0	0	0	0	0	0	0	0	0	0	0	0	0	0	
92	0.0008448	0.0005302	0.0008449	0.0005302	0.0001676	0.0001587	0.0001676	0.0001587	0.0006772	0.0003715	0.0006773	0.0003715	0	0	0	0	0	0	0	0	0	0	0	0	0	0	0	0	0	0	0	0	0	0	0	0	0	0	0	0	0	0	0	0	0	0	
93	0.0008448	0.0005302	0.0008449	0.0005302	0.0001676	0.0001587	0.0001676	0.0001587	0.0006772	0.0003715	0.0006773	0.0003715	0	0	0	0	0	0	0	0	0	0	0	0	0	0	0	0	0	0	0	0	0	0	0	0	0	0	0	0	0	0	0	0	0	0	
94	0.0008448	0.0005302	0.0008449	0.0005302	0.0001676	0.0001587	0.0001676	0.0001587	0.0006772	0.0003715	0.0006773	0.0003715	0	0	0	0	0	0	0	0	0	0	0	0	0	0	0	0	0	0	0	0	0	0	0	0	0	0	0	0	0	0	0	0	0	0	
95	0.0008448	0.0005302	0.0008449	0.0005302	0.0001676	0.0001587	0.0001676	0.0001587	0.0006772	0.0003715	0.0006773	0.0003715	0	0	0	0	0	0	0	0	0	0	0	0	0	0	0	0	0	0	0	0	0	0	0	0	0	0	0	0	0	0	0	0	0	0	
96	0.0008448	0.0005302	0.0008449	0.0005302	0.0001676	0.0001587	0.0001676	0.0001587	0.0006772	0.0003715	0.0006773	0.0003715	0	0	0	0	0	0	0	0	0	0	0	0	0	0	0	0	0	0	0	0	0	0	0	0	0	0	0	0	0	0	0	0	0	0	
97	0.0008448	0.0005302	0.0008449	0.0005302	0.0001676	0.0001587	0.0001676	0.0001587	0.0006772	0.0003715	0.0006773	0.0003715	0	0	0	0	0	0	0	0	0	0	0	0	0	0	0	0	0	0	0	0	0	0	0	0	0	0	0	0	0	0	0	0	0	0	
98	0.0008448	0.0005302	0.0008449	0.0005302	0.0001676	0.0001587	0.0001676	0.0001587	0.0006772	0.0003715	0.0006773	0.0003715	0	0	0	0	0	0	0	0	0	0	0	0	0	0	0	0	0	0	0	0	0	0	0	0	0	0	0	0	0	0	0	0	0	0	
99	0.0008448	0.0005302	0.0008449	0.0005302	0.0001676	0.0001587	0.0001676	0.0001587	0.0006772	0.0003715	0.0006773	0.0003715	0	0	0	0	0	0	0	0	0	0	0	0	0	0	0	0	0	0	0	0	0	0	0	0	0	0	0	0	0	0	0	0	0	0	
100	0.0008448	0.0005302	0.0008449	0.0005302	0.0001676	0.0001587	0.0001676	0.0001587	0.0006772	0.0003715	0.0006773	0.0003715	0	0	0	0	0	0	0	0	0	0	0	0	0	0	0	0	0	0	0	0	0	0	0	0	0	0	0	0	0	0	0	0	0	0	
101	0.0008448	0.0005302	0.0008449	0.0005302	0.0001676	0.0001587	0.0001676	0.0001587	0.0006772	0.0003715	0.0006773	0.0003715	0	0	0	0	0	0	0	0	0	0	0	0	0	0	0	0	0	0	0	0	0	0	0	0	0	0	0	0	0	0	0	0	0	0	
102	0.0008448	0.0005302	0.0008449	0.0005302	0.0001676	0.0001587	0.0001676	0.0001587	0.0006772	0.0003715	0.0006773	0.0003715	0	0	0	0	0	0	0	0	0	0	0	0	0	0	0	0	0	0	0	0	0	0	0	0	0	0	0	0	0	0	0	0	0	0	
103	0.0008448	0.0005302	0.0008449	0.0005302	0.0001676	0.0001587	0.0001676	0.0001587	0.0006772	0.0003715	0.0006773	0.0003715	0	0	0	0	0	0	0	0	0	0	0	0	0	0	0	0	0	0	0	0	0	0	0	0	0	0	0	0	0	0	0	0	0	0	
104	0.0008448	0.0005302	0.0008449	0.0005302	0.0001676	0.0001587	0.0001676	0.0001587	0.0006772	0.0003715	0.0006773	0.0003715	0	0	0	0	0	0	0	0	0	0	0	0	0	0	0	0	0	0	0	0	0	0	0	0	0	0	0	0	0	0	0	0	0	0	
105	0.0008448	0.0005302	0.0008449	0.0005302	0.0001676	0.0001587	0.0001676	0.0001587	0.0006772	0.0003715	0.0006773	0.0003715	0	0	0	0	0	0	0	0	0	0	0	0	0	0	0	0	0	0	0	0	0	0	0	0	0	0	0	0	0	0	0	0	0	0	
106	0.0008448	0.0005302	0.0008449	0.0005302	0.0001676	0.0001587	0.0001676	0.0001587	0.0006772	0.0003715	0.0006773	0.0003715	0	0	0	0	0	0	0	0	0	0	0	0	0	0	0	0	0	0	0	0	0	0	0	0	0	0	0	0	0	0	0	0	0	0	
107	0.0008448	0.0005302	0.0008449	0.0005302	0.0001676	0.0001587	0.0001676	0.0001587	0.0006772	0.0003715	0.0006773	0.0003715	0	0	0	0	0	0	0	0	0	0	0	0	0	0	0	0	0	0	0	0	0	0	0	0	0	0	0	0	0	0	0	0	0	0	
108	0.0008448	0.0005302	0.0008449	0.0005302	0.0001676	0.0001587	0.0001676	0.0001587	0.0006772	0.0003715	0.0006773	0.0003715	0	0	0	0	0	0	0	0	0	0	0	0	0	0	0	0	0	0	0	0	0	0	0	0	0	0	0	0	0	0	0	0	0	0	
109	0.0008448	0.0005302	0.0008449	0.0005302	0.0001676	0.0001587	0.0001676	0.0001587	0.0006772	0.0003715	0.0006773	0.0003715	0	0	0	0	0	0	0	0	0	0	0	0	0	0	0	0	0	0	0	0	0	0	0	0	0	0	0	0	0	0	0	0	0	0	
110	0.0008448	0.0005302	0.0008449	0.0005302	0.0001676	0.0001587	0.0001676	0.0001587	0.0006772	0.0003715	0.0006773	0.0003715	0	0	0	0	0	0	0	0	0	0	0	0	0	0	0	0	0	0	0	0	0	0	0	0	0	0	0	0	0	0	0	0	0	0	
111	0.0008448	0.0005302	0.0008449	0.0005302	0.0001676	0.0001587	0.0001676	0.0001587	0.0006772	0.0003715	0.0006773	0.0003715	0	0	0	0	0	0	0	0	0	0	0	0	0	0	0	0	0	0	0	0	0	0	0	0	0	0	0	0	0	0	0	0	0	0	
112	0.0008448	0.0005302	0.0008449	0.0005302	0.0001676	0.0001587	0.0001676	0.0001587	0.0006772	0.0003715	0.0006773	0.0003715	0	0	0	0	0	0	0	0	0	0	0	0	0	0	0	0	0	0	0	0	0	0	0	0	0	0	0	0	0	0	0	0	0	0	
113	0.0008448	0.0005302	0.0008449	0.0005302	0.0001676	0.0001587	0.0001676	0.0001587	0.0006772	0.0003715	0.0006773	0.0003715	0	0	0	0	0	0	0	0	0	0	0	0	0	0	0	0	0	0	0	0	0	0	0	0	0	0	0	0	0	0	0	0	0	0	
114	0.0008448	0.0005302	0.0008449	0.0005302	0.0001676	0.0001587	0.0001676	0.0001587	0.0006772	0.0003715	0.0006773	0.0003715	0	0	0	0	0	0	0	0	0	0	0	0	0	0	0	0	0	0	0	0	0	0	0	0	0	0	0	0	0	0	0	0	0	0	
115	0.0008448	0.0005302	0.0008449	0.0005302	0.0001676	0.0001587	0.0001676	0.0001587	0.0006772	0.0003715	0.0006773	0.0003715	0	0	0	0	0	0	0	0	0	0	0	0	0	0	0	0	0	0	0	0	0	0	0	0	0	0	0	0	0	0	0	0	0	0	
116	0.0008448	0.0005302	0.0008449	0.0005302	0.0001676	0.0001587	0.0001676	0.0001587	0.0006772	0.0003715	0.0006773	0.0003715	0	0	0	0	0	0	0	0	0	0	0	0	0	0	0	0	0	0	0	0	0	0	0	0	0	0	0	0	0	0	0	0	0	0	
117	0.0008448	0.0005302	0.0008449	0.0005302	0.0001676	0.0001587	0.0001676	0.0001587	0.0006772	0.0003715	0.0006773	0.0003715	0	0	0	0	0	0	0	0	0	0	0	0	0	0	0	0	0	0	0	0	0	0	0	0	0	0	0	0	0	0	0	0	0	0	
118	0.0008448	0.0005302	0.0008449	0.0005302	0.0001676	0.0001587	0.0001676	0.0001587	0.0006772	0.0003715	0.0006773	0.0003715	0	0	0	0	0	0	0	0	0	0	0	0	0	0	0	0	0	0	0	0	0	0	0	0	0	0	0	0	0	0	0	0	0	0	
119	0.0008448	0.0005302	0.0008449	0.0005302	0.0001676	0.0001587	0.0001676	0.0001587	0.0006772	0.0003715	0.0006773	0.0003715	0	0	0	0	0	0	0	0	0	0	0	0	0	0	0	0	0	0	0	0	0	0	0	0	0	0	0	0	0	0	0	0	0	0	
120	0.0008448	0.0005302	0.0008449	0.0005302	0.0001676	0.0001587	0.0001676	0.0001587	0.0006772	0.0003715	0.0006773	0.0003715	0	0	0	0	0	0	0	0	0	0	0	0	0	0	0	0	0	0	0	0	0	0	0	0	0	0	0	0	0	0	0	0	0	0	
121	0.0008448	0.0005302	0.0008449	0.0005302	0.0001676	0.0001587	0.0001676	0.0001587	0.0006772	0.0003715	0.0006773	0.0003715	0	0	0	0	0	0	0	0	0	0	0	0	0	0	0	0	0	0	0	0	0	0	0	0	0	0	0	0	0	0	0	0	0	0	
122	0.0008448	0.0005302	0.0008449	0.0005302	0.0001676	0.0001587	0.0001676	0.0001587	0.0006772	0.0003715	0.0006773	0.0003715	0	0	0	0	0	0	0	0	0	0	0	0	0	0	0	0	0	0	0	0	0	0	0	0	0	0	0	0	0	0	0	0	0	0	
123	0.0008448	0.0005302	0.0008449	0.0005302	0.0001676	0.0001587	0.0001676	0.0001587	0.0006772	0.0003715	0.0006773	0.0003715	0	0	0	0	0	0	0	0	0	0	0	0	0	0	0	0	0	0	0	0	0	0	0	0	0	0	0	0	0	0	0	0	0	0	
124	0.9665	0.1129	0.9665	0.1129	0.01176	0.001165	0.01176	0.001165	0.9547	0.1117	0.9548	0.1117	1	0	1	0	1	0	1	0	1	0	1	0	1	0	1	0	1	0	1	0	1	0	1	0	1	0	1	0	1	0	1	0	1	0	
125	0.5058	0.5794	0.5058	0.5796	0.02008	0.03369	0.02008	0.03369	0.4857	0.5457	0.4857	0.5459	2	1	2	1	1	1	1	1	0	1	0	1	0	1	0	1	0	1	0	0	0	0	0	0	0	0	0	0	0	0	0	0	0	0	
126	0.5966	0.5042	0.5967	0.5043	0.05062	0.01392	0.05063	0.01392	0.5459	0.4903	0.5461	0.4903	1	2	1	2	1	1	1	1	1	1	1	0	1	0	1	0	1	0	0	0	0	0	0	0	0	0	0	0	0	0	0	0	0	0	
127	0.0008448	0.0005302	0.0008449	0.0005302	0.0001676	0.0001587	0.0001676	0.0001587	0.0006772	0.0003715	0.0006773	0.0003715	0	0	0	0	0	0	0	0	0	0	0	0	0	0	0	0	0	0	0	0	0	0	0	0	0	0	0	0	0	0	0	0	0	0	
128	0.0008448	0.0005302	0.0008449	0.0005302	0.0001676	0.0001587	0.0001676	0.0001587	0.0006772	0.0003715	0.0006773	0.0003715	0	0	0	0	0	0	0	0	0	0	0	0	0	0	0	0	0	0	0	0	0	0	0	0	0	0	0	0	0	0	0	0	0	0	
129	0.0008448	0.0005302	0.0008449	0.0005302	0.0001676	0.0001587	0.0001676	0.0001587	0.0006772	0.0003715	0.0006773	0.0003715	0	0	0	0	0	0	0	0	0	0	0	0	0	0	0	0	0	0	0	0	0	0	0	0	0	0	0	0	0	0	0	0	0	0	
130	0.0008448	0.0005302	0.0008449	0.0005302	0.0001676	0.0001587	0.0001676	0.0001587	0.0006772	0.0003715	0.0006773	0.0003715	0	0	0	0	0	0	0	0	0	0	0	0	0	0	0	0	0	0	0	0	0	0	0	0	0	0	0	0	0	0	0	0	0	0	
131	0.0008448	0.0005302	0.0008449	0.0005302	0.0001676	0.0001587	0.0001676	0.0001587	0.0006772	0.0003715	0.0006773	0.0003715	0	0	0	0	0	0	0	0	0	0	0	0	0	0	0	0	0	0	0	0	0	0	0	0	0	0	0	0	0	0	0	0	0	0	
132	0.0008448	0.0005302	0.0008449	0.0005302	0.0001676	0.0001587	0.0001676	0.0001587	0.0006772	0.0003715	0.0006773	0.0003715	0	0	0	0	0	0	0	0	0	0	0	0	0	0	0	0	0	0	0	0	0	0	0	0	0	0	0	0	0	0	0	0	0	0	
133	0.0008448	0.0005302	0.0008449	0.0005302	0.0001676	0.0001587	0.0001676	0.0001587	0.0006772	0.0003715	0.0006773	0.0003715	0	0	0	0	0	0	0	0	0	0	0	0	0	0	0	0	0	0	0	0	0	0	0	0	0	0	0	0	0	0	0	0	0	0	
134	0.0008448	0.0005302	0.0008449	0.0005302	0.0001676	0.0001587	0.0001676	0.0001587	0.0006772	0.0003715	0.0006773	0.0003715	0	0	0	0	0	0	0	0	0	0	0	0	0	0	0	0	0	0	0	0	0	0	0	0	0	0	0	0	0	0	0	0	0	0	
135	0.0008448	0.0005302	0.0008449	0.0005302	0.0001676	0.0001587	0.0001676	0.0001587	0.0006772	0.0003715	0.0006773	0.0003715	0	0	0	0	0	0	0	0	0	0	0	0	0	0	0	0	0	0	0	0	0	0	0	0	0	0	0	0	0	0	0	0	0	0	
136	0.0008448	0.0005302	0.0008449	0.0005302	0.0001676	0.0001587	0.0001676	0.0001587	0.0006772	0.0003715	0.0006773	0.0003715	0	0	0	0	0	0	0	0	0	0	0	0	0	0	0	0	0	0	0	0	0	0	0	0	0	0	0	0	0	0	0	0	0	0	
137	0.0008448	0.0005302	0.0008449	0.0005302	0.0001676	0.0001587	0.0001676	0.0001587	0.0006772	0.0003715	0.0006773	0.0003715	0	0	0	0	0	0	0	0	0	0	0	0	0	0	0	0	0	0	0	0	0	0	0	0	0	0	0	0	0	0	0	0	0	0	
138	0.0008448	0.0005302	0.0008449	0.0005302	0.0001676	0.0001587	0.0001676	0.0001587	0.0006772	0.0003715	0.0006773	0.0003715	0	0	0	0	0	0	0	0	0	0	0	0	0	0	0	0	0	0	0	0	0	0	0	0	0	0	0	0	0	0	0	0	0	0	
139	0.0008448	0.0005302	0.0008449	0.0005302	0.0001676	0.0001587	0.0001676	0.0001587	0.0006772	0.0003715	0.0006773	0.0003715	0	0	0	0	0	0	0	0	0	0	0	0	0	0	0	0	0	0	0	0	0	0	0	0	0	0	0	0	0	0	0	0	0	0	
140	0.0008448	0.0005302	0.0008449	0.0005302	0.0001676	0.0001587	0.0001676	0.0001587	0.0006772	0.0003715	0.0006773	0.0003715	0	0	0	0	0	0	0	0	0	0	0	0	0	0	0	0	0	0	0	0	0	0	0	0	0	0	0	0	0	0	0	0	0	0	
141	0.0008448	0.0005302	0.0008449	0.0005302	0.0001676	0.0001587	0.0001676	0.0001587	0.0006772	0.0003715	0.0006773	0.0003715	0	0	0	0	0	0	0	0	0	0	0	0	0	0	0	0	0	0	0	0	0	0	0	0	0	0	0	0	0	0	0	0	0	0	
142	0.0008448	0.0005302	0.0008449	0.0005302	0.0001676	0.0001587	0.0001676	0.0001587	0.0006772	0.0003715	0.0006773	0.0003715	0	0	0	0	0	0	0	0	0	0	0	0	0	0	0	0	0	0	0	0	0	0	0	0	0	0	0	0	0	0	0	0	0	0	
143	0.0008448	0.0005302	0.0008449	0.0005302	0.0001676	0.0001587	0.0001676	0.0001587	0.0006772	0.0003715	0.0006773	0.0003715	0	0	0	0	0	0	0	0	0	0	0	0	0	0	0	0	0	0	0	0	0	0	0	0	0	0	0	0	0	0	0	0	0	0	
144	0.0008448	0.0005302	0.0008449	0.0005302	0.0001676	0.0001587	0.0001676	0.0001587	0.0006772	0.0003715	0.0006773	0.0003715	0	0	0	0	0	0	0	0	0	0	0	0	0	0	0	0	0	0	0	0	0	0	0	0	0	0	0	0	0	0	0	0	0	0	
145	0.0008448	0.0005302	0.0008449	0.0005302	0.0001676	0.0001587	0.0001676	0.0001587	0.0006772	0.0003715	0.0006773	0.0003715	0	0	0	0	0	0	0	0	0	0	0	0	0	0	0	0	0	0	0	0	0	0	0	0	0	0	0	0	0	0	0	0	0	0	
146	0.0008448	0.0005302	0.0008449	0.0005302	0.0001676	0.0001587	0.0001676	0.0001587	0.0006772	0.0003715	0.0006773	0.0003715	0	0	0	0	0	0	0	0	0	0	0	0	0	0	0	0	0	0	0	0	0	0	0	0	0	0	0	0	0	0	0	0	0	0	
147	1.388	1.639	1.388	1.639	0.01172	1.219	0.01172	1.219	1.376	0.4198	1.376	0.4199	2	4	2	4	2	4	2	1	2	1	2	1	2	1	2	1	2	1	2	1	1	1	1	1	1	1	1	1	0	1	0	1	0	1	
148	0.0008448	0.0005302	0.0008449	0.0005302	0.0001676	0.0001587	0.0001676	0.0001587	0.0006772	0.0003715	0.0006773	0.0003715	0	0	0	0	0	0	0	0	0	0	0	0	0	0	0	0	0	0	0	0	0	0	0	0	0	0	0	0	0	0	0	0	0	0	
149	0.0008448	0.0005302	0.0008449	0.0005302	0.0001676	0.0001587	0.0001676	0.0001587	0.0006772	0.0003715	0.0006773	0.0003715	0	0	0	0	0	0	0	0	0	0	0	0	0	0	0	0	0	0	0	0	0	0	0	0	0	0	0	0	0	0	0	0	0	0	
150	0.0008448	0.0005302	0.0008449	0.0005302	0.0001676	0.0001587	0.0001676	0.0001587	0.0006772	0.0003715	0.0006773	0.0003715	0	0	0	0	0	0	0	0	0	0	0	0	0	0	0	0	0	0	0	0	0	0	0	0	0	0	0	0	0	0	0	0	0	0	
151	0.0008448	0.0005302	0.0008449	0.0005302	0.0001676	0.0001587	0.0001676	0.0001587	0.0006772	0.0003715	0.0006773	0.0003715	0	0	0	0	0	0	0	0	0	0	0	0	0	0	0	0	0	0	0	0	0	0	0	0	0	0	0	0	0	0	0	0	0	0	
152	0.0008448	0.0005302	0.0008449	0.0005302	0.0001676	0.0001587	0.0001676	0.0001587	0.0006772	0.0003715	0.0006773	0.0003715	0	0	0	0	0	0	0	0	0	0	0	0	0	0	0	0	0	0	0	0	0	0	0	0	0	0	0	0	0	0	0	0	0	0	
153	0.0008448	0.0005302	0.0008449	0.0005302	0.0001676	0.0001587	0.0001676	0.0001587	0.0006772	0.0003715	0.0006773	0.0003715	0	0	0	0	0	0	0	0	0	0	0	0	0	0	0	0	0	0	0	0	0	0	0	0	0	0	0	0	0	0	0	0	0	0	
154	0.0008448	0.0005302	0.0008449	0.0005302	0.0001676	0.0001587	0.0001676	0.0001587	0.0006772	0.0003715	0.0006773	0.0003715	0	0	0	0	0	0	0	0	0	0	0	0	0	0	0	0	0	0	0	0	0	0	0	0	0	0	0	0	0	0	0	0	0	0	
155	0.0008448	0.0005302	0.0008449	0.0005302	0.0001676	0.0001587	0.0001676	0.0001587	0.0006772	0.0003715	0.0006773	0.0003715	0	0	0	0	0	0	0	0	0	0	0	0	0	0	0	0	0	0	0	0	0	0	0	0	0	0	0	0	0	0	0	0	0	0	
156	0.0008448	0.0005302	0.0008449	0.0005302	0.0001676	0.0001587	0.0001676	0.0001587	0.0006772	0.0003715	0.0006773	0.0003715	0	0	0	0	0	0	0	0	0	0	0	0	0	0	0	0	0	0	0	0	0	0	0	0	0	0	0	0	0	0	0	0	0	0	
157	0.0008448	0.0005302	0.0008449	0.0005302	0.0001676	0.0001587	0.0001676	0.0001587	0.0006772	0.0003715	0.0006773	0.0003715	0	0	0	0	0	0	0	0	0	0	0	0	0	0	0	0	0	0	0	0	0	0	0	0	0	0	0	0	0	0	0	0	0	0	
158	0.0008448	0.0005302	0.0008449	0.0005302	0.0001676	0.0001587	0.0001676	0.0001587	0.0006772	0.0003715	0.0006773	0.0003715	0	0	0	0	0	0	0	0	0	0	0	0	0	0	0	0	0	0	0	0	0	0	0	0	0	0	0	0	0	0	0	0	0	0	
159	0.0008448	0.0005302	0.0008449	0.0005302	0.0001676	0.0001587	0.0001676	0.0001587	0.0006772	0.0003715	0.0006773	0.0003715	0	0	0	0	0	0	0	0	0	0	0	0	0	0	0	0	0	0	0	0	0	0	0	0	0	0	0	0	0	0	0	0	0	0	
160	0.0008448	0.0005302	0.0008449	0.0005302	0.0001676	0.0001587	0.0001676	0.0001587	0.0006772	0.0003715	0.0006773	0.0003715	0	0	0	0	0	0	0	0	0	0	0	0	0	0	0	0	0	0	0	0	0	0	0	0	0	0	0	0	0	0	0	0	0	0	
161	0.0008448	0.0005302	0.0008449	0.0005302	0.0001676	0.0001587	0.0001676	0.0001587	0.0006772	0.0003715	0.0006773	0.0003715	0	0	0	0	0	0	0	0	0	0	0	0	0	0	0	0	0	0	0	0	0	0	0	0	0	0	0	0	0	0	0	0	0	0	
162	0.0008448	0.0005302	0.0008449	0.0005302	0.0001676	0.0001587	0.0001676	0.0001587	0.0006772	0.0003715	0.0006773	0.0003715	0	0	0	0	0	0	0	0	0	0	0	0	0	0	0	0	0	0	0	0	0	0	0	0	0	0	0	0	0	0	0	0	0	0	
163	0.0008448	0.0005302	0.0008449	0.0005302	0.0001676	0.0001587	0.0001676	0.0001587	0.0006772	0.0003715	0.0006773	0.0003715	0	0	0	0	0	0	0	0	0	0	0	0	0	0	0	0	0	0	0	0	0	0	0	0	0	0	0	0	0	0	0	0	0	0	
164	0.0008448	0.0005302	0.0008449	0.0005302	0.0001676	0.0001587	0.0001676	0.0001587	0.0006772	0.0003715	0.0006773	0.0003715	0	0	0	0	0	0	0	0	0	0	0	0	0	0	0	0	0	0	0	0	0	0	0	0	0	0	0	0	0	0	0	0	0	0	
165	0.0008448	0.0005302	0.0008449	0.0005302	0.0001676	0.0001587	0.0001676	0.0001587	0.0006772	0.0003715	0.0006773	0.0003715	0	0	0	0	0	0	0	0	0	0	0	0	0	0	0	0	0	0	0	0	0	0	0	0	0	0	0	0	0	0	0	0	0	0	
166	0.0008448	0.0005302	0.0008449	0.0005302	0.0001676	0.0001587	0.0001676	0.0001587	0.0006772	0.0003715	0.0006773	0.0003715	0	0	0	0	0	0	0	0	0	0	0	0	0	0	0	0	0	0	0	0	0	0	0	0	0	0	0	0	0	0	0	0	0	0	
167	0.0008448	0.0005302	0.0008449	0.0005302	0.0001676	0.0001587	0.0001676	0.0001587	0.0006772	0.0003715	0.0006773	0.0003715	0	0	0	0	0	0	0	0	0	0	0	0	0	0	0	0	0	0	0	0	0	0	0	0	0	0	0	0	0	0	0	0	0	0	
168	0.0008448	0.0005302	0.0008449	0.0005302	0.0001676	0.0001587	0.0001676	0.0001587	0.0006772	0.0003715	0.0006773	0.0003715	0	0	0	0	0	0	0	0	0	0	0	0	0	0	0	0	0	0	0	0	0	0	0	0	0	0	0	0	0	0	0	0	0	0	
169	0.0008448	0.0005302	0.0008449	0.0005302	0.0001676	0.0001587	0.0001676	0.0001587	0.0006772	0.0003715	0.0006773	0.0003715	0	0	0	0	0	0	0	0	0	0	0	0	0	0	0	0	0	0	0	0	0	0	0	0	0	0	0	0	0	0	0	0	0	0	
170	1.002	0.003749	1.002	0.00375	1.001	0.0007221	1.001	0.0007222	0.001658	0.003027	0.001658	0.003027	1	0	1	0	1	0	1	0	1	0	1	0	1	0	1	0	1	0	1	0	1	0	1	0	1	0	1	0	1	0	1	0	1	0	
171	0.000848	0.001637	0.0008481	0.001637	0.0001682	0.001265	0.0001682	0.001265	0.0006798	0.0003729	0.0006799	0.000373	0	0	0	0	0	0	0	0	0	0	0	0	0	0	0	0	0	0	0	0	0	0	0	0	0	0	0	0	0	0	0	0	0	0	
172	0.000848	0.001637	0.0008481	0.001637	0.0001682	0.001265	0.0001682	0.001265	0.0006798	0.0003729	0.0006799	0.000373	0	0	0	0	0	0	0	0	0	0	0	0	0	0	0	0	0	0	0	0	0	0	0	0	0	0	0	0	0	0	0	0	0	0	
173	1.009	0.02108	1.009	0.02108	0.9925	0.0007288	0.9925	0.0007288	0.01647	0.02035	0.01647	0.02036	1	0	1	0	1	0	1	0	1	0	1	0	1	0	1	0	1	0	1	0	1	0	1	0	1	0	1	0	1	0	1	0	1	0	
174	0.000923	0.004027	0.0009231	0.004027	0.0001698	0.003597	0.0001698	0.003597	0.0007532	0.0004302	0.0007533	0.0004302	0	0	0	0	0	0	0	0	0	0	0	0	0	0	0	0	0	0	0	0	0	0	0	0	0	0	0	0	0	0	0	0	0	0	
