# Rates were calculated using the expectation of the posterior rate distribution
# Prior distribution is Gamma with 4 discrete categories
# The alpha parameter 0.1
# sp.rates(j)  j= 0	5.276e-07	0.25
# sp.rates(j)  j= 1	0.001079	0.25
# sp.rates(j)  j= 2	0.0938	0.25
# sp.rates(j)  j= 3	3.905	0.25

=========================================================================================================================================================
# POS	RATE
1	0.8862
2	3.79
3	3.787
4	3.787
5	0.8792
6	0.876
7	0.876
8	0.876
9	0.876
10	0.876
11	0.876
12	0.876
13	0.876
14	0.876
15	0.876
16	0.876
17	0.876
18	0.876
19	0.876
20	0.876
21	0.876
22	0.876
23	0.876
24	0.876
25	0.876
26	0.876
27	0.876
28	3.788
29	0.876
30	0.876
31	0.876
32	0.876
33	0.876
34	0.876
35	0.876
36	0.876
37	0.876
38	0.876
39	0.876
40	0.876
41	0.876
42	0.876
43	0.876
44	0.876
45	3.799
46	0.876
47	0.876
48	0.876
49	0.876
50	0.876
51	0.876
52	0.876
53	0.876
54	0.876
55	0.876
56	0.876
57	0.876
58	0.876
59	0.876
60	0.876
61	0.876
62	3.788
63	0.876
64	0.876
65	0.876
66	0.876
67	0.876
68	0.876
69	0.876
70	0.876
71	0.876
72	0.876
73	0.876
74	0.876
75	0.876
76	0.876
77	0.876
78	0.876
79	0.876
80	3.789
81	0.876
82	0.876
83	0.876
84	0.876
85	0.876
86	0.876
87	0.876
88	0.876
89	0.876
90	0.876
91	0.876
92	0.876
93	0.876
94	0.876
95	0.876
96	0.876
97	0.876
98	0.876
99	0.876
100	0.876
101	0.876
102	0.876
103	0.876
104	0.876
105	0.876
106	0.876
107	0.876
108	0.876
109	0.876
110	0.876
111	0.876
112	0.876
113	0.876
114	0.876
115	0.876
116	0.876
117	0.876
118	0.876
119	0.876
120	0.876
121	0.876
122	0.876
123	0.876
124	3.799
125	3.801
126	3.802
127	0.876
128	0.876
129	0.876
130	0.876
131	0.876
132	0.876
133	0.876
134	0.876
135	0.876
136	0.876
137	0.876
138	0.876
139	0.876
140	0.876
141	0.876
142	0.876
143	0.876
144	0.876
145	0.876
146	0.876
147	3.905
148	0.876
149	0.876
150	0.876
151	0.876
152	0.876
153	0.876
154	0.876
155	0.876
156	0.876
157	0.876
158	0.876
159	0.876
160	0.876
161	0.876
162	0.876
163	0.876
164	0.876
165	0.876
166	0.876
167	0.876
168	0.876
169	0.876
170	3.787
171	0.8792
172	0.8792
173	3.79
174	0.8862
# Average = 1.095
# Standard Deviation = 0.7712
