# print values over probCutOff 0.05
G/L	POS	branch	branchLength	distance2root	distance2NearestOTU	numOfNodes2NearestOTU	probability	expectation
gain	1	N2	0.1686	0.1686	0.07016	2	0.08669	0.08974
gain	1	S6	0.1959	0.1959	0	0	0.06353	0.06678
loss	1	S6	0.1959	0.1959	0	0	0.09112	0.09511
gain	2	N2	0.1686	0.1686	0.07016	2	0.1057	0.1093
loss	2	N2	0.1686	0.1686	0.07016	2	0.4339	0.4549
loss	2	N3	0.06772	0.2364	0.002442	1	0.1446	0.1459
gain	2	N5	0.08146	0.2501	0.003067	1	0.09892	0.1
loss	2	N5	0.08146	0.2501	0.003067	1	0.07467	0.07551
loss	2	S1	0.003067	0.2532	0	0	0.1508	0.1508
gain	2	S2	0.004728	0.2548	0	0	0.8492	0.8492
gain	2	S6	0.1959	0.1959	0	0	0.3029	0.3195
loss	2	S6	0.1959	0.1959	0	0	0.1884	0.1988
gain	3	N2	0.1686	0.1686	0.07016	2	0.08919	0.09196
loss	3	N2	0.1686	0.1686	0.07016	2	0.4492	0.4708
loss	3	N3	0.06772	0.2364	0.002442	1	0.07467	0.07529
gain	3	S5	0.001278	0.2417	0	0	0.9893	0.9893
loss	3	N5	0.08146	0.2501	0.003067	1	0.08457	0.08555
gain	3	S6	0.1959	0.1959	0	0	0.3028	0.3192
loss	3	S6	0.1959	0.1959	0	0	0.1756	0.1851
gain	4	N2	0.1686	0.1686	0.07016	2	0.05528	0.05691
loss	4	N2	0.1686	0.1686	0.07016	2	0.5607	0.5769
loss	4	N3	0.06772	0.2364	0.002442	1	0.05529	0.05573
loss	4	N5	0.08146	0.2501	0.003067	1	0.06121	0.06188
gain	4	S6	0.1959	0.1959	0	0	0.4867	0.5013
loss	4	S6	0.1959	0.1959	0	0	0.06158	0.06368
gain	5	N2	0.1686	0.1686	0.07016	2	0.08616	0.08918
gain	5	S6	0.1959	0.1959	0	0	0.06293	0.06614
loss	5	S6	0.1959	0.1959	0	0	0.09054	0.09449
gain	6	N2	0.1686	0.1686	0.07016	2	0.157	0.1634
loss	6	N2	0.1686	0.1686	0.07016	2	0.2807	0.2935
loss	6	N3	0.06772	0.2364	0.002442	1	0.5198	0.5235
gain	6	N5	0.08146	0.2501	0.003067	1	0.5039	0.5086
gain	6	S6	0.1959	0.1959	0	0	0.2489	0.2626
loss	6	S6	0.1959	0.1959	0	0	0.2055	0.2168
gain	7	N2	0.1686	0.1686	0.07016	2	0.08604	0.08906
gain	7	S6	0.1959	0.1959	0	0	0.06282	0.06602
loss	7	S6	0.1959	0.1959	0	0	0.09042	0.09436
gain	8	N2	0.1686	0.1686	0.07016	2	0.08604	0.08906
gain	8	S6	0.1959	0.1959	0	0	0.06282	0.06602
loss	8	S6	0.1959	0.1959	0	0	0.09042	0.09436
gain	9	N2	0.1686	0.1686	0.07016	2	0.05225	0.05435
gain	9	S6	0.1959	0.1959	0	0	0.0612	0.06445
gain	10	N2	0.1686	0.1686	0.07016	2	0.05225	0.05435
gain	10	S6	0.1959	0.1959	0	0	0.0612	0.06445
gain	11	N2	0.1686	0.1686	0.07016	2	0.05225	0.05435
gain	11	S6	0.1959	0.1959	0	0	0.0612	0.06445
gain	12	N2	0.1686	0.1686	0.07016	2	0.05528	0.05691
loss	12	N2	0.1686	0.1686	0.07016	2	0.5607	0.5769
loss	12	N3	0.06772	0.2364	0.002442	1	0.05529	0.05573
loss	12	N5	0.08146	0.2501	0.003067	1	0.06121	0.06188
gain	12	S6	0.1959	0.1959	0	0	0.4867	0.5013
loss	12	S6	0.1959	0.1959	0	0	0.06158	0.06368
gain	13	N2	0.1686	0.1686	0.07016	2	0.08604	0.08906
gain	13	S6	0.1959	0.1959	0	0	0.06282	0.06602
loss	13	S6	0.1959	0.1959	0	0	0.09042	0.09436
gain	14	N2	0.1686	0.1686	0.07016	2	0.05225	0.05435
gain	14	S6	0.1959	0.1959	0	0	0.0612	0.06445
gain	15	N2	0.1686	0.1686	0.07016	2	0.05225	0.05435
gain	15	S6	0.1959	0.1959	0	0	0.0612	0.06445
gain	16	N2	0.1686	0.1686	0.07016	2	0.05225	0.05435
gain	16	S6	0.1959	0.1959	0	0	0.0612	0.06445
gain	17	N2	0.1686	0.1686	0.07016	2	0.05225	0.05435
gain	17	S6	0.1959	0.1959	0	0	0.0612	0.06445
gain	18	N2	0.1686	0.1686	0.07016	2	0.05225	0.05435
gain	18	S6	0.1959	0.1959	0	0	0.0612	0.06445
gain	19	N2	0.1686	0.1686	0.07016	2	0.05225	0.05435
gain	19	S6	0.1959	0.1959	0	0	0.0612	0.06445
gain	20	N2	0.1686	0.1686	0.07016	2	0.05528	0.05691
loss	20	N2	0.1686	0.1686	0.07016	2	0.5607	0.5769
loss	20	N3	0.06772	0.2364	0.002442	1	0.05529	0.05573
loss	20	N5	0.08146	0.2501	0.003067	1	0.06121	0.06188
gain	20	S6	0.1959	0.1959	0	0	0.4867	0.5013
loss	20	S6	0.1959	0.1959	0	0	0.06158	0.06368
gain	21	N2	0.1686	0.1686	0.07016	2	0.05225	0.05435
gain	21	S6	0.1959	0.1959	0	0	0.0612	0.06445
gain	22	N2	0.1686	0.1686	0.07016	2	0.05225	0.05435
gain	22	S6	0.1959	0.1959	0	0	0.0612	0.06445
gain	23	N2	0.1686	0.1686	0.07016	2	0.05225	0.05435
gain	23	S6	0.1959	0.1959	0	0	0.0612	0.06445
gain	24	N2	0.1686	0.1686	0.07016	2	0.05225	0.05435
gain	24	S6	0.1959	0.1959	0	0	0.0612	0.06445
gain	25	N2	0.1686	0.1686	0.07016	2	0.05225	0.05435
gain	25	S6	0.1959	0.1959	0	0	0.0612	0.06445
gain	26	N2	0.1686	0.1686	0.07016	2	0.05528	0.05691
loss	26	N2	0.1686	0.1686	0.07016	2	0.5607	0.5769
loss	26	N3	0.06772	0.2364	0.002442	1	0.05529	0.05573
loss	26	N5	0.08146	0.2501	0.003067	1	0.06121	0.06188
gain	26	S6	0.1959	0.1959	0	0	0.4867	0.5013
loss	26	S6	0.1959	0.1959	0	0	0.06158	0.06368
gain	27	N2	0.1686	0.1686	0.07016	2	0.05225	0.05435
gain	27	S6	0.1959	0.1959	0	0	0.0612	0.06445
gain	28	N2	0.1686	0.1686	0.07016	2	0.05225	0.05435
gain	28	S6	0.1959	0.1959	0	0	0.0612	0.06445
gain	29	N2	0.1686	0.1686	0.07016	2	0.05225	0.05435
gain	29	S6	0.1959	0.1959	0	0	0.0612	0.06445
gain	30	N2	0.1686	0.1686	0.07016	2	0.05225	0.05435
gain	30	S6	0.1959	0.1959	0	0	0.0612	0.06445
gain	31	N2	0.1686	0.1686	0.07016	2	0.05225	0.05435
gain	31	S6	0.1959	0.1959	0	0	0.0612	0.06445
gain	32	N2	0.1686	0.1686	0.07016	2	0.05225	0.05435
gain	32	S6	0.1959	0.1959	0	0	0.0612	0.06445
gain	33	N2	0.1686	0.1686	0.07016	2	0.05225	0.05435
gain	33	S6	0.1959	0.1959	0	0	0.0612	0.06445
gain	34	N2	0.1686	0.1686	0.07016	2	0.05225	0.05435
gain	34	S6	0.1959	0.1959	0	0	0.0612	0.06445
gain	35	N2	0.1686	0.1686	0.07016	2	0.05225	0.05435
gain	35	S6	0.1959	0.1959	0	0	0.0612	0.06445
gain	36	N2	0.1686	0.1686	0.07016	2	0.05225	0.05435
gain	36	S6	0.1959	0.1959	0	0	0.0612	0.06445
gain	37	N2	0.1686	0.1686	0.07016	2	0.05225	0.05435
gain	37	S6	0.1959	0.1959	0	0	0.0612	0.06445
gain	38	N2	0.1686	0.1686	0.07016	2	0.05225	0.05435
gain	38	S6	0.1959	0.1959	0	0	0.0612	0.06445
gain	39	N2	0.1686	0.1686	0.07016	2	0.05225	0.05435
gain	39	S6	0.1959	0.1959	0	0	0.0612	0.06445
gain	40	N2	0.1686	0.1686	0.07016	2	0.1529	0.1593
loss	40	N2	0.1686	0.1686	0.07016	2	0.2718	0.2838
gain	40	N3	0.06772	0.2364	0.002442	1	0.3363	0.339
loss	40	N5	0.08146	0.2501	0.003067	1	0.6878	0.6944
gain	40	S6	0.1959	0.1959	0	0	0.2943	0.3112
loss	40	S6	0.1959	0.1959	0	0	0.1075	0.1114
gain	41	N2	0.1686	0.1686	0.07016	2	0.09149	0.09477
gain	41	N5	0.08146	0.2501	0.003067	1	0.05067	0.05117
gain	41	S6	0.1959	0.1959	0	0	0.07565	0.07957
loss	41	S6	0.1959	0.1959	0	0	0.09875	0.1032
gain	42	N2	0.1686	0.1686	0.07016	2	0.05528	0.05691
loss	42	N2	0.1686	0.1686	0.07016	2	0.5607	0.5769
loss	42	N3	0.06772	0.2364	0.002442	1	0.05529	0.05573
loss	42	N5	0.08146	0.2501	0.003067	1	0.06121	0.06188
gain	42	S6	0.1959	0.1959	0	0	0.4867	0.5013
loss	42	S6	0.1959	0.1959	0	0	0.06158	0.06368
gain	43	N2	0.1686	0.1686	0.07016	2	0.05225	0.05435
gain	43	S6	0.1959	0.1959	0	0	0.0612	0.06445
gain	44	N2	0.1686	0.1686	0.07016	2	0.05225	0.05435
gain	44	S6	0.1959	0.1959	0	0	0.0612	0.06445
gain	45	N2	0.1686	0.1686	0.07016	2	0.05225	0.05435
gain	45	S6	0.1959	0.1959	0	0	0.0612	0.06445
gain	46	N2	0.1686	0.1686	0.07016	2	0.05225	0.05435
gain	46	S6	0.1959	0.1959	0	0	0.0612	0.06445
gain	47	N2	0.1686	0.1686	0.07016	2	0.05225	0.05435
gain	47	S6	0.1959	0.1959	0	0	0.0612	0.06445
gain	48	N2	0.1686	0.1686	0.07016	2	0.05225	0.05435
gain	48	S6	0.1959	0.1959	0	0	0.0612	0.06445
gain	49	N2	0.1686	0.1686	0.07016	2	0.05225	0.05435
gain	49	S6	0.1959	0.1959	0	0	0.0612	0.06445
gain	50	N2	0.1686	0.1686	0.07016	2	0.05225	0.05435
gain	50	S6	0.1959	0.1959	0	0	0.0612	0.06445
gain	51	N2	0.1686	0.1686	0.07016	2	0.05225	0.05435
gain	51	S6	0.1959	0.1959	0	0	0.0612	0.06445
gain	52	N2	0.1686	0.1686	0.07016	2	0.05225	0.05435
gain	52	S6	0.1959	0.1959	0	0	0.0612	0.06445
gain	53	N2	0.1686	0.1686	0.07016	2	0.05528	0.05691
loss	53	N2	0.1686	0.1686	0.07016	2	0.5607	0.5769
loss	53	N3	0.06772	0.2364	0.002442	1	0.05529	0.05573
loss	53	N5	0.08146	0.2501	0.003067	1	0.06121	0.06188
gain	53	S6	0.1959	0.1959	0	0	0.4867	0.5013
loss	53	S6	0.1959	0.1959	0	0	0.06158	0.06368
gain	54	N2	0.1686	0.1686	0.07016	2	0.08604	0.08906
gain	54	S6	0.1959	0.1959	0	0	0.06282	0.06602
loss	54	S6	0.1959	0.1959	0	0	0.09042	0.09436
gain	55	N2	0.1686	0.1686	0.07016	2	0.05225	0.05435
gain	55	S6	0.1959	0.1959	0	0	0.0612	0.06445
gain	56	N2	0.1686	0.1686	0.07016	2	0.05225	0.05435
gain	56	S6	0.1959	0.1959	0	0	0.0612	0.06445
gain	57	N2	0.1686	0.1686	0.07016	2	0.05225	0.05435
gain	57	S6	0.1959	0.1959	0	0	0.0612	0.06445
gain	58	N2	0.1686	0.1686	0.07016	2	0.05225	0.05435
gain	58	S6	0.1959	0.1959	0	0	0.0612	0.06445
gain	59	N2	0.1686	0.1686	0.07016	2	0.05225	0.05435
gain	59	S6	0.1959	0.1959	0	0	0.0612	0.06445
gain	60	N2	0.1686	0.1686	0.07016	2	0.4094	0.4211
loss	60	N2	0.1686	0.1686	0.07016	2	0.07512	0.07752
gain	60	N3	0.06772	0.2364	0.002442	1	0.0523	0.05269
gain	60	N5	0.08146	0.2501	0.003067	1	0.05815	0.05874
gain	60	S6	0.1959	0.1959	0	0	0.07835	0.08108
loss	60	S6	0.1959	0.1959	0	0	0.6676	0.6994
gain	61	N2	0.1686	0.1686	0.07016	2	0.05225	0.05435
gain	61	S6	0.1959	0.1959	0	0	0.0612	0.06445
gain	62	N2	0.1686	0.1686	0.07016	2	0.05225	0.05435
gain	62	S6	0.1959	0.1959	0	0	0.0612	0.06445
gain	63	N2	0.1686	0.1686	0.07016	2	0.05225	0.05435
gain	63	S6	0.1959	0.1959	0	0	0.0612	0.06445
gain	64	N2	0.1686	0.1686	0.07016	2	0.05225	0.05435
gain	64	S6	0.1959	0.1959	0	0	0.0612	0.06445
gain	65	N2	0.1686	0.1686	0.07016	2	0.05225	0.05435
gain	65	S6	0.1959	0.1959	0	0	0.0612	0.06445
gain	66	N2	0.1686	0.1686	0.07016	2	0.1175	0.1221
loss	66	N2	0.1686	0.1686	0.07016	2	0.2291	0.2402
gain	66	N3	0.06772	0.2364	0.002442	1	0.1176	0.1185
loss	66	N4	0.004088	0.2404	0.001278	1	0.2216	0.2216
gain	66	S3	0.002442	0.2388	0	0	0.7782	0.7782
loss	66	N5	0.08146	0.2501	0.003067	1	0.1609	0.163
gain	66	S6	0.1959	0.1959	0	0	0.09666	0.1003
loss	66	S6	0.1959	0.1959	0	0	0.3374	0.3603
gain	67	N2	0.1686	0.1686	0.07016	2	0.05225	0.05435
gain	67	S6	0.1959	0.1959	0	0	0.0612	0.06445
gain	68	N2	0.1686	0.1686	0.07016	2	0.05225	0.05435
gain	68	S6	0.1959	0.1959	0	0	0.0612	0.06445
gain	69	N2	0.1686	0.1686	0.07016	2	0.4094	0.4211
loss	69	N2	0.1686	0.1686	0.07016	2	0.07512	0.07752
gain	69	N3	0.06772	0.2364	0.002442	1	0.0523	0.05269
gain	69	N5	0.08146	0.2501	0.003067	1	0.05815	0.05874
gain	69	S6	0.1959	0.1959	0	0	0.07835	0.08108
loss	69	S6	0.1959	0.1959	0	0	0.6676	0.6994
gain	70	N2	0.1686	0.1686	0.07016	2	0.05225	0.05435
gain	70	S6	0.1959	0.1959	0	0	0.0612	0.06445
gain	71	N2	0.1686	0.1686	0.07016	2	0.05528	0.05691
loss	71	N2	0.1686	0.1686	0.07016	2	0.5607	0.5769
loss	71	N3	0.06772	0.2364	0.002442	1	0.05529	0.05573
loss	71	N5	0.08146	0.2501	0.003067	1	0.06121	0.06188
gain	71	S6	0.1959	0.1959	0	0	0.4867	0.5013
loss	71	S6	0.1959	0.1959	0	0	0.06158	0.06368
gain	72	N2	0.1686	0.1686	0.07016	2	0.05225	0.05435
gain	72	S6	0.1959	0.1959	0	0	0.0612	0.06445
gain	73	N2	0.1686	0.1686	0.07016	2	0.05225	0.05435
gain	73	S6	0.1959	0.1959	0	0	0.0612	0.06445
gain	74	N2	0.1686	0.1686	0.07016	2	0.05225	0.05435
gain	74	S6	0.1959	0.1959	0	0	0.0612	0.06445
gain	75	N2	0.1686	0.1686	0.07016	2	0.05225	0.05435
gain	75	S6	0.1959	0.1959	0	0	0.0612	0.06445
gain	76	N2	0.1686	0.1686	0.07016	2	0.05225	0.05435
gain	76	S6	0.1959	0.1959	0	0	0.0612	0.06445
gain	77	N2	0.1686	0.1686	0.07016	2	0.05225	0.05435
gain	77	S6	0.1959	0.1959	0	0	0.0612	0.06445
gain	78	N2	0.1686	0.1686	0.07016	2	0.05225	0.05435
gain	78	S6	0.1959	0.1959	0	0	0.0612	0.06445
gain	79	N2	0.1686	0.1686	0.07016	2	0.05225	0.05435
gain	79	S6	0.1959	0.1959	0	0	0.0612	0.06445
gain	80	N2	0.1686	0.1686	0.07016	2	0.1459	0.1517
loss	80	N2	0.1686	0.1686	0.07016	2	0.3207	0.3353
loss	80	N3	0.06772	0.2364	0.002442	1	0.6027	0.6068
gain	80	N5	0.08146	0.2501	0.003067	1	0.4227	0.4275
gain	80	S6	0.1959	0.1959	0	0	0.3182	0.3365
loss	80	S6	0.1959	0.1959	0	0	0.1084	0.1123
gain	81	N2	0.1686	0.1686	0.07016	2	0.05225	0.05435
gain	81	S6	0.1959	0.1959	0	0	0.0612	0.06445
gain	82	N2	0.1686	0.1686	0.07016	2	0.05225	0.05435
gain	82	S6	0.1959	0.1959	0	0	0.0612	0.06445
gain	83	N2	0.1686	0.1686	0.07016	2	0.05225	0.05435
gain	83	S6	0.1959	0.1959	0	0	0.0612	0.06445
gain	84	N2	0.1686	0.1686	0.07016	2	0.05225	0.05435
gain	84	S6	0.1959	0.1959	0	0	0.0612	0.06445
gain	85	N2	0.1686	0.1686	0.07016	2	0.05225	0.05435
gain	85	S6	0.1959	0.1959	0	0	0.0612	0.06445
gain	86	N2	0.1686	0.1686	0.07016	2	0.05225	0.05435
gain	86	S6	0.1959	0.1959	0	0	0.0612	0.06445
gain	87	N2	0.1686	0.1686	0.07016	2	0.05225	0.05435
gain	87	S6	0.1959	0.1959	0	0	0.0612	0.06445
gain	88	N2	0.1686	0.1686	0.07016	2	0.05225	0.05435
gain	88	S6	0.1959	0.1959	0	0	0.0612	0.06445
gain	89	N2	0.1686	0.1686	0.07016	2	0.05225	0.05435
gain	89	S6	0.1959	0.1959	0	0	0.0612	0.06445
gain	90	N2	0.1686	0.1686	0.07016	2	0.05225	0.05435
gain	90	S6	0.1959	0.1959	0	0	0.0612	0.06445
gain	91	N2	0.1686	0.1686	0.07016	2	0.4094	0.4211
loss	91	N2	0.1686	0.1686	0.07016	2	0.07512	0.07752
gain	91	N3	0.06772	0.2364	0.002442	1	0.0523	0.05269
gain	91	N5	0.08146	0.2501	0.003067	1	0.05815	0.05874
gain	91	S6	0.1959	0.1959	0	0	0.07835	0.08108
loss	91	S6	0.1959	0.1959	0	0	0.6676	0.6994
gain	92	N2	0.1686	0.1686	0.07016	2	0.05225	0.05435
gain	92	S6	0.1959	0.1959	0	0	0.0612	0.06445
gain	93	N2	0.1686	0.1686	0.07016	2	0.05225	0.05435
gain	93	S6	0.1959	0.1959	0	0	0.0612	0.06445
gain	94	N2	0.1686	0.1686	0.07016	2	0.05225	0.05435
gain	94	S6	0.1959	0.1959	0	0	0.0612	0.06445
gain	95	N2	0.1686	0.1686	0.07016	2	0.05225	0.05435
gain	95	S6	0.1959	0.1959	0	0	0.0612	0.06445
gain	96	N2	0.1686	0.1686	0.07016	2	0.05225	0.05435
gain	96	S6	0.1959	0.1959	0	0	0.0612	0.06445
gain	97	N2	0.1686	0.1686	0.07016	2	0.05225	0.05435
gain	97	S6	0.1959	0.1959	0	0	0.0612	0.06445
gain	98	N2	0.1686	0.1686	0.07016	2	0.4094	0.4211
loss	98	N2	0.1686	0.1686	0.07016	2	0.07512	0.07752
gain	98	N3	0.06772	0.2364	0.002442	1	0.0523	0.05269
gain	98	N5	0.08146	0.2501	0.003067	1	0.05815	0.05874
gain	98	S6	0.1959	0.1959	0	0	0.07835	0.08108
loss	98	S6	0.1959	0.1959	0	0	0.6676	0.6994
gain	99	N2	0.1686	0.1686	0.07016	2	0.05225	0.05435
gain	99	S6	0.1959	0.1959	0	0	0.0612	0.06445
gain	100	N2	0.1686	0.1686	0.07016	2	0.05225	0.05435
gain	100	S6	0.1959	0.1959	0	0	0.0612	0.06445
gain	101	N2	0.1686	0.1686	0.07016	2	0.4094	0.4211
loss	101	N2	0.1686	0.1686	0.07016	2	0.07512	0.07752
gain	101	N3	0.06772	0.2364	0.002442	1	0.0523	0.05269
gain	101	N5	0.08146	0.2501	0.003067	1	0.05815	0.05874
gain	101	S6	0.1959	0.1959	0	0	0.07835	0.08108
loss	101	S6	0.1959	0.1959	0	0	0.6676	0.6994
gain	102	N2	0.1686	0.1686	0.07016	2	0.06261	0.0651
loss	102	N2	0.1686	0.1686	0.07016	2	0.08783	0.09092
gain	102	S6	0.1959	0.1959	0	0	0.112	0.1174
gain	103	N2	0.1686	0.1686	0.07016	2	0.05225	0.05435
gain	103	S6	0.1959	0.1959	0	0	0.0612	0.06445
gain	104	N2	0.1686	0.1686	0.07016	2	0.05225	0.05435
gain	104	S6	0.1959	0.1959	0	0	0.0612	0.06445
gain	105	N2	0.1686	0.1686	0.07016	2	0.05225	0.05435
gain	105	S6	0.1959	0.1959	0	0	0.0612	0.06445
gain	106	N2	0.1686	0.1686	0.07016	2	0.05225	0.05435
gain	106	S6	0.1959	0.1959	0	0	0.0612	0.06445
gain	107	N2	0.1686	0.1686	0.07016	2	0.05225	0.05435
gain	107	S6	0.1959	0.1959	0	0	0.0612	0.06445
gain	108	N2	0.1686	0.1686	0.07016	2	0.05225	0.05435
gain	108	S6	0.1959	0.1959	0	0	0.0612	0.06445
gain	109	N2	0.1686	0.1686	0.07016	2	0.05528	0.05691
loss	109	N2	0.1686	0.1686	0.07016	2	0.5607	0.5769
loss	109	N3	0.06772	0.2364	0.002442	1	0.05529	0.05573
loss	109	N5	0.08146	0.2501	0.003067	1	0.06121	0.06188
gain	109	S6	0.1959	0.1959	0	0	0.4867	0.5013
loss	109	S6	0.1959	0.1959	0	0	0.06158	0.06368
gain	110	N2	0.1686	0.1686	0.07016	2	0.08604	0.08906
gain	110	S6	0.1959	0.1959	0	0	0.06282	0.06602
loss	110	S6	0.1959	0.1959	0	0	0.09042	0.09436
gain	111	N2	0.1686	0.1686	0.07016	2	0.05225	0.05435
gain	111	S6	0.1959	0.1959	0	0	0.0612	0.06445
gain	112	N2	0.1686	0.1686	0.07016	2	0.05225	0.05435
gain	112	S6	0.1959	0.1959	0	0	0.0612	0.06445
gain	113	N2	0.1686	0.1686	0.07016	2	0.05225	0.05435
gain	113	S6	0.1959	0.1959	0	0	0.0612	0.06445
gain	114	N2	0.1686	0.1686	0.07016	2	0.05225	0.05435
gain	114	S6	0.1959	0.1959	0	0	0.0612	0.06445
gain	115	N2	0.1686	0.1686	0.07016	2	0.05225	0.05435
gain	115	S6	0.1959	0.1959	0	0	0.0612	0.06445
gain	116	N2	0.1686	0.1686	0.07016	2	0.05225	0.05435
gain	116	S6	0.1959	0.1959	0	0	0.0612	0.06445
gain	117	N2	0.1686	0.1686	0.07016	2	0.05225	0.05435
gain	117	S6	0.1959	0.1959	0	0	0.0612	0.06445
gain	118	N2	0.1686	0.1686	0.07016	2	0.05225	0.05435
gain	118	S6	0.1959	0.1959	0	0	0.0612	0.06445
gain	119	N2	0.1686	0.1686	0.07016	2	0.05225	0.05435
gain	119	S6	0.1959	0.1959	0	0	0.0612	0.06445
gain	120	N2	0.1686	0.1686	0.07016	2	0.05225	0.05435
gain	120	S6	0.1959	0.1959	0	0	0.0612	0.06445
gain	121	N2	0.1686	0.1686	0.07016	2	0.4094	0.4211
loss	121	N2	0.1686	0.1686	0.07016	2	0.07512	0.07752
gain	121	N3	0.06772	0.2364	0.002442	1	0.0523	0.05269
gain	121	N5	0.08146	0.2501	0.003067	1	0.05815	0.05874
gain	121	S6	0.1959	0.1959	0	0	0.07835	0.08108
loss	121	S6	0.1959	0.1959	0	0	0.6676	0.6994
gain	122	N2	0.1686	0.1686	0.07016	2	0.05225	0.05435
gain	122	S6	0.1959	0.1959	0	0	0.0612	0.06445
gain	123	N2	0.1686	0.1686	0.07016	2	0.05225	0.05435
gain	123	S6	0.1959	0.1959	0	0	0.0612	0.06445
gain	124	N2	0.1686	0.1686	0.07016	2	0.05225	0.05435
gain	124	S6	0.1959	0.1959	0	0	0.0612	0.06445
gain	125	N2	0.1686	0.1686	0.07016	2	0.05225	0.05435
gain	125	S6	0.1959	0.1959	0	0	0.0612	0.06445
gain	126	N2	0.1686	0.1686	0.07016	2	0.2088	0.2175
loss	126	N2	0.1686	0.1686	0.07016	2	0.1797	0.1877
gain	126	N3	0.06772	0.2364	0.002442	1	0.5976	0.6004
loss	126	N5	0.08146	0.2501	0.003067	1	0.4239	0.4289
gain	126	S6	0.1959	0.1959	0	0	0.09881	0.1024
loss	126	S6	0.1959	0.1959	0	0	0.4541	0.4841
gain	127	N2	0.1686	0.1686	0.07016	2	0.05225	0.05435
gain	127	S6	0.1959	0.1959	0	0	0.0612	0.06445
gain	128	N2	0.1686	0.1686	0.07016	2	0.05225	0.05435
gain	128	S6	0.1959	0.1959	0	0	0.0612	0.06445
gain	129	N2	0.1686	0.1686	0.07016	2	0.2088	0.2175
loss	129	N2	0.1686	0.1686	0.07016	2	0.1797	0.1877
gain	129	N3	0.06772	0.2364	0.002442	1	0.5976	0.6004
loss	129	N5	0.08146	0.2501	0.003067	1	0.4239	0.4289
gain	129	S6	0.1959	0.1959	0	0	0.09881	0.1024
loss	129	S6	0.1959	0.1959	0	0	0.4541	0.4841
gain	130	N2	0.1686	0.1686	0.07016	2	0.3676	0.3786
loss	130	N2	0.1686	0.1686	0.07016	2	0.09778	0.1014
loss	130	N3	0.06772	0.2364	0.002442	1	0.0752	0.07578
gain	130	N5	0.08146	0.2501	0.003067	1	0.1723	0.1736
gain	130	S6	0.1959	0.1959	0	0	0.08254	0.08545
loss	130	S6	0.1959	0.1959	0	0	0.6231	0.6544
gain	131	N2	0.1686	0.1686	0.07016	2	0.06261	0.0651
loss	131	N2	0.1686	0.1686	0.07016	2	0.08783	0.09092
gain	131	S6	0.1959	0.1959	0	0	0.112	0.1174
gain	132	N2	0.1686	0.1686	0.07016	2	0.05225	0.05435
gain	132	S6	0.1959	0.1959	0	0	0.0612	0.06445
gain	133	N2	0.1686	0.1686	0.07016	2	0.05225	0.05435
gain	133	S6	0.1959	0.1959	0	0	0.0612	0.06445
gain	134	N2	0.1686	0.1686	0.07016	2	0.4094	0.4211
loss	134	N2	0.1686	0.1686	0.07016	2	0.07512	0.07752
gain	134	N3	0.06772	0.2364	0.002442	1	0.0523	0.05269
gain	134	N5	0.08146	0.2501	0.003067	1	0.05815	0.05874
gain	134	S6	0.1959	0.1959	0	0	0.07835	0.08108
loss	134	S6	0.1959	0.1959	0	0	0.6676	0.6994
gain	135	N2	0.1686	0.1686	0.07016	2	0.05225	0.05435
gain	135	S6	0.1959	0.1959	0	0	0.0612	0.06445
gain	136	N2	0.1686	0.1686	0.07016	2	0.4094	0.4211
loss	136	N2	0.1686	0.1686	0.07016	2	0.07512	0.07752
gain	136	N3	0.06772	0.2364	0.002442	1	0.0523	0.05269
gain	136	N5	0.08146	0.2501	0.003067	1	0.05815	0.05874
gain	136	S6	0.1959	0.1959	0	0	0.07835	0.08108
loss	136	S6	0.1959	0.1959	0	0	0.6676	0.6994
gain	137	N2	0.1686	0.1686	0.07016	2	0.06261	0.0651
loss	137	N2	0.1686	0.1686	0.07016	2	0.08783	0.09092
gain	137	S6	0.1959	0.1959	0	0	0.112	0.1174
gain	138	N2	0.1686	0.1686	0.07016	2	0.05225	0.05435
gain	138	S6	0.1959	0.1959	0	0	0.0612	0.06445
gain	139	N2	0.1686	0.1686	0.07016	2	0.4094	0.4211
loss	139	N2	0.1686	0.1686	0.07016	2	0.07512	0.07752
gain	139	N3	0.06772	0.2364	0.002442	1	0.0523	0.05269
gain	139	N5	0.08146	0.2501	0.003067	1	0.05815	0.05874
gain	139	S6	0.1959	0.1959	0	0	0.07835	0.08108
loss	139	S6	0.1959	0.1959	0	0	0.6676	0.6994
gain	140	N2	0.1686	0.1686	0.07016	2	0.05225	0.05435
gain	140	S6	0.1959	0.1959	0	0	0.0612	0.06445
gain	141	N2	0.1686	0.1686	0.07016	2	0.05225	0.05435
gain	141	S6	0.1959	0.1959	0	0	0.0612	0.06445
gain	142	N2	0.1686	0.1686	0.07016	2	0.09115	0.09438
loss	142	N2	0.1686	0.1686	0.07016	2	0.2286	0.2398
loss	142	N3	0.06772	0.2364	0.002442	1	0.08661	0.08737
gain	142	N5	0.08146	0.2501	0.003067	1	0.07643	0.07723
loss	142	S1	0.003067	0.2532	0	0	0.1023	0.1023
gain	142	S2	0.004728	0.2548	0	0	0.8977	0.8978
gain	142	S6	0.1959	0.1959	0	0	0.09027	0.09364
loss	142	S6	0.1959	0.1959	0	0	0.2927	0.3122
gain	143	N2	0.1686	0.1686	0.07016	2	0.1785	0.1857
loss	143	N2	0.1686	0.1686	0.07016	2	0.1938	0.2027
loss	143	N3	0.06772	0.2364	0.002442	1	0.3329	0.3356
gain	143	N5	0.08146	0.2501	0.003067	1	0.665	0.6694
gain	143	S6	0.1959	0.1959	0	0	0.09696	0.1005
loss	143	S6	0.1959	0.1959	0	0	0.4132	0.4405
gain	144	N2	0.1686	0.1686	0.07016	2	0.3746	0.3859
loss	144	N2	0.1686	0.1686	0.07016	2	0.09412	0.09754
gain	144	N3	0.06772	0.2364	0.002442	1	0.147	0.1478
gain	144	N5	0.08146	0.2501	0.003067	1	0.05132	0.05183
loss	144	N5	0.08146	0.2501	0.003067	1	0.09177	0.09278
gain	144	S6	0.1959	0.1959	0	0	0.08251	0.08541
loss	144	S6	0.1959	0.1959	0	0	0.6317	0.6634
gain	145	N2	0.1686	0.1686	0.07016	2	0.06261	0.0651
loss	145	N2	0.1686	0.1686	0.07016	2	0.08783	0.09092
gain	145	S6	0.1959	0.1959	0	0	0.112	0.1174
gain	146	N2	0.1686	0.1686	0.07016	2	0.06261	0.0651
loss	146	N2	0.1686	0.1686	0.07016	2	0.08783	0.09092
gain	146	S6	0.1959	0.1959	0	0	0.112	0.1174
gain	147	N2	0.1686	0.1686	0.07016	2	0.05269	0.05481
gain	147	S6	0.1959	0.1959	0	0	0.06181	0.06509
gain	148	N2	0.1686	0.1686	0.07016	2	0.05225	0.05435
gain	148	S6	0.1959	0.1959	0	0	0.0612	0.06445
gain	149	N2	0.1686	0.1686	0.07016	2	0.05225	0.05435
gain	149	S6	0.1959	0.1959	0	0	0.0612	0.06445
gain	150	N2	0.1686	0.1686	0.07016	2	0.05225	0.05435
gain	150	S6	0.1959	0.1959	0	0	0.0612	0.06445
gain	151	N2	0.1686	0.1686	0.07016	2	0.05225	0.05435
gain	151	S6	0.1959	0.1959	0	0	0.0612	0.06445
gain	152	N2	0.1686	0.1686	0.07016	2	0.05225	0.05435
gain	152	S6	0.1959	0.1959	0	0	0.0612	0.06445
gain	153	N2	0.1686	0.1686	0.07016	2	0.4094	0.4211
loss	153	N2	0.1686	0.1686	0.07016	2	0.07512	0.07752
gain	153	N3	0.06772	0.2364	0.002442	1	0.0523	0.05269
gain	153	N5	0.08146	0.2501	0.003067	1	0.05815	0.05874
gain	153	S6	0.1959	0.1959	0	0	0.07835	0.08108
loss	153	S6	0.1959	0.1959	0	0	0.6676	0.6994
gain	154	N2	0.1686	0.1686	0.07016	2	0.06261	0.0651
loss	154	N2	0.1686	0.1686	0.07016	2	0.08783	0.09092
gain	154	S6	0.1959	0.1959	0	0	0.112	0.1174
gain	155	N2	0.1686	0.1686	0.07016	2	0.4094	0.4211
loss	155	N2	0.1686	0.1686	0.07016	2	0.07512	0.07752
gain	155	N3	0.06772	0.2364	0.002442	1	0.0523	0.05269
gain	155	N5	0.08146	0.2501	0.003067	1	0.05815	0.05874
gain	155	S6	0.1959	0.1959	0	0	0.07835	0.08108
loss	155	S6	0.1959	0.1959	0	0	0.6676	0.6994
gain	156	N2	0.1686	0.1686	0.07016	2	0.05225	0.05435
gain	156	S6	0.1959	0.1959	0	0	0.0612	0.06445
gain	157	N2	0.1686	0.1686	0.07016	2	0.05528	0.05691
loss	157	N2	0.1686	0.1686	0.07016	2	0.5607	0.5769
loss	157	N3	0.06772	0.2364	0.002442	1	0.05529	0.05573
loss	157	N5	0.08146	0.2501	0.003067	1	0.06121	0.06188
gain	157	S6	0.1959	0.1959	0	0	0.4867	0.5013
loss	157	S6	0.1959	0.1959	0	0	0.06158	0.06368
gain	158	N2	0.1686	0.1686	0.07016	2	0.08604	0.08906
gain	158	S6	0.1959	0.1959	0	0	0.06282	0.06602
loss	158	S6	0.1959	0.1959	0	0	0.09042	0.09436
gain	159	N2	0.1686	0.1686	0.07016	2	0.08604	0.08906
gain	159	S6	0.1959	0.1959	0	0	0.06282	0.06602
loss	159	S6	0.1959	0.1959	0	0	0.09042	0.09436
gain	160	N2	0.1686	0.1686	0.07016	2	0.1694	0.1764
loss	160	N2	0.1686	0.1686	0.07016	2	0.2446	0.2555
gain	160	N3	0.06772	0.2364	0.002442	1	0.4133	0.416
loss	160	N5	0.08146	0.2501	0.003067	1	0.61	0.6162
gain	160	S6	0.1959	0.1959	0	0	0.2367	0.2497
loss	160	S6	0.1959	0.1959	0	0	0.2096	0.2212
gain	161	N2	0.1686	0.1686	0.07016	2	0.05225	0.05435
gain	161	S6	0.1959	0.1959	0	0	0.0612	0.06445
gain	162	N2	0.1686	0.1686	0.07016	2	0.05225	0.05435
gain	162	S6	0.1959	0.1959	0	0	0.0612	0.06445
gain	163	N2	0.1686	0.1686	0.07016	2	0.05225	0.05435
gain	163	S6	0.1959	0.1959	0	0	0.0612	0.06445
gain	164	N2	0.1686	0.1686	0.07016	2	0.05225	0.05435
gain	164	S6	0.1959	0.1959	0	0	0.0612	0.06445
gain	165	N2	0.1686	0.1686	0.07016	2	0.1154	0.1193
loss	165	N2	0.1686	0.1686	0.07016	2	0.5746	0.6022
loss	165	N3	0.06772	0.2364	0.002442	1	0.1842	0.1858
gain	165	N5	0.08146	0.2501	0.003067	1	0.1142	0.1155
loss	165	N5	0.08146	0.2501	0.003067	1	0.09309	0.09416
loss	165	S1	0.003067	0.2532	0	0	0.1839	0.1839
gain	165	S2	0.004728	0.2548	0	0	0.8162	0.8162
gain	165	S6	0.1959	0.1959	0	0	0.4489	0.4747
loss	165	S6	0.1959	0.1959	0	0	0.116	0.1201
gain	166	N2	0.1686	0.1686	0.07016	2	0.1559	0.1622
loss	166	N2	0.1686	0.1686	0.07016	2	0.2837	0.2967
loss	166	N3	0.06772	0.2364	0.002442	1	0.5123	0.5159
gain	166	N5	0.08146	0.2501	0.003067	1	0.4958	0.5005
gain	166	S6	0.1959	0.1959	0	0	0.2499	0.2636
loss	166	S6	0.1959	0.1959	0	0	0.205	0.2163
gain	167	N2	0.1686	0.1686	0.07016	2	0.09212	0.09543
gain	167	S6	0.1959	0.1959	0	0	0.07469	0.07856
loss	167	S6	0.1959	0.1959	0	0	0.09883	0.1033
gain	168	N2	0.1686	0.1686	0.07016	2	0.08657	0.08962
gain	168	S6	0.1959	0.1959	0	0	0.06342	0.06666
loss	168	S6	0.1959	0.1959	0	0	0.091	0.09498
gain	169	N2	0.1686	0.1686	0.07016	2	0.4094	0.4211
loss	169	N2	0.1686	0.1686	0.07016	2	0.07512	0.07752
gain	169	N3	0.06772	0.2364	0.002442	1	0.0523	0.05269
gain	169	N5	0.08146	0.2501	0.003067	1	0.05815	0.05874
gain	169	S6	0.1959	0.1959	0	0	0.07835	0.08108
loss	169	S6	0.1959	0.1959	0	0	0.6676	0.6994
gain	170	N2	0.1686	0.1686	0.07016	2	0.05225	0.05435
gain	170	S6	0.1959	0.1959	0	0	0.0612	0.06445
gain	171	N2	0.1686	0.1686	0.07016	2	0.05225	0.05435
gain	171	S6	0.1959	0.1959	0	0	0.0612	0.06445
gain	172	N2	0.1686	0.1686	0.07016	2	0.05225	0.05435
gain	172	S6	0.1959	0.1959	0	0	0.0612	0.06445
gain	173	N2	0.1686	0.1686	0.07016	2	0.05225	0.05435
gain	173	S6	0.1959	0.1959	0	0	0.0612	0.06445
gain	174	N2	0.1686	0.1686	0.07016	2	0.2088	0.2175
loss	174	N2	0.1686	0.1686	0.07016	2	0.1797	0.1877
gain	174	N3	0.06772	0.2364	0.002442	1	0.5976	0.6004
loss	174	N5	0.08146	0.2501	0.003067	1	0.4239	0.4289
gain	174	S6	0.1959	0.1959	0	0	0.09881	0.1024
loss	174	S6	0.1959	0.1959	0	0	0.4541	0.4841
gain	175	N2	0.1686	0.1686	0.07016	2	0.3676	0.3786
loss	175	N2	0.1686	0.1686	0.07016	2	0.09778	0.1014
loss	175	N3	0.06772	0.2364	0.002442	1	0.0752	0.07578
gain	175	N5	0.08146	0.2501	0.003067	1	0.1723	0.1736
gain	175	S6	0.1959	0.1959	0	0	0.08254	0.08545
loss	175	S6	0.1959	0.1959	0	0	0.6231	0.6544
gain	176	N2	0.1686	0.1686	0.07016	2	0.05225	0.05435
gain	176	S6	0.1959	0.1959	0	0	0.0612	0.06445
gain	177	N2	0.1686	0.1686	0.07016	2	0.05225	0.05435
gain	177	S6	0.1959	0.1959	0	0	0.0612	0.06445
gain	178	N2	0.1686	0.1686	0.07016	2	0.4094	0.4211
loss	178	N2	0.1686	0.1686	0.07016	2	0.07512	0.07752
gain	178	N3	0.06772	0.2364	0.002442	1	0.0523	0.05269
gain	178	N5	0.08146	0.2501	0.003067	1	0.05815	0.05874
gain	178	S6	0.1959	0.1959	0	0	0.07835	0.08108
loss	178	S6	0.1959	0.1959	0	0	0.6676	0.6994
gain	179	N2	0.1686	0.1686	0.07016	2	0.05225	0.05435
gain	179	S6	0.1959	0.1959	0	0	0.0612	0.06445
gain	180	N2	0.1686	0.1686	0.07016	2	0.05225	0.05435
gain	180	S6	0.1959	0.1959	0	0	0.0612	0.06445
gain	181	N2	0.1686	0.1686	0.07016	2	0.05225	0.05435
gain	181	S6	0.1959	0.1959	0	0	0.0612	0.06445
gain	182	N2	0.1686	0.1686	0.07016	2	0.05225	0.05435
gain	182	S6	0.1959	0.1959	0	0	0.0612	0.06445
gain	183	N2	0.1686	0.1686	0.07016	2	0.4094	0.4211
loss	183	N2	0.1686	0.1686	0.07016	2	0.07512	0.07752
gain	183	N3	0.06772	0.2364	0.002442	1	0.0523	0.05269
gain	183	N5	0.08146	0.2501	0.003067	1	0.05815	0.05874
gain	183	S6	0.1959	0.1959	0	0	0.07835	0.08108
loss	183	S6	0.1959	0.1959	0	0	0.6676	0.6994
gain	184	N2	0.1686	0.1686	0.07016	2	0.1459	0.1517
loss	184	N2	0.1686	0.1686	0.07016	2	0.3207	0.3353
loss	184	N3	0.06772	0.2364	0.002442	1	0.6027	0.6068
gain	184	N5	0.08146	0.2501	0.003067	1	0.4227	0.4275
gain	184	S6	0.1959	0.1959	0	0	0.3182	0.3365
loss	184	S6	0.1959	0.1959	0	0	0.1084	0.1123
gain	185	N2	0.1686	0.1686	0.07016	2	0.05225	0.05435
gain	185	S6	0.1959	0.1959	0	0	0.0612	0.06445
gain	186	N2	0.1686	0.1686	0.07016	2	0.05225	0.05435
gain	186	S6	0.1959	0.1959	0	0	0.0612	0.06445
gain	187	N2	0.1686	0.1686	0.07016	2	0.05225	0.05435
gain	187	S6	0.1959	0.1959	0	0	0.0612	0.06445
gain	188	N2	0.1686	0.1686	0.07016	2	0.05225	0.05435
gain	188	S6	0.1959	0.1959	0	0	0.0612	0.06445
gain	189	N2	0.1686	0.1686	0.07016	2	0.07352	0.07586
loss	189	N2	0.1686	0.1686	0.07016	2	0.2225	0.2334
gain	189	S4	0.001831	0.2423	0	0	0.9962	0.9962
loss	189	N5	0.08146	0.2501	0.003067	1	0.05074	0.05132
gain	189	S6	0.1959	0.1959	0	0	0.08426	0.0874
loss	189	S6	0.1959	0.1959	0	0	0.2593	0.2763
gain	190	N2	0.1686	0.1686	0.07016	2	0.05238	0.05449
gain	190	S6	0.1959	0.1959	0	0	0.06136	0.06462
gain	191	N2	0.1686	0.1686	0.07016	2	0.05238	0.05449
gain	191	S6	0.1959	0.1959	0	0	0.06136	0.06462
gain	192	N2	0.1686	0.1686	0.07016	2	0.05238	0.05449
gain	192	S6	0.1959	0.1959	0	0	0.06136	0.06462
gain	193	N2	0.1686	0.1686	0.07016	2	0.3602	0.3767
loss	193	N2	0.1686	0.1686	0.07016	2	0.1572	0.1634
gain	193	N3	0.06772	0.2364	0.002442	1	0.1959	0.1975
gain	193	N5	0.08146	0.2501	0.003067	1	0.06601	0.06671
loss	193	N5	0.08146	0.2501	0.003067	1	0.1862	0.1886
gain	193	S1	0.003067	0.2532	0	0	0.2986	0.2986
loss	193	S2	0.004728	0.2548	0	0	0.7015	0.7015
gain	193	S6	0.1959	0.1959	0	0	0.1266	0.1311
loss	193	S6	0.1959	0.1959	0	0	0.6935	0.7412
gain	194	N2	0.1686	0.1686	0.07016	2	0.3653	0.3764
loss	194	N2	0.1686	0.1686	0.07016	2	0.09937	0.1031
loss	194	N3	0.06772	0.2364	0.002442	1	0.07494	0.07552
gain	194	N5	0.08146	0.2501	0.003067	1	0.1708	0.1721
gain	194	S6	0.1959	0.1959	0	0	0.08293	0.08586
loss	194	S6	0.1959	0.1959	0	0	0.621	0.6523
gain	195	N2	0.1686	0.1686	0.07016	2	0.06261	0.0651
loss	195	N2	0.1686	0.1686	0.07016	2	0.08783	0.09092
gain	195	S6	0.1959	0.1959	0	0	0.112	0.1174
gain	196	N2	0.1686	0.1686	0.07016	2	0.06261	0.0651
loss	196	N2	0.1686	0.1686	0.07016	2	0.08783	0.09092
gain	196	S6	0.1959	0.1959	0	0	0.112	0.1174
