# print count over countCutOffLow=0.1 to countCutOffHigh=0.9 with increment=0.05
POS	prob01	prob10	exp01	exp10	prob01_Rec	prob10_Rec	exp01_Rec	exp10_Rec	prob01_Anc	prob10_Anc	exp01_Anc	exp10_Anc	count01_0.1	count10_0.1	count01_0.15	count10_0.15	count01_0.2	count10_0.2	count01_0.25	count10_0.25	count01_0.3	count10_0.3	count01_0.35	count10_0.35	count01_0.4	count10_0.4	count01_0.45	count10_0.45	count01_0.5	count10_0.5	count01_0.55	count10_0.55	count01_0.6	count10_0.6	count01_0.65	count10_0.65	count01_0.7	count10_0.7	count01_0.75	count10_0.75	count01_0.8	count10_0.8	count01_0.85	count10_0.85	count01_0.9	count10_0.9	
1	0.1883	0.1431	0.195	0.1483	0.06464	0.09475	0.06788	0.09874	0.1237	0.04836	0.1271	0.04952	0	0	0	0	0	0	0	0	0	0	0	0	0	0	0	0	0	0	0	0	0	0	0	0	0	0	0	0	0	0	0	0	0	0	
2	1.382	0.9929	1.404	1.026	1.158	0.3395	1.175	0.35	0.2244	0.6533	0.2292	0.6764	3	4	2	3	2	1	2	1	2	1	1	1	1	1	1	0	1	0	1	0	1	0	1	0	1	0	1	0	1	0	0	0	0	0	
3	1.44	0.797	1.459	0.8298	1.292	0.1884	1.309	0.198	0.1473	0.6085	0.1504	0.6318	2	2	2	2	2	1	2	1	2	1	1	1	1	1	1	0	1	0	1	0	1	0	1	0	1	0	1	0	1	0	1	0	1	0	
4	0.575	0.7391	0.5914	0.7585	0.4868	0.06179	0.5015	0.06389	0.08814	0.6773	0.08996	0.6946	1	1	1	1	1	1	1	1	1	1	1	1	1	1	1	1	0	1	0	1	0	0	0	0	0	0	0	0	0	0	0	0	0	0	
5	0.1857	0.1386	0.1922	0.1437	0.0631	0.09136	0.06631	0.09531	0.1226	0.04722	0.1259	0.04834	0	0	0	0	0	0	0	0	0	0	0	0	0	0	0	0	0	0	0	0	0	0	0	0	0	0	0	0	0	0	0	0	0	0	
6	0.9307	1.025	0.9555	1.053	0.2556	0.206	0.2693	0.2173	0.6751	0.8192	0.6862	0.8358	3	3	3	3	2	3	1	2	1	1	1	1	1	1	1	1	1	1	0	0	0	0	0	0	0	0	0	0	0	0	0	0	0	0	
7	0.1853	0.1376	0.1919	0.1426	0.06295	0.09048	0.06615	0.09442	0.1224	0.0471	0.1257	0.04822	0	0	0	0	0	0	0	0	0	0	0	0	0	0	0	0	0	0	0	0	0	0	0	0	0	0	0	0	0	0	0	0	0	0	
8	0.1853	0.1376	0.1919	0.1426	0.06295	0.09048	0.06615	0.09442	0.1224	0.0471	0.1257	0.04822	0	0	0	0	0	0	0	0	0	0	0	0	0	0	0	0	0	0	0	0	0	0	0	0	0	0	0	0	0	0	0	0	0	0	
9	0.1421	0.07064	0.1477	0.07263	0.06131	0.03015	0.06456	0.03117	0.08082	0.04049	0.08319	0.04146	0	0	0	0	0	0	0	0	0	0	0	0	0	0	0	0	0	0	0	0	0	0	0	0	0	0	0	0	0	0	0	0	0	0	
10	0.1421	0.07064	0.1477	0.07263	0.06131	0.03015	0.06456	0.03117	0.08082	0.04049	0.08319	0.04146	0	0	0	0	0	0	0	0	0	0	0	0	0	0	0	0	0	0	0	0	0	0	0	0	0	0	0	0	0	0	0	0	0	0	
11	0.1421	0.07064	0.1477	0.07263	0.06131	0.03015	0.06456	0.03117	0.08082	0.04049	0.08319	0.04146	0	0	0	0	0	0	0	0	0	0	0	0	0	0	0	0	0	0	0	0	0	0	0	0	0	0	0	0	0	0	0	0	0	0	
12	0.575	0.7391	0.5914	0.7585	0.4868	0.06179	0.5015	0.06389	0.08814	0.6773	0.08996	0.6946	1	1	1	1	1	1	1	1	1	1	1	1	1	1	1	1	0	1	0	1	0	0	0	0	0	0	0	0	0	0	0	0	0	0	
13	0.1853	0.1376	0.1919	0.1426	0.06295	0.09048	0.06615	0.09442	0.1224	0.0471	0.1257	0.04822	0	0	0	0	0	0	0	0	0	0	0	0	0	0	0	0	0	0	0	0	0	0	0	0	0	0	0	0	0	0	0	0	0	0	
14	0.1421	0.07064	0.1477	0.07263	0.06131	0.03015	0.06456	0.03117	0.08082	0.04049	0.08319	0.04146	0	0	0	0	0	0	0	0	0	0	0	0	0	0	0	0	0	0	0	0	0	0	0	0	0	0	0	0	0	0	0	0	0	0	
15	0.1421	0.07064	0.1477	0.07263	0.06131	0.03015	0.06456	0.03117	0.08082	0.04049	0.08319	0.04146	0	0	0	0	0	0	0	0	0	0	0	0	0	0	0	0	0	0	0	0	0	0	0	0	0	0	0	0	0	0	0	0	0	0	
16	0.1421	0.07064	0.1477	0.07263	0.06131	0.03015	0.06456	0.03117	0.08082	0.04049	0.08319	0.04146	0	0	0	0	0	0	0	0	0	0	0	0	0	0	0	0	0	0	0	0	0	0	0	0	0	0	0	0	0	0	0	0	0	0	
17	0.1421	0.07064	0.1477	0.07263	0.06131	0.03015	0.06456	0.03117	0.08082	0.04049	0.08319	0.04146	0	0	0	0	0	0	0	0	0	0	0	0	0	0	0	0	0	0	0	0	0	0	0	0	0	0	0	0	0	0	0	0	0	0	
18	0.1421	0.07064	0.1477	0.07263	0.06131	0.03015	0.06456	0.03117	0.08082	0.04049	0.08319	0.04146	0	0	0	0	0	0	0	0	0	0	0	0	0	0	0	0	0	0	0	0	0	0	0	0	0	0	0	0	0	0	0	0	0	0	
19	0.1421	0.07064	0.1477	0.07263	0.06131	0.03015	0.06456	0.03117	0.08082	0.04049	0.08319	0.04146	0	0	0	0	0	0	0	0	0	0	0	0	0	0	0	0	0	0	0	0	0	0	0	0	0	0	0	0	0	0	0	0	0	0	
20	0.575	0.7391	0.5914	0.7585	0.4868	0.06179	0.5015	0.06389	0.08814	0.6773	0.08996	0.6946	1	1	1	1	1	1	1	1	1	1	1	1	1	1	1	1	0	1	0	1	0	0	0	0	0	0	0	0	0	0	0	0	0	0	
21	0.1421	0.07064	0.1477	0.07263	0.06131	0.03015	0.06456	0.03117	0.08082	0.04049	0.08319	0.04146	0	0	0	0	0	0	0	0	0	0	0	0	0	0	0	0	0	0	0	0	0	0	0	0	0	0	0	0	0	0	0	0	0	0	
22	0.1421	0.07064	0.1477	0.07263	0.06131	0.03015	0.06456	0.03117	0.08082	0.04049	0.08319	0.04146	0	0	0	0	0	0	0	0	0	0	0	0	0	0	0	0	0	0	0	0	0	0	0	0	0	0	0	0	0	0	0	0	0	0	
23	0.1421	0.07064	0.1477	0.07263	0.06131	0.03015	0.06456	0.03117	0.08082	0.04049	0.08319	0.04146	0	0	0	0	0	0	0	0	0	0	0	0	0	0	0	0	0	0	0	0	0	0	0	0	0	0	0	0	0	0	0	0	0	0	
24	0.1421	0.07064	0.1477	0.07263	0.06131	0.03015	0.06456	0.03117	0.08082	0.04049	0.08319	0.04146	0	0	0	0	0	0	0	0	0	0	0	0	0	0	0	0	0	0	0	0	0	0	0	0	0	0	0	0	0	0	0	0	0	0	
25	0.1421	0.07064	0.1477	0.07263	0.06131	0.03015	0.06456	0.03117	0.08082	0.04049	0.08319	0.04146	0	0	0	0	0	0	0	0	0	0	0	0	0	0	0	0	0	0	0	0	0	0	0	0	0	0	0	0	0	0	0	0	0	0	
26	0.575	0.7391	0.5914	0.7585	0.4868	0.06179	0.5015	0.06389	0.08814	0.6773	0.08996	0.6946	1	1	1	1	1	1	1	1	1	1	1	1	1	1	1	1	0	1	0	1	0	0	0	0	0	0	0	0	0	0	0	0	0	0	
27	0.1421	0.07064	0.1477	0.07263	0.06131	0.03015	0.06456	0.03117	0.08082	0.04049	0.08319	0.04146	0	0	0	0	0	0	0	0	0	0	0	0	0	0	0	0	0	0	0	0	0	0	0	0	0	0	0	0	0	0	0	0	0	0	
28	0.1421	0.07064	0.1477	0.07263	0.06131	0.03015	0.06456	0.03117	0.08082	0.04049	0.08319	0.04146	0	0	0	0	0	0	0	0	0	0	0	0	0	0	0	0	0	0	0	0	0	0	0	0	0	0	0	0	0	0	0	0	0	0	
29	0.1421	0.07064	0.1477	0.07263	0.06131	0.03015	0.06456	0.03117	0.08082	0.04049	0.08319	0.04146	0	0	0	0	0	0	0	0	0	0	0	0	0	0	0	0	0	0	0	0	0	0	0	0	0	0	0	0	0	0	0	0	0	0	
30	0.1421	0.07064	0.1477	0.07263	0.06131	0.03015	0.06456	0.03117	0.08082	0.04049	0.08319	0.04146	0	0	0	0	0	0	0	0	0	0	0	0	0	0	0	0	0	0	0	0	0	0	0	0	0	0	0	0	0	0	0	0	0	0	
31	0.1421	0.07064	0.1477	0.07263	0.06131	0.03015	0.06456	0.03117	0.08082	0.04049	0.08319	0.04146	0	0	0	0	0	0	0	0	0	0	0	0	0	0	0	0	0	0	0	0	0	0	0	0	0	0	0	0	0	0	0	0	0	0	
32	0.1421	0.07064	0.1477	0.07263	0.06131	0.03015	0.06456	0.03117	0.08082	0.04049	0.08319	0.04146	0	0	0	0	0	0	0	0	0	0	0	0	0	0	0	0	0	0	0	0	0	0	0	0	0	0	0	0	0	0	0	0	0	0	
33	0.1421	0.07064	0.1477	0.07263	0.06131	0.03015	0.06456	0.03117	0.08082	0.04049	0.08319	0.04146	0	0	0	0	0	0	0	0	0	0	0	0	0	0	0	0	0	0	0	0	0	0	0	0	0	0	0	0	0	0	0	0	0	0	
34	0.1421	0.07064	0.1477	0.07263	0.06131	0.03015	0.06456	0.03117	0.08082	0.04049	0.08319	0.04146	0	0	0	0	0	0	0	0	0	0	0	0	0	0	0	0	0	0	0	0	0	0	0	0	0	0	0	0	0	0	0	0	0	0	
35	0.1421	0.07064	0.1477	0.07263	0.06131	0.03015	0.06456	0.03117	0.08082	0.04049	0.08319	0.04146	0	0	0	0	0	0	0	0	0	0	0	0	0	0	0	0	0	0	0	0	0	0	0	0	0	0	0	0	0	0	0	0	0	0	
36	0.1421	0.07064	0.1477	0.07263	0.06131	0.03015	0.06456	0.03117	0.08082	0.04049	0.08319	0.04146	0	0	0	0	0	0	0	0	0	0	0	0	0	0	0	0	0	0	0	0	0	0	0	0	0	0	0	0	0	0	0	0	0	0	
37	0.1421	0.07064	0.1477	0.07263	0.06131	0.03015	0.06456	0.03117	0.08082	0.04049	0.08319	0.04146	0	0	0	0	0	0	0	0	0	0	0	0	0	0	0	0	0	0	0	0	0	0	0	0	0	0	0	0	0	0	0	0	0	0	
38	0.1421	0.07064	0.1477	0.07263	0.06131	0.03015	0.06456	0.03117	0.08082	0.04049	0.08319	0.04146	0	0	0	0	0	0	0	0	0	0	0	0	0	0	0	0	0	0	0	0	0	0	0	0	0	0	0	0	0	0	0	0	0	0	
39	0.1421	0.07064	0.1477	0.07263	0.06131	0.03015	0.06456	0.03117	0.08082	0.04049	0.08319	0.04146	0	0	0	0	0	0	0	0	0	0	0	0	0	0	0	0	0	0	0	0	0	0	0	0	0	0	0	0	0	0	0	0	0	0	
40	0.8031	1.083	0.8291	1.105	0.2947	0.1082	0.3116	0.1121	0.5084	0.9745	0.5175	0.9932	3	3	3	2	2	2	2	2	1	1	0	1	0	1	0	1	0	1	0	1	0	1	0	1	0	0	0	0	0	0	0	0	0	0	
41	0.2378	0.2017	0.2457	0.2083	0.07746	0.1019	0.08138	0.1064	0.1604	0.09977	0.1643	0.1019	0	0	0	0	0	0	0	0	0	0	0	0	0	0	0	0	0	0	0	0	0	0	0	0	0	0	0	0	0	0	0	0	0	0	
42	0.575	0.7391	0.5914	0.7585	0.4868	0.06179	0.5015	0.06389	0.08814	0.6773	0.08996	0.6946	1	1	1	1	1	1	1	1	1	1	1	1	1	1	1	1	0	1	0	1	0	0	0	0	0	0	0	0	0	0	0	0	0	0	
43	0.1421	0.07064	0.1477	0.07263	0.06131	0.03015	0.06456	0.03117	0.08082	0.04049	0.08319	0.04146	0	0	0	0	0	0	0	0	0	0	0	0	0	0	0	0	0	0	0	0	0	0	0	0	0	0	0	0	0	0	0	0	0	0	
44	0.1421	0.07064	0.1477	0.07263	0.06131	0.03015	0.06456	0.03117	0.08082	0.04049	0.08319	0.04146	0	0	0	0	0	0	0	0	0	0	0	0	0	0	0	0	0	0	0	0	0	0	0	0	0	0	0	0	0	0	0	0	0	0	
45	0.1421	0.07064	0.1477	0.07263	0.06131	0.03015	0.06456	0.03117	0.08082	0.04049	0.08319	0.04146	0	0	0	0	0	0	0	0	0	0	0	0	0	0	0	0	0	0	0	0	0	0	0	0	0	0	0	0	0	0	0	0	0	0	
46	0.1421	0.07064	0.1477	0.07263	0.06131	0.03015	0.06456	0.03117	0.08082	0.04049	0.08319	0.04146	0	0	0	0	0	0	0	0	0	0	0	0	0	0	0	0	0	0	0	0	0	0	0	0	0	0	0	0	0	0	0	0	0	0	
47	0.1421	0.07064	0.1477	0.07263	0.06131	0.03015	0.06456	0.03117	0.08082	0.04049	0.08319	0.04146	0	0	0	0	0	0	0	0	0	0	0	0	0	0	0	0	0	0	0	0	0	0	0	0	0	0	0	0	0	0	0	0	0	0	
48	0.1421	0.07064	0.1477	0.07263	0.06131	0.03015	0.06456	0.03117	0.08082	0.04049	0.08319	0.04146	0	0	0	0	0	0	0	0	0	0	0	0	0	0	0	0	0	0	0	0	0	0	0	0	0	0	0	0	0	0	0	0	0	0	
49	0.1421	0.07064	0.1477	0.07263	0.06131	0.03015	0.06456	0.03117	0.08082	0.04049	0.08319	0.04146	0	0	0	0	0	0	0	0	0	0	0	0	0	0	0	0	0	0	0	0	0	0	0	0	0	0	0	0	0	0	0	0	0	0	
50	0.1421	0.07064	0.1477	0.07263	0.06131	0.03015	0.06456	0.03117	0.08082	0.04049	0.08319	0.04146	0	0	0	0	0	0	0	0	0	0	0	0	0	0	0	0	0	0	0	0	0	0	0	0	0	0	0	0	0	0	0	0	0	0	
51	0.1421	0.07064	0.1477	0.07263	0.06131	0.03015	0.06456	0.03117	0.08082	0.04049	0.08319	0.04146	0	0	0	0	0	0	0	0	0	0	0	0	0	0	0	0	0	0	0	0	0	0	0	0	0	0	0	0	0	0	0	0	0	0	
52	0.1421	0.07064	0.1477	0.07263	0.06131	0.03015	0.06456	0.03117	0.08082	0.04049	0.08319	0.04146	0	0	0	0	0	0	0	0	0	0	0	0	0	0	0	0	0	0	0	0	0	0	0	0	0	0	0	0	0	0	0	0	0	0	
53	0.575	0.7391	0.5914	0.7585	0.4868	0.06179	0.5015	0.06389	0.08814	0.6773	0.08996	0.6946	1	1	1	1	1	1	1	1	1	1	1	1	1	1	1	1	0	1	0	1	0	0	0	0	0	0	0	0	0	0	0	0	0	0	
54	0.1853	0.1376	0.1919	0.1426	0.06295	0.09048	0.06615	0.09442	0.1224	0.0471	0.1257	0.04822	0	0	0	0	0	0	0	0	0	0	0	0	0	0	0	0	0	0	0	0	0	0	0	0	0	0	0	0	0	0	0	0	0	0	
55	0.1421	0.07064	0.1477	0.07263	0.06131	0.03015	0.06456	0.03117	0.08082	0.04049	0.08319	0.04146	0	0	0	0	0	0	0	0	0	0	0	0	0	0	0	0	0	0	0	0	0	0	0	0	0	0	0	0	0	0	0	0	0	0	
56	0.1421	0.07064	0.1477	0.07263	0.06131	0.03015	0.06456	0.03117	0.08082	0.04049	0.08319	0.04146	0	0	0	0	0	0	0	0	0	0	0	0	0	0	0	0	0	0	0	0	0	0	0	0	0	0	0	0	0	0	0	0	0	0	
57	0.1421	0.07064	0.1477	0.07263	0.06131	0.03015	0.06456	0.03117	0.08082	0.04049	0.08319	0.04146	0	0	0	0	0	0	0	0	0	0	0	0	0	0	0	0	0	0	0	0	0	0	0	0	0	0	0	0	0	0	0	0	0	0	
58	0.1421	0.07064	0.1477	0.07263	0.06131	0.03015	0.06456	0.03117	0.08082	0.04049	0.08319	0.04146	0	0	0	0	0	0	0	0	0	0	0	0	0	0	0	0	0	0	0	0	0	0	0	0	0	0	0	0	0	0	0	0	0	0	
59	0.1421	0.07064	0.1477	0.07263	0.06131	0.03015	0.06456	0.03117	0.08082	0.04049	0.08319	0.04146	0	0	0	0	0	0	0	0	0	0	0	0	0	0	0	0	0	0	0	0	0	0	0	0	0	0	0	0	0	0	0	0	0	0	
60	0.5986	0.7781	0.6141	0.8126	0.07871	0.6677	0.08143	0.6996	0.5199	0.1104	0.5327	0.113	1	1	1	1	1	1	1	1	1	1	1	1	1	1	0	1	0	1	0	1	0	1	0	1	0	0	0	0	0	0	0	0	0	0	
61	0.1421	0.07064	0.1477	0.07263	0.06131	0.03015	0.06456	0.03117	0.08082	0.04049	0.08319	0.04146	0	0	0	0	0	0	0	0	0	0	0	0	0	0	0	0	0	0	0	0	0	0	0	0	0	0	0	0	0	0	0	0	0	0	
62	0.1421	0.07064	0.1477	0.07263	0.06131	0.03015	0.06456	0.03117	0.08082	0.04049	0.08319	0.04146	0	0	0	0	0	0	0	0	0	0	0	0	0	0	0	0	0	0	0	0	0	0	0	0	0	0	0	0	0	0	0	0	0	0	
63	0.1421	0.07064	0.1477	0.07263	0.06131	0.03015	0.06456	0.03117	0.08082	0.04049	0.08319	0.04146	0	0	0	0	0	0	0	0	0	0	0	0	0	0	0	0	0	0	0	0	0	0	0	0	0	0	0	0	0	0	0	0	0	0	
64	0.1421	0.07064	0.1477	0.07263	0.06131	0.03015	0.06456	0.03117	0.08082	0.04049	0.08319	0.04146	0	0	0	0	0	0	0	0	0	0	0	0	0	0	0	0	0	0	0	0	0	0	0	0	0	0	0	0	0	0	0	0	0	0	
65	0.1421	0.07064	0.1477	0.07263	0.06131	0.03015	0.06456	0.03117	0.08082	0.04049	0.08319	0.04146	0	0	0	0	0	0	0	0	0	0	0	0	0	0	0	0	0	0	0	0	0	0	0	0	0	0	0	0	0	0	0	0	0	0	
66	1.131	0.988	1.14	1.024	0.875	0.3382	0.8786	0.3611	0.2561	0.6498	0.2618	0.6633	3	4	1	4	1	3	1	1	1	1	1	0	1	0	1	0	1	0	1	0	1	0	1	0	1	0	1	0	0	0	0	0	0	0	
67	0.1421	0.07064	0.1477	0.07263	0.06131	0.03015	0.06456	0.03117	0.08082	0.04049	0.08319	0.04146	0	0	0	0	0	0	0	0	0	0	0	0	0	0	0	0	0	0	0	0	0	0	0	0	0	0	0	0	0	0	0	0	0	0	
68	0.1421	0.07064	0.1477	0.07263	0.06131	0.03015	0.06456	0.03117	0.08082	0.04049	0.08319	0.04146	0	0	0	0	0	0	0	0	0	0	0	0	0	0	0	0	0	0	0	0	0	0	0	0	0	0	0	0	0	0	0	0	0	0	
69	0.5986	0.7781	0.6141	0.8126	0.07871	0.6677	0.08143	0.6996	0.5199	0.1104	0.5327	0.113	1	1	1	1	1	1	1	1	1	1	1	1	1	1	0	1	0	1	0	1	0	1	0	1	0	0	0	0	0	0	0	0	0	0	
70	0.1421	0.07064	0.1477	0.07263	0.06131	0.03015	0.06456	0.03117	0.08082	0.04049	0.08319	0.04146	0	0	0	0	0	0	0	0	0	0	0	0	0	0	0	0	0	0	0	0	0	0	0	0	0	0	0	0	0	0	0	0	0	0	
71	0.575	0.7391	0.5914	0.7585	0.4868	0.06179	0.5015	0.06389	0.08814	0.6773	0.08996	0.6946	1	1	1	1	1	1	1	1	1	1	1	1	1	1	1	1	0	1	0	1	0	0	0	0	0	0	0	0	0	0	0	0	0	0	
72	0.1421	0.07064	0.1477	0.07263	0.06131	0.03015	0.06456	0.03117	0.08082	0.04049	0.08319	0.04146	0	0	0	0	0	0	0	0	0	0	0	0	0	0	0	0	0	0	0	0	0	0	0	0	0	0	0	0	0	0	0	0	0	0	
73	0.1421	0.07064	0.1477	0.07263	0.06131	0.03015	0.06456	0.03117	0.08082	0.04049	0.08319	0.04146	0	0	0	0	0	0	0	0	0	0	0	0	0	0	0	0	0	0	0	0	0	0	0	0	0	0	0	0	0	0	0	0	0	0	
74	0.1421	0.07064	0.1477	0.07263	0.06131	0.03015	0.06456	0.03117	0.08082	0.04049	0.08319	0.04146	0	0	0	0	0	0	0	0	0	0	0	0	0	0	0	0	0	0	0	0	0	0	0	0	0	0	0	0	0	0	0	0	0	0	
75	0.1421	0.07064	0.1477	0.07263	0.06131	0.03015	0.06456	0.03117	0.08082	0.04049	0.08319	0.04146	0	0	0	0	0	0	0	0	0	0	0	0	0	0	0	0	0	0	0	0	0	0	0	0	0	0	0	0	0	0	0	0	0	0	
76	0.1421	0.07064	0.1477	0.07263	0.06131	0.03015	0.06456	0.03117	0.08082	0.04049	0.08319	0.04146	0	0	0	0	0	0	0	0	0	0	0	0	0	0	0	0	0	0	0	0	0	0	0	0	0	0	0	0	0	0	0	0	0	0	
77	0.1421	0.07064	0.1477	0.07263	0.06131	0.03015	0.06456	0.03117	0.08082	0.04049	0.08319	0.04146	0	0	0	0	0	0	0	0	0	0	0	0	0	0	0	0	0	0	0	0	0	0	0	0	0	0	0	0	0	0	0	0	0	0	
78	0.1421	0.07064	0.1477	0.07263	0.06131	0.03015	0.06456	0.03117	0.08082	0.04049	0.08319	0.04146	0	0	0	0	0	0	0	0	0	0	0	0	0	0	0	0	0	0	0	0	0	0	0	0	0	0	0	0	0	0	0	0	0	0	
79	0.1421	0.07064	0.1477	0.07263	0.06131	0.03015	0.06456	0.03117	0.08082	0.04049	0.08319	0.04146	0	0	0	0	0	0	0	0	0	0	0	0	0	0	0	0	0	0	0	0	0	0	0	0	0	0	0	0	0	0	0	0	0	0	
80	0.9023	1.052	0.9314	1.075	0.3191	0.1088	0.3374	0.1127	0.5832	0.9436	0.594	0.9624	3	3	2	2	2	2	2	2	2	2	1	1	1	1	0	1	0	1	0	1	0	1	0	0	0	0	0	0	0	0	0	0	0	0	
81	0.1421	0.07064	0.1477	0.07263	0.06131	0.03015	0.06456	0.03117	0.08082	0.04049	0.08319	0.04146	0	0	0	0	0	0	0	0	0	0	0	0	0	0	0	0	0	0	0	0	0	0	0	0	0	0	0	0	0	0	0	0	0	0	
82	0.1421	0.07064	0.1477	0.07263	0.06131	0.03015	0.06456	0.03117	0.08082	0.04049	0.08319	0.04146	0	0	0	0	0	0	0	0	0	0	0	0	0	0	0	0	0	0	0	0	0	0	0	0	0	0	0	0	0	0	0	0	0	0	
83	0.1421	0.07064	0.1477	0.07263	0.06131	0.03015	0.06456	0.03117	0.08082	0.04049	0.08319	0.04146	0	0	0	0	0	0	0	0	0	0	0	0	0	0	0	0	0	0	0	0	0	0	0	0	0	0	0	0	0	0	0	0	0	0	
84	0.1421	0.07064	0.1477	0.07263	0.06131	0.03015	0.06456	0.03117	0.08082	0.04049	0.08319	0.04146	0	0	0	0	0	0	0	0	0	0	0	0	0	0	0	0	0	0	0	0	0	0	0	0	0	0	0	0	0	0	0	0	0	0	
85	0.1421	0.07064	0.1477	0.07263	0.06131	0.03015	0.06456	0.03117	0.08082	0.04049	0.08319	0.04146	0	0	0	0	0	0	0	0	0	0	0	0	0	0	0	0	0	0	0	0	0	0	0	0	0	0	0	0	0	0	0	0	0	0	
86	0.1421	0.07064	0.1477	0.07263	0.06131	0.03015	0.06456	0.03117	0.08082	0.04049	0.08319	0.04146	0	0	0	0	0	0	0	0	0	0	0	0	0	0	0	0	0	0	0	0	0	0	0	0	0	0	0	0	0	0	0	0	0	0	
87	0.1421	0.07064	0.1477	0.07263	0.06131	0.03015	0.06456	0.03117	0.08082	0.04049	0.08319	0.04146	0	0	0	0	0	0	0	0	0	0	0	0	0	0	0	0	0	0	0	0	0	0	0	0	0	0	0	0	0	0	0	0	0	0	
88	0.1421	0.07064	0.1477	0.07263	0.06131	0.03015	0.06456	0.03117	0.08082	0.04049	0.08319	0.04146	0	0	0	0	0	0	0	0	0	0	0	0	0	0	0	0	0	0	0	0	0	0	0	0	0	0	0	0	0	0	0	0	0	0	
89	0.1421	0.07064	0.1477	0.07263	0.06131	0.03015	0.06456	0.03117	0.08082	0.04049	0.08319	0.04146	0	0	0	0	0	0	0	0	0	0	0	0	0	0	0	0	0	0	0	0	0	0	0	0	0	0	0	0	0	0	0	0	0	0	
90	0.1421	0.07064	0.1477	0.07263	0.06131	0.03015	0.06456	0.03117	0.08082	0.04049	0.08319	0.04146	0	0	0	0	0	0	0	0	0	0	0	0	0	0	0	0	0	0	0	0	0	0	0	0	0	0	0	0	0	0	0	0	0	0	
91	0.5986	0.7781	0.6141	0.8126	0.07871	0.6677	0.08143	0.6996	0.5199	0.1104	0.5327	0.113	1	1	1	1	1	1	1	1	1	1	1	1	1	1	0	1	0	1	0	1	0	1	0	1	0	0	0	0	0	0	0	0	0	0	
92	0.1421	0.07064	0.1477	0.07263	0.06131	0.03015	0.06456	0.03117	0.08082	0.04049	0.08319	0.04146	0	0	0	0	0	0	0	0	0	0	0	0	0	0	0	0	0	0	0	0	0	0	0	0	0	0	0	0	0	0	0	0	0	0	
93	0.1421	0.07064	0.1477	0.07263	0.06131	0.03015	0.06456	0.03117	0.08082	0.04049	0.08319	0.04146	0	0	0	0	0	0	0	0	0	0	0	0	0	0	0	0	0	0	0	0	0	0	0	0	0	0	0	0	0	0	0	0	0	0	
94	0.1421	0.07064	0.1477	0.07263	0.06131	0.03015	0.06456	0.03117	0.08082	0.04049	0.08319	0.04146	0	0	0	0	0	0	0	0	0	0	0	0	0	0	0	0	0	0	0	0	0	0	0	0	0	0	0	0	0	0	0	0	0	0	
95	0.1421	0.07064	0.1477	0.07263	0.06131	0.03015	0.06456	0.03117	0.08082	0.04049	0.08319	0.04146	0	0	0	0	0	0	0	0	0	0	0	0	0	0	0	0	0	0	0	0	0	0	0	0	0	0	0	0	0	0	0	0	0	0	
96	0.1421	0.07064	0.1477	0.07263	0.06131	0.03015	0.06456	0.03117	0.08082	0.04049	0.08319	0.04146	0	0	0	0	0	0	0	0	0	0	0	0	0	0	0	0	0	0	0	0	0	0	0	0	0	0	0	0	0	0	0	0	0	0	
97	0.1421	0.07064	0.1477	0.07263	0.06131	0.03015	0.06456	0.03117	0.08082	0.04049	0.08319	0.04146	0	0	0	0	0	0	0	0	0	0	0	0	0	0	0	0	0	0	0	0	0	0	0	0	0	0	0	0	0	0	0	0	0	0	
98	0.5986	0.7781	0.6141	0.8126	0.07871	0.6677	0.08143	0.6996	0.5199	0.1104	0.5327	0.113	1	1	1	1	1	1	1	1	1	1	1	1	1	1	0	1	0	1	0	1	0	1	0	1	0	0	0	0	0	0	0	0	0	0	
99	0.1421	0.07064	0.1477	0.07263	0.06131	0.03015	0.06456	0.03117	0.08082	0.04049	0.08319	0.04146	0	0	0	0	0	0	0	0	0	0	0	0	0	0	0	0	0	0	0	0	0	0	0	0	0	0	0	0	0	0	0	0	0	0	
100	0.1421	0.07064	0.1477	0.07263	0.06131	0.03015	0.06456	0.03117	0.08082	0.04049	0.08319	0.04146	0	0	0	0	0	0	0	0	0	0	0	0	0	0	0	0	0	0	0	0	0	0	0	0	0	0	0	0	0	0	0	0	0	0	
101	0.5986	0.7781	0.6141	0.8126	0.07871	0.6677	0.08143	0.6996	0.5199	0.1104	0.5327	0.113	1	1	1	1	1	1	1	1	1	1	1	1	1	1	0	1	0	1	0	1	0	1	0	1	0	0	0	0	0	0	0	0	0	0	
102	0.245	0.2148	0.2535	0.2199	0.1177	0.04706	0.1232	0.04845	0.1272	0.1678	0.1303	0.1715	1	0	0	0	0	0	0	0	0	0	0	0	0	0	0	0	0	0	0	0	0	0	0	0	0	0	0	0	0	0	0	0	0	0	
103	0.1421	0.07064	0.1477	0.07263	0.06131	0.03015	0.06456	0.03117	0.08082	0.04049	0.08319	0.04146	0	0	0	0	0	0	0	0	0	0	0	0	0	0	0	0	0	0	0	0	0	0	0	0	0	0	0	0	0	0	0	0	0	0	
104	0.1421	0.07064	0.1477	0.07263	0.06131	0.03015	0.06456	0.03117	0.08082	0.04049	0.08319	0.04146	0	0	0	0	0	0	0	0	0	0	0	0	0	0	0	0	0	0	0	0	0	0	0	0	0	0	0	0	0	0	0	0	0	0	
105	0.1421	0.07064	0.1477	0.07263	0.06131	0.03015	0.06456	0.03117	0.08082	0.04049	0.08319	0.04146	0	0	0	0	0	0	0	0	0	0	0	0	0	0	0	0	0	0	0	0	0	0	0	0	0	0	0	0	0	0	0	0	0	0	
106	0.1421	0.07064	0.1477	0.07263	0.06131	0.03015	0.06456	0.03117	0.08082	0.04049	0.08319	0.04146	0	0	0	0	0	0	0	0	0	0	0	0	0	0	0	0	0	0	0	0	0	0	0	0	0	0	0	0	0	0	0	0	0	0	
107	0.1421	0.07064	0.1477	0.07263	0.06131	0.03015	0.06456	0.03117	0.08082	0.04049	0.08319	0.04146	0	0	0	0	0	0	0	0	0	0	0	0	0	0	0	0	0	0	0	0	0	0	0	0	0	0	0	0	0	0	0	0	0	0	
108	0.1421	0.07064	0.1477	0.07263	0.06131	0.03015	0.06456	0.03117	0.08082	0.04049	0.08319	0.04146	0	0	0	0	0	0	0	0	0	0	0	0	0	0	0	0	0	0	0	0	0	0	0	0	0	0	0	0	0	0	0	0	0	0	
109	0.575	0.7391	0.5914	0.7585	0.4868	0.06179	0.5015	0.06389	0.08814	0.6773	0.08996	0.6946	1	1	1	1	1	1	1	1	1	1	1	1	1	1	1	1	0	1	0	1	0	0	0	0	0	0	0	0	0	0	0	0	0	0	
110	0.1853	0.1376	0.1919	0.1426	0.06295	0.09048	0.06615	0.09442	0.1224	0.0471	0.1257	0.04822	0	0	0	0	0	0	0	0	0	0	0	0	0	0	0	0	0	0	0	0	0	0	0	0	0	0	0	0	0	0	0	0	0	0	
111	0.1421	0.07064	0.1477	0.07263	0.06131	0.03015	0.06456	0.03117	0.08082	0.04049	0.08319	0.04146	0	0	0	0	0	0	0	0	0	0	0	0	0	0	0	0	0	0	0	0	0	0	0	0	0	0	0	0	0	0	0	0	0	0	
112	0.1421	0.07064	0.1477	0.07263	0.06131	0.03015	0.06456	0.03117	0.08082	0.04049	0.08319	0.04146	0	0	0	0	0	0	0	0	0	0	0	0	0	0	0	0	0	0	0	0	0	0	0	0	0	0	0	0	0	0	0	0	0	0	
113	0.1421	0.07064	0.1477	0.07263	0.06131	0.03015	0.06456	0.03117	0.08082	0.04049	0.08319	0.04146	0	0	0	0	0	0	0	0	0	0	0	0	0	0	0	0	0	0	0	0	0	0	0	0	0	0	0	0	0	0	0	0	0	0	
114	0.1421	0.07064	0.1477	0.07263	0.06131	0.03015	0.06456	0.03117	0.08082	0.04049	0.08319	0.04146	0	0	0	0	0	0	0	0	0	0	0	0	0	0	0	0	0	0	0	0	0	0	0	0	0	0	0	0	0	0	0	0	0	0	
115	0.1421	0.07064	0.1477	0.07263	0.06131	0.03015	0.06456	0.03117	0.08082	0.04049	0.08319	0.04146	0	0	0	0	0	0	0	0	0	0	0	0	0	0	0	0	0	0	0	0	0	0	0	0	0	0	0	0	0	0	0	0	0	0	
116	0.1421	0.07064	0.1477	0.07263	0.06131	0.03015	0.06456	0.03117	0.08082	0.04049	0.08319	0.04146	0	0	0	0	0	0	0	0	0	0	0	0	0	0	0	0	0	0	0	0	0	0	0	0	0	0	0	0	0	0	0	0	0	0	
117	0.1421	0.07064	0.1477	0.07263	0.06131	0.03015	0.06456	0.03117	0.08082	0.04049	0.08319	0.04146	0	0	0	0	0	0	0	0	0	0	0	0	0	0	0	0	0	0	0	0	0	0	0	0	0	0	0	0	0	0	0	0	0	0	
118	0.1421	0.07064	0.1477	0.07263	0.06131	0.03015	0.06456	0.03117	0.08082	0.04049	0.08319	0.04146	0	0	0	0	0	0	0	0	0	0	0	0	0	0	0	0	0	0	0	0	0	0	0	0	0	0	0	0	0	0	0	0	0	0	
119	0.1421	0.07064	0.1477	0.07263	0.06131	0.03015	0.06456	0.03117	0.08082	0.04049	0.08319	0.04146	0	0	0	0	0	0	0	0	0	0	0	0	0	0	0	0	0	0	0	0	0	0	0	0	0	0	0	0	0	0	0	0	0	0	
120	0.1421	0.07064	0.1477	0.07263	0.06131	0.03015	0.06456	0.03117	0.08082	0.04049	0.08319	0.04146	0	0	0	0	0	0	0	0	0	0	0	0	0	0	0	0	0	0	0	0	0	0	0	0	0	0	0	0	0	0	0	0	0	0	
121	0.5986	0.7781	0.6141	0.8126	0.07871	0.6677	0.08143	0.6996	0.5199	0.1104	0.5327	0.113	1	1	1	1	1	1	1	1	1	1	1	1	1	1	0	1	0	1	0	1	0	1	0	1	0	0	0	0	0	0	0	0	0	0	
122	0.1421	0.07064	0.1477	0.07263	0.06131	0.03015	0.06456	0.03117	0.08082	0.04049	0.08319	0.04146	0	0	0	0	0	0	0	0	0	0	0	0	0	0	0	0	0	0	0	0	0	0	0	0	0	0	0	0	0	0	0	0	0	0	
123	0.1421	0.07064	0.1477	0.07263	0.06131	0.03015	0.06456	0.03117	0.08082	0.04049	0.08319	0.04146	0	0	0	0	0	0	0	0	0	0	0	0	0	0	0	0	0	0	0	0	0	0	0	0	0	0	0	0	0	0	0	0	0	0	
124	0.1421	0.07064	0.1477	0.07263	0.06131	0.03015	0.06456	0.03117	0.08082	0.04049	0.08319	0.04146	0	0	0	0	0	0	0	0	0	0	0	0	0	0	0	0	0	0	0	0	0	0	0	0	0	0	0	0	0	0	0	0	0	0	
125	0.1421	0.07064	0.1477	0.07263	0.06131	0.03015	0.06456	0.03117	0.08082	0.04049	0.08319	0.04146	0	0	0	0	0	0	0	0	0	0	0	0	0	0	0	0	0	0	0	0	0	0	0	0	0	0	0	0	0	0	0	0	0	0	
126	0.9236	1.07	0.9387	1.113	0.09926	0.4546	0.1029	0.4846	0.8243	0.6156	0.8358	0.6288	2	3	2	3	2	2	1	2	1	2	1	2	1	2	1	1	1	0	1	0	0	0	0	0	0	0	0	0	0	0	0	0	0	0	
127	0.1421	0.07064	0.1477	0.07263	0.06131	0.03015	0.06456	0.03117	0.08082	0.04049	0.08319	0.04146	0	0	0	0	0	0	0	0	0	0	0	0	0	0	0	0	0	0	0	0	0	0	0	0	0	0	0	0	0	0	0	0	0	0	
128	0.1421	0.07064	0.1477	0.07263	0.06131	0.03015	0.06456	0.03117	0.08082	0.04049	0.08319	0.04146	0	0	0	0	0	0	0	0	0	0	0	0	0	0	0	0	0	0	0	0	0	0	0	0	0	0	0	0	0	0	0	0	0	0	
129	0.9236	1.07	0.9387	1.113	0.09926	0.4546	0.1029	0.4846	0.8243	0.6156	0.8358	0.6288	2	3	2	3	2	2	1	2	1	2	1	2	1	2	1	1	1	0	1	0	0	0	0	0	0	0	0	0	0	0	0	0	0	0	
130	0.6753	0.8264	0.6909	0.8621	0.0871	0.6292	0.09001	0.6605	0.5882	0.1972	0.6009	0.2015	2	1	2	1	1	1	1	1	1	1	1	1	0	1	0	1	0	1	0	1	0	1	0	0	0	0	0	0	0	0	0	0	0	0	
131	0.245	0.2148	0.2535	0.2199	0.1177	0.04706	0.1232	0.04845	0.1272	0.1678	0.1303	0.1715	1	0	0	0	0	0	0	0	0	0	0	0	0	0	0	0	0	0	0	0	0	0	0	0	0	0	0	0	0	0	0	0	0	0	
132	0.1421	0.07064	0.1477	0.07263	0.06131	0.03015	0.06456	0.03117	0.08082	0.04049	0.08319	0.04146	0	0	0	0	0	0	0	0	0	0	0	0	0	0	0	0	0	0	0	0	0	0	0	0	0	0	0	0	0	0	0	0	0	0	
133	0.1421	0.07064	0.1477	0.07263	0.06131	0.03015	0.06456	0.03117	0.08082	0.04049	0.08319	0.04146	0	0	0	0	0	0	0	0	0	0	0	0	0	0	0	0	0	0	0	0	0	0	0	0	0	0	0	0	0	0	0	0	0	0	
134	0.5986	0.7781	0.6141	0.8126	0.07871	0.6677	0.08143	0.6996	0.5199	0.1104	0.5327	0.113	1	1	1	1	1	1	1	1	1	1	1	1	1	1	0	1	0	1	0	1	0	1	0	1	0	0	0	0	0	0	0	0	0	0	
135	0.1421	0.07064	0.1477	0.07263	0.06131	0.03015	0.06456	0.03117	0.08082	0.04049	0.08319	0.04146	0	0	0	0	0	0	0	0	0	0	0	0	0	0	0	0	0	0	0	0	0	0	0	0	0	0	0	0	0	0	0	0	0	0	
136	0.5986	0.7781	0.6141	0.8126	0.07871	0.6677	0.08143	0.6996	0.5199	0.1104	0.5327	0.113	1	1	1	1	1	1	1	1	1	1	1	1	1	1	0	1	0	1	0	1	0	1	0	1	0	0	0	0	0	0	0	0	0	0	
137	0.245	0.2148	0.2535	0.2199	0.1177	0.04706	0.1232	0.04845	0.1272	0.1678	0.1303	0.1715	1	0	0	0	0	0	0	0	0	0	0	0	0	0	0	0	0	0	0	0	0	0	0	0	0	0	0	0	0	0	0	0	0	0	
138	0.1421	0.07064	0.1477	0.07263	0.06131	0.03015	0.06456	0.03117	0.08082	0.04049	0.08319	0.04146	0	0	0	0	0	0	0	0	0	0	0	0	0	0	0	0	0	0	0	0	0	0	0	0	0	0	0	0	0	0	0	0	0	0	
139	0.5986	0.7781	0.6141	0.8126	0.07871	0.6677	0.08143	0.6996	0.5199	0.1104	0.5327	0.113	1	1	1	1	1	1	1	1	1	1	1	1	1	1	0	1	0	1	0	1	0	1	0	1	0	0	0	0	0	0	0	0	0	0	
140	0.1421	0.07064	0.1477	0.07263	0.06131	0.03015	0.06456	0.03117	0.08082	0.04049	0.08319	0.04146	0	0	0	0	0	0	0	0	0	0	0	0	0	0	0	0	0	0	0	0	0	0	0	0	0	0	0	0	0	0	0	0	0	0	
141	0.1421	0.07064	0.1477	0.07263	0.06131	0.03015	0.06456	0.03117	0.08082	0.04049	0.08319	0.04146	0	0	0	0	0	0	0	0	0	0	0	0	0	0	0	0	0	0	0	0	0	0	0	0	0	0	0	0	0	0	0	0	0	0	
142	1.17	0.758	1.177	0.79	0.9881	0.3951	0.9915	0.4146	0.1818	0.3628	0.1859	0.3754	1	3	1	2	1	2	1	1	1	0	1	0	1	0	1	0	1	0	1	0	1	0	1	0	1	0	1	0	1	0	1	0	0	0	
143	0.9773	0.9624	0.9925	1.002	0.121	0.4198	0.1246	0.4471	0.8563	0.5427	0.868	0.5545	2	3	2	3	1	2	1	2	1	2	1	1	1	1	1	0	1	0	1	0	1	0	1	0	0	0	0	0	0	0	0	0	0	0	
144	0.6615	0.8405	0.677	0.8768	0.08841	0.6403	0.09131	0.6721	0.5731	0.2002	0.5857	0.2047	2	1	1	1	1	1	1	1	1	1	1	1	0	1	0	1	0	1	0	1	0	1	0	0	0	0	0	0	0	0	0	0	0	0	
145	0.245	0.2148	0.2535	0.2199	0.1177	0.04706	0.1232	0.04845	0.1272	0.1678	0.1303	0.1715	1	0	0	0	0	0	0	0	0	0	0	0	0	0	0	0	0	0	0	0	0	0	0	0	0	0	0	0	0	0	0	0	0	0	
146	0.245	0.2148	0.2535	0.2199	0.1177	0.04706	0.1232	0.04845	0.1272	0.1678	0.1303	0.1715	1	0	0	0	0	0	0	0	0	0	0	0	0	0	0	0	0	0	0	0	0	0	0	0	0	0	0	0	0	0	0	0	0	0	
147	0.1444	0.07434	0.1501	0.07637	0.06267	0.03286	0.06596	0.0339	0.08174	0.04148	0.08413	0.04247	0	0	0	0	0	0	0	0	0	0	0	0	0	0	0	0	0	0	0	0	0	0	0	0	0	0	0	0	0	0	0	0	0	0	
148	0.1421	0.07064	0.1477	0.07263	0.06131	0.03015	0.06456	0.03117	0.08082	0.04049	0.08319	0.04146	0	0	0	0	0	0	0	0	0	0	0	0	0	0	0	0	0	0	0	0	0	0	0	0	0	0	0	0	0	0	0	0	0	0	
149	0.1421	0.07064	0.1477	0.07263	0.06131	0.03015	0.06456	0.03117	0.08082	0.04049	0.08319	0.04146	0	0	0	0	0	0	0	0	0	0	0	0	0	0	0	0	0	0	0	0	0	0	0	0	0	0	0	0	0	0	0	0	0	0	
150	0.1421	0.07064	0.1477	0.07263	0.06131	0.03015	0.06456	0.03117	0.08082	0.04049	0.08319	0.04146	0	0	0	0	0	0	0	0	0	0	0	0	0	0	0	0	0	0	0	0	0	0	0	0	0	0	0	0	0	0	0	0	0	0	
151	0.1421	0.07064	0.1477	0.07263	0.06131	0.03015	0.06456	0.03117	0.08082	0.04049	0.08319	0.04146	0	0	0	0	0	0	0	0	0	0	0	0	0	0	0	0	0	0	0	0	0	0	0	0	0	0	0	0	0	0	0	0	0	0	
152	0.1421	0.07064	0.1477	0.07263	0.06131	0.03015	0.06456	0.03117	0.08082	0.04049	0.08319	0.04146	0	0	0	0	0	0	0	0	0	0	0	0	0	0	0	0	0	0	0	0	0	0	0	0	0	0	0	0	0	0	0	0	0	0	
153	0.5986	0.7781	0.6141	0.8126	0.07871	0.6677	0.08143	0.6996	0.5199	0.1104	0.5327	0.113	1	1	1	1	1	1	1	1	1	1	1	1	1	1	0	1	0	1	0	1	0	1	0	1	0	0	0	0	0	0	0	0	0	0	
154	0.245	0.2148	0.2535	0.2199	0.1177	0.04706	0.1232	0.04845	0.1272	0.1678	0.1303	0.1715	1	0	0	0	0	0	0	0	0	0	0	0	0	0	0	0	0	0	0	0	0	0	0	0	0	0	0	0	0	0	0	0	0	0	
155	0.5986	0.7781	0.6141	0.8126	0.07871	0.6677	0.08143	0.6996	0.5199	0.1104	0.5327	0.113	1	1	1	1	1	1	1	1	1	1	1	1	1	1	0	1	0	1	0	1	0	1	0	1	0	0	0	0	0	0	0	0	0	0	
156	0.1421	0.07064	0.1477	0.07263	0.06131	0.03015	0.06456	0.03117	0.08082	0.04049	0.08319	0.04146	0	0	0	0	0	0	0	0	0	0	0	0	0	0	0	0	0	0	0	0	0	0	0	0	0	0	0	0	0	0	0	0	0	0	
157	0.575	0.7391	0.5914	0.7585	0.4868	0.06179	0.5015	0.06389	0.08814	0.6773	0.08996	0.6946	1	1	1	1	1	1	1	1	1	1	1	1	1	1	1	1	0	1	0	1	0	0	0	0	0	0	0	0	0	0	0	0	0	0	
158	0.1853	0.1376	0.1919	0.1426	0.06295	0.09048	0.06615	0.09442	0.1224	0.0471	0.1257	0.04822	0	0	0	0	0	0	0	0	0	0	0	0	0	0	0	0	0	0	0	0	0	0	0	0	0	0	0	0	0	0	0	0	0	0	
159	0.1853	0.1376	0.1919	0.1426	0.06295	0.09048	0.06615	0.09442	0.1224	0.0471	0.1257	0.04822	0	0	0	0	0	0	0	0	0	0	0	0	0	0	0	0	0	0	0	0	0	0	0	0	0	0	0	0	0	0	0	0	0	0	
160	0.8386	1.079	0.8614	1.108	0.2371	0.2102	0.2501	0.2218	0.6015	0.8688	0.6113	0.8859	3	3	3	3	2	3	1	1	1	1	1	1	1	1	0	1	0	1	0	1	0	1	0	0	0	0	0	0	0	0	0	0	0	0	
161	0.1421	0.07064	0.1477	0.07263	0.06131	0.03015	0.06456	0.03117	0.08082	0.04049	0.08319	0.04146	0	0	0	0	0	0	0	0	0	0	0	0	0	0	0	0	0	0	0	0	0	0	0	0	0	0	0	0	0	0	0	0	0	0	
162	0.1421	0.07064	0.1477	0.07263	0.06131	0.03015	0.06456	0.03117	0.08082	0.04049	0.08319	0.04146	0	0	0	0	0	0	0	0	0	0	0	0	0	0	0	0	0	0	0	0	0	0	0	0	0	0	0	0	0	0	0	0	0	0	
163	0.1421	0.07064	0.1477	0.07263	0.06131	0.03015	0.06456	0.03117	0.08082	0.04049	0.08319	0.04146	0	0	0	0	0	0	0	0	0	0	0	0	0	0	0	0	0	0	0	0	0	0	0	0	0	0	0	0	0	0	0	0	0	0	
164	0.1421	0.07064	0.1477	0.07263	0.06131	0.03015	0.06456	0.03117	0.08082	0.04049	0.08319	0.04146	0	0	0	0	0	0	0	0	0	0	0	0	0	0	0	0	0	0	0	0	0	0	0	0	0	0	0	0	0	0	0	0	0	0	
165	1.518	1.152	1.549	1.186	1.265	0.3001	1.291	0.3042	0.2529	0.852	0.2582	0.8823	4	4	2	3	2	1	2	1	2	1	2	1	2	1	1	1	1	1	1	1	1	0	1	0	1	0	1	0	1	0	0	0	0	0	
166	0.9337	1.028	0.9585	1.056	0.2678	0.2125	0.2815	0.2238	0.6659	0.8157	0.677	0.8325	3	3	3	3	2	3	1	2	1	1	1	1	1	1	1	1	0	1	0	0	0	0	0	0	0	0	0	0	0	0	0	0	0	0	
167	0.2312	0.2037	0.2389	0.2103	0.07705	0.1032	0.08093	0.1077	0.1542	0.1004	0.158	0.1026	0	0	0	0	0	0	0	0	0	0	0	0	0	0	0	0	0	0	0	0	0	0	0	0	0	0	0	0	0	0	0	0	0	0	
168	0.188	0.1421	0.1946	0.1472	0.06448	0.09386	0.06772	0.09783	0.1235	0.04825	0.1269	0.0494	0	0	0	0	0	0	0	0	0	0	0	0	0	0	0	0	0	0	0	0	0	0	0	0	0	0	0	0	0	0	0	0	0	0	
169	0.5986	0.7781	0.6141	0.8126	0.07871	0.6677	0.08143	0.6996	0.5199	0.1104	0.5327	0.113	1	1	1	1	1	1	1	1	1	1	1	1	1	1	0	1	0	1	0	1	0	1	0	1	0	0	0	0	0	0	0	0	0	0	
170	0.1421	0.07064	0.1477	0.07263	0.06131	0.03015	0.06456	0.03117	0.08082	0.04049	0.08319	0.04146	0	0	0	0	0	0	0	0	0	0	0	0	0	0	0	0	0	0	0	0	0	0	0	0	0	0	0	0	0	0	0	0	0	0	
171	0.1421	0.07064	0.1477	0.07263	0.06131	0.03015	0.06456	0.03117	0.08082	0.04049	0.08319	0.04146	0	0	0	0	0	0	0	0	0	0	0	0	0	0	0	0	0	0	0	0	0	0	0	0	0	0	0	0	0	0	0	0	0	0	
172	0.1421	0.07064	0.1477	0.07263	0.06131	0.03015	0.06456	0.03117	0.08082	0.04049	0.08319	0.04146	0	0	0	0	0	0	0	0	0	0	0	0	0	0	0	0	0	0	0	0	0	0	0	0	0	0	0	0	0	0	0	0	0	0	
173	0.1421	0.07064	0.1477	0.07263	0.06131	0.03015	0.06456	0.03117	0.08082	0.04049	0.08319	0.04146	0	0	0	0	0	0	0	0	0	0	0	0	0	0	0	0	0	0	0	0	0	0	0	0	0	0	0	0	0	0	0	0	0	0	
174	0.9236	1.07	0.9387	1.113	0.09926	0.4546	0.1029	0.4846	0.8243	0.6156	0.8358	0.6288	2	3	2	3	2	2	1	2	1	2	1	2	1	2	1	1	1	0	1	0	0	0	0	0	0	0	0	0	0	0	0	0	0	0	
175	0.6753	0.8264	0.6909	0.8621	0.0871	0.6292	0.09001	0.6605	0.5882	0.1972	0.6009	0.2015	2	1	2	1	1	1	1	1	1	1	1	1	0	1	0	1	0	1	0	1	0	1	0	0	0	0	0	0	0	0	0	0	0	0	
176	0.1421	0.07064	0.1477	0.07263	0.06131	0.03015	0.06456	0.03117	0.08082	0.04049	0.08319	0.04146	0	0	0	0	0	0	0	0	0	0	0	0	0	0	0	0	0	0	0	0	0	0	0	0	0	0	0	0	0	0	0	0	0	0	
177	0.1421	0.07064	0.1477	0.07263	0.06131	0.03015	0.06456	0.03117	0.08082	0.04049	0.08319	0.04146	0	0	0	0	0	0	0	0	0	0	0	0	0	0	0	0	0	0	0	0	0	0	0	0	0	0	0	0	0	0	0	0	0	0	
178	0.5986	0.7781	0.6141	0.8126	0.07871	0.6677	0.08143	0.6996	0.5199	0.1104	0.5327	0.113	1	1	1	1	1	1	1	1	1	1	1	1	1	1	0	1	0	1	0	1	0	1	0	1	0	0	0	0	0	0	0	0	0	0	
179	0.1421	0.07064	0.1477	0.07263	0.06131	0.03015	0.06456	0.03117	0.08082	0.04049	0.08319	0.04146	0	0	0	0	0	0	0	0	0	0	0	0	0	0	0	0	0	0	0	0	0	0	0	0	0	0	0	0	0	0	0	0	0	0	
180	0.1421	0.07064	0.1477	0.07263	0.06131	0.03015	0.06456	0.03117	0.08082	0.04049	0.08319	0.04146	0	0	0	0	0	0	0	0	0	0	0	0	0	0	0	0	0	0	0	0	0	0	0	0	0	0	0	0	0	0	0	0	0	0	
181	0.1421	0.07064	0.1477	0.07263	0.06131	0.03015	0.06456	0.03117	0.08082	0.04049	0.08319	0.04146	0	0	0	0	0	0	0	0	0	0	0	0	0	0	0	0	0	0	0	0	0	0	0	0	0	0	0	0	0	0	0	0	0	0	
182	0.1421	0.07064	0.1477	0.07263	0.06131	0.03015	0.06456	0.03117	0.08082	0.04049	0.08319	0.04146	0	0	0	0	0	0	0	0	0	0	0	0	0	0	0	0	0	0	0	0	0	0	0	0	0	0	0	0	0	0	0	0	0	0	
183	0.5986	0.7781	0.6141	0.8126	0.07871	0.6677	0.08143	0.6996	0.5199	0.1104	0.5327	0.113	1	1	1	1	1	1	1	1	1	1	1	1	1	1	0	1	0	1	0	1	0	1	0	1	0	0	0	0	0	0	0	0	0	0	
184	0.9023	1.052	0.9314	1.075	0.3191	0.1088	0.3374	0.1127	0.5832	0.9436	0.594	0.9624	3	3	2	2	2	2	2	2	2	2	1	1	1	1	0	1	0	1	0	1	0	1	0	0	0	0	0	0	0	0	0	0	0	0	
185	0.1421	0.07064	0.1477	0.07263	0.06131	0.03015	0.06456	0.03117	0.08082	0.04049	0.08319	0.04146	0	0	0	0	0	0	0	0	0	0	0	0	0	0	0	0	0	0	0	0	0	0	0	0	0	0	0	0	0	0	0	0	0	0	
186	0.1421	0.07064	0.1477	0.07263	0.06131	0.03015	0.06456	0.03117	0.08082	0.04049	0.08319	0.04146	0	0	0	0	0	0	0	0	0	0	0	0	0	0	0	0	0	0	0	0	0	0	0	0	0	0	0	0	0	0	0	0	0	0	
187	0.1421	0.07064	0.1477	0.07263	0.06131	0.03015	0.06456	0.03117	0.08082	0.04049	0.08319	0.04146	0	0	0	0	0	0	0	0	0	0	0	0	0	0	0	0	0	0	0	0	0	0	0	0	0	0	0	0	0	0	0	0	0	0	
188	0.1421	0.07064	0.1477	0.07263	0.06131	0.03015	0.06456	0.03117	0.08082	0.04049	0.08319	0.04146	0	0	0	0	0	0	0	0	0	0	0	0	0	0	0	0	0	0	0	0	0	0	0	0	0	0	0	0	0	0	0	0	0	0	
189	1.191	0.5814	1.197	0.6103	1.081	0.2638	1.084	0.2808	0.1106	0.3176	0.1132	0.3295	1	2	1	2	1	2	1	1	1	0	1	0	1	0	1	0	1	0	1	0	1	0	1	0	1	0	1	0	1	0	1	0	1	0	
190	0.1425	0.07179	0.1482	0.07379	0.06149	0.03118	0.06475	0.0322	0.08104	0.04061	0.08341	0.04158	0	0	0	0	0	0	0	0	0	0	0	0	0	0	0	0	0	0	0	0	0	0	0	0	0	0	0	0	0	0	0	0	0	0	
191	0.1425	0.07179	0.1482	0.07379	0.06149	0.03118	0.06475	0.0322	0.08104	0.04061	0.08341	0.04158	0	0	0	0	0	0	0	0	0	0	0	0	0	0	0	0	0	0	0	0	0	0	0	0	0	0	0	0	0	0	0	0	0	0	
192	0.1425	0.07179	0.1482	0.07379	0.06149	0.03118	0.06475	0.0322	0.08104	0.04061	0.08341	0.04158	0	0	0	0	0	0	0	0	0	0	0	0	0	0	0	0	0	0	0	0	0	0	0	0	0	0	0	0	0	0	0	0	0	0	
193	1.048	1.763	1.071	1.819	0.4256	1.399	0.4302	1.446	0.6224	0.3645	0.6411	0.3732	4	4	3	4	2	2	2	2	1	2	1	2	0	2	0	2	0	2	0	2	0	2	0	2	0	1	0	0	0	0	0	0	0	0	
194	0.6834	0.8317	0.699	0.8675	0.09754	0.6312	0.1005	0.6625	0.5859	0.2005	0.5985	0.205	2	1	2	1	1	1	1	1	1	1	1	1	0	1	0	1	0	1	0	1	0	1	0	0	0	0	0	0	0	0	0	0	0	0	
195	0.245	0.2148	0.2535	0.2199	0.1177	0.04706	0.1232	0.04845	0.1272	0.1678	0.1303	0.1715	1	0	0	0	0	0	0	0	0	0	0	0	0	0	0	0	0	0	0	0	0	0	0	0	0	0	0	0	0	0	0	0	0	0	
196	0.245	0.2148	0.2535	0.2199	0.1177	0.04706	0.1232	0.04845	0.1272	0.1678	0.1303	0.1715	1	0	0	0	0	0	0	0	0	0	0	0	0	0	0	0	0	0	0	0	0	0	0	0	0	0	0	0	0	0	0	0	0	0	
