# print values over probCutOff 0.05
G/L	POS	branch	branchLength	distance2root	distance2NearestOTU	numOfNodes2NearestOTU	probability
gain	1	N2	0.1686	0.1686	0.07016	2	0.08669
gain	1	S6	0.1959	0.1959	0	0	0.06353
loss	1	S6	0.1959	0.1959	0	0	0.09112
gain	2	N2	0.1686	0.1686	0.07016	2	0.1057
loss	2	N2	0.1686	0.1686	0.07016	2	0.4339
loss	2	N3	0.06772	0.2364	0.002442	1	0.1446
gain	2	N5	0.08146	0.2501	0.003067	1	0.09892
loss	2	N5	0.08146	0.2501	0.003067	1	0.07467
loss	2	S1	0.003067	0.2532	0	0	0.1508
gain	2	S2	0.004728	0.2548	0	0	0.8492
gain	2	S6	0.1959	0.1959	0	0	0.3029
loss	2	S6	0.1959	0.1959	0	0	0.1884
gain	3	N2	0.1686	0.1686	0.07016	2	0.08919
loss	3	N2	0.1686	0.1686	0.07016	2	0.4492
loss	3	N3	0.06772	0.2364	0.002442	1	0.07467
gain	3	S5	0.001278	0.2417	0	0	0.9893
loss	3	N5	0.08146	0.2501	0.003067	1	0.08457
gain	3	S6	0.1959	0.1959	0	0	0.3028
loss	3	S6	0.1959	0.1959	0	0	0.1756
gain	4	N2	0.1686	0.1686	0.07016	2	0.05528
loss	4	N2	0.1686	0.1686	0.07016	2	0.5607
loss	4	N3	0.06772	0.2364	0.002442	1	0.05529
loss	4	N5	0.08146	0.2501	0.003067	1	0.06121
gain	4	S6	0.1959	0.1959	0	0	0.4867
loss	4	S6	0.1959	0.1959	0	0	0.06158
gain	5	N2	0.1686	0.1686	0.07016	2	0.08616
gain	5	S6	0.1959	0.1959	0	0	0.06293
loss	5	S6	0.1959	0.1959	0	0	0.09054
gain	6	N2	0.1686	0.1686	0.07016	2	0.157
loss	6	N2	0.1686	0.1686	0.07016	2	0.2807
loss	6	N3	0.06772	0.2364	0.002442	1	0.5198
gain	6	N5	0.08146	0.2501	0.003067	1	0.5039
gain	6	S6	0.1959	0.1959	0	0	0.2489
loss	6	S6	0.1959	0.1959	0	0	0.2055
gain	7	N2	0.1686	0.1686	0.07016	2	0.08604
gain	7	S6	0.1959	0.1959	0	0	0.06282
loss	7	S6	0.1959	0.1959	0	0	0.09042
gain	8	N2	0.1686	0.1686	0.07016	2	0.08604
gain	8	S6	0.1959	0.1959	0	0	0.06282
loss	8	S6	0.1959	0.1959	0	0	0.09042
gain	9	N2	0.1686	0.1686	0.07016	2	0.05225
gain	9	S6	0.1959	0.1959	0	0	0.0612
gain	10	N2	0.1686	0.1686	0.07016	2	0.05225
gain	10	S6	0.1959	0.1959	0	0	0.0612
gain	11	N2	0.1686	0.1686	0.07016	2	0.05225
gain	11	S6	0.1959	0.1959	0	0	0.0612
gain	12	N2	0.1686	0.1686	0.07016	2	0.05528
loss	12	N2	0.1686	0.1686	0.07016	2	0.5607
loss	12	N3	0.06772	0.2364	0.002442	1	0.05529
loss	12	N5	0.08146	0.2501	0.003067	1	0.06121
gain	12	S6	0.1959	0.1959	0	0	0.4867
loss	12	S6	0.1959	0.1959	0	0	0.06158
gain	13	N2	0.1686	0.1686	0.07016	2	0.08604
gain	13	S6	0.1959	0.1959	0	0	0.06282
loss	13	S6	0.1959	0.1959	0	0	0.09042
gain	14	N2	0.1686	0.1686	0.07016	2	0.05225
gain	14	S6	0.1959	0.1959	0	0	0.0612
gain	15	N2	0.1686	0.1686	0.07016	2	0.05225
gain	15	S6	0.1959	0.1959	0	0	0.0612
gain	16	N2	0.1686	0.1686	0.07016	2	0.05225
gain	16	S6	0.1959	0.1959	0	0	0.0612
gain	17	N2	0.1686	0.1686	0.07016	2	0.05225
gain	17	S6	0.1959	0.1959	0	0	0.0612
gain	18	N2	0.1686	0.1686	0.07016	2	0.05225
gain	18	S6	0.1959	0.1959	0	0	0.0612
gain	19	N2	0.1686	0.1686	0.07016	2	0.05225
gain	19	S6	0.1959	0.1959	0	0	0.0612
gain	20	N2	0.1686	0.1686	0.07016	2	0.05528
loss	20	N2	0.1686	0.1686	0.07016	2	0.5607
loss	20	N3	0.06772	0.2364	0.002442	1	0.05529
loss	20	N5	0.08146	0.2501	0.003067	1	0.06121
gain	20	S6	0.1959	0.1959	0	0	0.4867
loss	20	S6	0.1959	0.1959	0	0	0.06158
gain	21	N2	0.1686	0.1686	0.07016	2	0.05225
gain	21	S6	0.1959	0.1959	0	0	0.0612
gain	22	N2	0.1686	0.1686	0.07016	2	0.05225
gain	22	S6	0.1959	0.1959	0	0	0.0612
gain	23	N2	0.1686	0.1686	0.07016	2	0.05225
gain	23	S6	0.1959	0.1959	0	0	0.0612
gain	24	N2	0.1686	0.1686	0.07016	2	0.05225
gain	24	S6	0.1959	0.1959	0	0	0.0612
gain	25	N2	0.1686	0.1686	0.07016	2	0.05225
gain	25	S6	0.1959	0.1959	0	0	0.0612
gain	26	N2	0.1686	0.1686	0.07016	2	0.05528
loss	26	N2	0.1686	0.1686	0.07016	2	0.5607
loss	26	N3	0.06772	0.2364	0.002442	1	0.05529
loss	26	N5	0.08146	0.2501	0.003067	1	0.06121
gain	26	S6	0.1959	0.1959	0	0	0.4867
loss	26	S6	0.1959	0.1959	0	0	0.06158
gain	27	N2	0.1686	0.1686	0.07016	2	0.05225
gain	27	S6	0.1959	0.1959	0	0	0.0612
gain	28	N2	0.1686	0.1686	0.07016	2	0.05225
gain	28	S6	0.1959	0.1959	0	0	0.0612
gain	29	N2	0.1686	0.1686	0.07016	2	0.05225
gain	29	S6	0.1959	0.1959	0	0	0.0612
gain	30	N2	0.1686	0.1686	0.07016	2	0.05225
gain	30	S6	0.1959	0.1959	0	0	0.0612
gain	31	N2	0.1686	0.1686	0.07016	2	0.05225
gain	31	S6	0.1959	0.1959	0	0	0.0612
gain	32	N2	0.1686	0.1686	0.07016	2	0.05225
gain	32	S6	0.1959	0.1959	0	0	0.0612
gain	33	N2	0.1686	0.1686	0.07016	2	0.05225
gain	33	S6	0.1959	0.1959	0	0	0.0612
gain	34	N2	0.1686	0.1686	0.07016	2	0.05225
gain	34	S6	0.1959	0.1959	0	0	0.0612
gain	35	N2	0.1686	0.1686	0.07016	2	0.05225
gain	35	S6	0.1959	0.1959	0	0	0.0612
gain	36	N2	0.1686	0.1686	0.07016	2	0.05225
gain	36	S6	0.1959	0.1959	0	0	0.0612
gain	37	N2	0.1686	0.1686	0.07016	2	0.05225
gain	37	S6	0.1959	0.1959	0	0	0.0612
gain	38	N2	0.1686	0.1686	0.07016	2	0.05225
gain	38	S6	0.1959	0.1959	0	0	0.0612
gain	39	N2	0.1686	0.1686	0.07016	2	0.05225
gain	39	S6	0.1959	0.1959	0	0	0.0612
gain	40	N2	0.1686	0.1686	0.07016	2	0.1529
loss	40	N2	0.1686	0.1686	0.07016	2	0.2718
gain	40	N3	0.06772	0.2364	0.002442	1	0.3363
loss	40	N5	0.08146	0.2501	0.003067	1	0.6878
gain	40	S6	0.1959	0.1959	0	0	0.2943
loss	40	S6	0.1959	0.1959	0	0	0.1075
gain	41	N2	0.1686	0.1686	0.07016	2	0.09149
gain	41	N5	0.08146	0.2501	0.003067	1	0.05067
gain	41	S6	0.1959	0.1959	0	0	0.07565
loss	41	S6	0.1959	0.1959	0	0	0.09875
gain	42	N2	0.1686	0.1686	0.07016	2	0.05528
loss	42	N2	0.1686	0.1686	0.07016	2	0.5607
loss	42	N3	0.06772	0.2364	0.002442	1	0.05529
loss	42	N5	0.08146	0.2501	0.003067	1	0.06121
gain	42	S6	0.1959	0.1959	0	0	0.4867
loss	42	S6	0.1959	0.1959	0	0	0.06158
gain	43	N2	0.1686	0.1686	0.07016	2	0.05225
gain	43	S6	0.1959	0.1959	0	0	0.0612
gain	44	N2	0.1686	0.1686	0.07016	2	0.05225
gain	44	S6	0.1959	0.1959	0	0	0.0612
gain	45	N2	0.1686	0.1686	0.07016	2	0.05225
gain	45	S6	0.1959	0.1959	0	0	0.0612
gain	46	N2	0.1686	0.1686	0.07016	2	0.05225
gain	46	S6	0.1959	0.1959	0	0	0.0612
gain	47	N2	0.1686	0.1686	0.07016	2	0.05225
gain	47	S6	0.1959	0.1959	0	0	0.0612
gain	48	N2	0.1686	0.1686	0.07016	2	0.05225
gain	48	S6	0.1959	0.1959	0	0	0.0612
gain	49	N2	0.1686	0.1686	0.07016	2	0.05225
gain	49	S6	0.1959	0.1959	0	0	0.0612
gain	50	N2	0.1686	0.1686	0.07016	2	0.05225
gain	50	S6	0.1959	0.1959	0	0	0.0612
gain	51	N2	0.1686	0.1686	0.07016	2	0.05225
gain	51	S6	0.1959	0.1959	0	0	0.0612
gain	52	N2	0.1686	0.1686	0.07016	2	0.05225
gain	52	S6	0.1959	0.1959	0	0	0.0612
gain	53	N2	0.1686	0.1686	0.07016	2	0.05528
loss	53	N2	0.1686	0.1686	0.07016	2	0.5607
loss	53	N3	0.06772	0.2364	0.002442	1	0.05529
loss	53	N5	0.08146	0.2501	0.003067	1	0.06121
gain	53	S6	0.1959	0.1959	0	0	0.4867
loss	53	S6	0.1959	0.1959	0	0	0.06158
gain	54	N2	0.1686	0.1686	0.07016	2	0.08604
gain	54	S6	0.1959	0.1959	0	0	0.06282
loss	54	S6	0.1959	0.1959	0	0	0.09042
gain	55	N2	0.1686	0.1686	0.07016	2	0.05225
gain	55	S6	0.1959	0.1959	0	0	0.0612
gain	56	N2	0.1686	0.1686	0.07016	2	0.05225
gain	56	S6	0.1959	0.1959	0	0	0.0612
gain	57	N2	0.1686	0.1686	0.07016	2	0.05225
gain	57	S6	0.1959	0.1959	0	0	0.0612
gain	58	N2	0.1686	0.1686	0.07016	2	0.05225
gain	58	S6	0.1959	0.1959	0	0	0.0612
gain	59	N2	0.1686	0.1686	0.07016	2	0.05225
gain	59	S6	0.1959	0.1959	0	0	0.0612
gain	60	N2	0.1686	0.1686	0.07016	2	0.4094
loss	60	N2	0.1686	0.1686	0.07016	2	0.07512
gain	60	N3	0.06772	0.2364	0.002442	1	0.0523
gain	60	N5	0.08146	0.2501	0.003067	1	0.05815
gain	60	S6	0.1959	0.1959	0	0	0.07835
loss	60	S6	0.1959	0.1959	0	0	0.6676
gain	61	N2	0.1686	0.1686	0.07016	2	0.05225
gain	61	S6	0.1959	0.1959	0	0	0.0612
gain	62	N2	0.1686	0.1686	0.07016	2	0.05225
gain	62	S6	0.1959	0.1959	0	0	0.0612
gain	63	N2	0.1686	0.1686	0.07016	2	0.05225
gain	63	S6	0.1959	0.1959	0	0	0.0612
gain	64	N2	0.1686	0.1686	0.07016	2	0.05225
gain	64	S6	0.1959	0.1959	0	0	0.0612
gain	65	N2	0.1686	0.1686	0.07016	2	0.05225
gain	65	S6	0.1959	0.1959	0	0	0.0612
gain	66	N2	0.1686	0.1686	0.07016	2	0.1175
loss	66	N2	0.1686	0.1686	0.07016	2	0.2291
gain	66	N3	0.06772	0.2364	0.002442	1	0.1176
loss	66	N4	0.004088	0.2404	0.001278	1	0.2216
gain	66	S3	0.002442	0.2388	0	0	0.7782
loss	66	N5	0.08146	0.2501	0.003067	1	0.1609
gain	66	S6	0.1959	0.1959	0	0	0.09666
loss	66	S6	0.1959	0.1959	0	0	0.3374
gain	67	N2	0.1686	0.1686	0.07016	2	0.05225
gain	67	S6	0.1959	0.1959	0	0	0.0612
gain	68	N2	0.1686	0.1686	0.07016	2	0.05225
gain	68	S6	0.1959	0.1959	0	0	0.0612
gain	69	N2	0.1686	0.1686	0.07016	2	0.4094
loss	69	N2	0.1686	0.1686	0.07016	2	0.07512
gain	69	N3	0.06772	0.2364	0.002442	1	0.0523
gain	69	N5	0.08146	0.2501	0.003067	1	0.05815
gain	69	S6	0.1959	0.1959	0	0	0.07835
loss	69	S6	0.1959	0.1959	0	0	0.6676
gain	70	N2	0.1686	0.1686	0.07016	2	0.05225
gain	70	S6	0.1959	0.1959	0	0	0.0612
gain	71	N2	0.1686	0.1686	0.07016	2	0.05528
loss	71	N2	0.1686	0.1686	0.07016	2	0.5607
loss	71	N3	0.06772	0.2364	0.002442	1	0.05529
loss	71	N5	0.08146	0.2501	0.003067	1	0.06121
gain	71	S6	0.1959	0.1959	0	0	0.4867
loss	71	S6	0.1959	0.1959	0	0	0.06158
gain	72	N2	0.1686	0.1686	0.07016	2	0.05225
gain	72	S6	0.1959	0.1959	0	0	0.0612
gain	73	N2	0.1686	0.1686	0.07016	2	0.05225
gain	73	S6	0.1959	0.1959	0	0	0.0612
gain	74	N2	0.1686	0.1686	0.07016	2	0.05225
gain	74	S6	0.1959	0.1959	0	0	0.0612
gain	75	N2	0.1686	0.1686	0.07016	2	0.05225
gain	75	S6	0.1959	0.1959	0	0	0.0612
gain	76	N2	0.1686	0.1686	0.07016	2	0.05225
gain	76	S6	0.1959	0.1959	0	0	0.0612
gain	77	N2	0.1686	0.1686	0.07016	2	0.05225
gain	77	S6	0.1959	0.1959	0	0	0.0612
gain	78	N2	0.1686	0.1686	0.07016	2	0.05225
gain	78	S6	0.1959	0.1959	0	0	0.0612
gain	79	N2	0.1686	0.1686	0.07016	2	0.05225
gain	79	S6	0.1959	0.1959	0	0	0.0612
gain	80	N2	0.1686	0.1686	0.07016	2	0.1459
loss	80	N2	0.1686	0.1686	0.07016	2	0.3207
loss	80	N3	0.06772	0.2364	0.002442	1	0.6027
gain	80	N5	0.08146	0.2501	0.003067	1	0.4227
gain	80	S6	0.1959	0.1959	0	0	0.3182
loss	80	S6	0.1959	0.1959	0	0	0.1084
gain	81	N2	0.1686	0.1686	0.07016	2	0.05225
gain	81	S6	0.1959	0.1959	0	0	0.0612
gain	82	N2	0.1686	0.1686	0.07016	2	0.05225
gain	82	S6	0.1959	0.1959	0	0	0.0612
gain	83	N2	0.1686	0.1686	0.07016	2	0.05225
gain	83	S6	0.1959	0.1959	0	0	0.0612
gain	84	N2	0.1686	0.1686	0.07016	2	0.05225
gain	84	S6	0.1959	0.1959	0	0	0.0612
gain	85	N2	0.1686	0.1686	0.07016	2	0.05225
gain	85	S6	0.1959	0.1959	0	0	0.0612
gain	86	N2	0.1686	0.1686	0.07016	2	0.05225
gain	86	S6	0.1959	0.1959	0	0	0.0612
gain	87	N2	0.1686	0.1686	0.07016	2	0.05225
gain	87	S6	0.1959	0.1959	0	0	0.0612
gain	88	N2	0.1686	0.1686	0.07016	2	0.05225
gain	88	S6	0.1959	0.1959	0	0	0.0612
gain	89	N2	0.1686	0.1686	0.07016	2	0.05225
gain	89	S6	0.1959	0.1959	0	0	0.0612
gain	90	N2	0.1686	0.1686	0.07016	2	0.05225
gain	90	S6	0.1959	0.1959	0	0	0.0612
gain	91	N2	0.1686	0.1686	0.07016	2	0.4094
loss	91	N2	0.1686	0.1686	0.07016	2	0.07512
gain	91	N3	0.06772	0.2364	0.002442	1	0.0523
gain	91	N5	0.08146	0.2501	0.003067	1	0.05815
gain	91	S6	0.1959	0.1959	0	0	0.07835
loss	91	S6	0.1959	0.1959	0	0	0.6676
gain	92	N2	0.1686	0.1686	0.07016	2	0.05225
gain	92	S6	0.1959	0.1959	0	0	0.0612
gain	93	N2	0.1686	0.1686	0.07016	2	0.05225
gain	93	S6	0.1959	0.1959	0	0	0.0612
gain	94	N2	0.1686	0.1686	0.07016	2	0.05225
gain	94	S6	0.1959	0.1959	0	0	0.0612
gain	95	N2	0.1686	0.1686	0.07016	2	0.05225
gain	95	S6	0.1959	0.1959	0	0	0.0612
gain	96	N2	0.1686	0.1686	0.07016	2	0.05225
gain	96	S6	0.1959	0.1959	0	0	0.0612
gain	97	N2	0.1686	0.1686	0.07016	2	0.05225
gain	97	S6	0.1959	0.1959	0	0	0.0612
gain	98	N2	0.1686	0.1686	0.07016	2	0.4094
loss	98	N2	0.1686	0.1686	0.07016	2	0.07512
gain	98	N3	0.06772	0.2364	0.002442	1	0.0523
gain	98	N5	0.08146	0.2501	0.003067	1	0.05815
gain	98	S6	0.1959	0.1959	0	0	0.07835
loss	98	S6	0.1959	0.1959	0	0	0.6676
gain	99	N2	0.1686	0.1686	0.07016	2	0.05225
gain	99	S6	0.1959	0.1959	0	0	0.0612
gain	100	N2	0.1686	0.1686	0.07016	2	0.05225
gain	100	S6	0.1959	0.1959	0	0	0.0612
gain	101	N2	0.1686	0.1686	0.07016	2	0.4094
loss	101	N2	0.1686	0.1686	0.07016	2	0.07512
gain	101	N3	0.06772	0.2364	0.002442	1	0.0523
gain	101	N5	0.08146	0.2501	0.003067	1	0.05815
gain	101	S6	0.1959	0.1959	0	0	0.07835
loss	101	S6	0.1959	0.1959	0	0	0.6676
gain	102	N2	0.1686	0.1686	0.07016	2	0.06261
loss	102	N2	0.1686	0.1686	0.07016	2	0.08783
gain	102	S6	0.1959	0.1959	0	0	0.112
gain	103	N2	0.1686	0.1686	0.07016	2	0.05225
gain	103	S6	0.1959	0.1959	0	0	0.0612
gain	104	N2	0.1686	0.1686	0.07016	2	0.05225
gain	104	S6	0.1959	0.1959	0	0	0.0612
gain	105	N2	0.1686	0.1686	0.07016	2	0.05225
gain	105	S6	0.1959	0.1959	0	0	0.0612
gain	106	N2	0.1686	0.1686	0.07016	2	0.05225
gain	106	S6	0.1959	0.1959	0	0	0.0612
gain	107	N2	0.1686	0.1686	0.07016	2	0.05225
gain	107	S6	0.1959	0.1959	0	0	0.0612
gain	108	N2	0.1686	0.1686	0.07016	2	0.05225
gain	108	S6	0.1959	0.1959	0	0	0.0612
gain	109	N2	0.1686	0.1686	0.07016	2	0.05528
loss	109	N2	0.1686	0.1686	0.07016	2	0.5607
loss	109	N3	0.06772	0.2364	0.002442	1	0.05529
loss	109	N5	0.08146	0.2501	0.003067	1	0.06121
gain	109	S6	0.1959	0.1959	0	0	0.4867
loss	109	S6	0.1959	0.1959	0	0	0.06158
gain	110	N2	0.1686	0.1686	0.07016	2	0.08604
gain	110	S6	0.1959	0.1959	0	0	0.06282
loss	110	S6	0.1959	0.1959	0	0	0.09042
gain	111	N2	0.1686	0.1686	0.07016	2	0.05225
gain	111	S6	0.1959	0.1959	0	0	0.0612
gain	112	N2	0.1686	0.1686	0.07016	2	0.05225
gain	112	S6	0.1959	0.1959	0	0	0.0612
gain	113	N2	0.1686	0.1686	0.07016	2	0.05225
gain	113	S6	0.1959	0.1959	0	0	0.0612
gain	114	N2	0.1686	0.1686	0.07016	2	0.05225
gain	114	S6	0.1959	0.1959	0	0	0.0612
gain	115	N2	0.1686	0.1686	0.07016	2	0.05225
gain	115	S6	0.1959	0.1959	0	0	0.0612
gain	116	N2	0.1686	0.1686	0.07016	2	0.05225
gain	116	S6	0.1959	0.1959	0	0	0.0612
gain	117	N2	0.1686	0.1686	0.07016	2	0.05225
gain	117	S6	0.1959	0.1959	0	0	0.0612
gain	118	N2	0.1686	0.1686	0.07016	2	0.05225
gain	118	S6	0.1959	0.1959	0	0	0.0612
gain	119	N2	0.1686	0.1686	0.07016	2	0.05225
gain	119	S6	0.1959	0.1959	0	0	0.0612
gain	120	N2	0.1686	0.1686	0.07016	2	0.05225
gain	120	S6	0.1959	0.1959	0	0	0.0612
gain	121	N2	0.1686	0.1686	0.07016	2	0.4094
loss	121	N2	0.1686	0.1686	0.07016	2	0.07512
gain	121	N3	0.06772	0.2364	0.002442	1	0.0523
gain	121	N5	0.08146	0.2501	0.003067	1	0.05815
gain	121	S6	0.1959	0.1959	0	0	0.07835
loss	121	S6	0.1959	0.1959	0	0	0.6676
gain	122	N2	0.1686	0.1686	0.07016	2	0.05225
gain	122	S6	0.1959	0.1959	0	0	0.0612
gain	123	N2	0.1686	0.1686	0.07016	2	0.05225
gain	123	S6	0.1959	0.1959	0	0	0.0612
gain	124	N2	0.1686	0.1686	0.07016	2	0.05225
gain	124	S6	0.1959	0.1959	0	0	0.0612
gain	125	N2	0.1686	0.1686	0.07016	2	0.05225
gain	125	S6	0.1959	0.1959	0	0	0.0612
gain	126	N2	0.1686	0.1686	0.07016	2	0.2088
loss	126	N2	0.1686	0.1686	0.07016	2	0.1797
gain	126	N3	0.06772	0.2364	0.002442	1	0.5976
loss	126	N5	0.08146	0.2501	0.003067	1	0.4239
gain	126	S6	0.1959	0.1959	0	0	0.09881
loss	126	S6	0.1959	0.1959	0	0	0.4541
gain	127	N2	0.1686	0.1686	0.07016	2	0.05225
gain	127	S6	0.1959	0.1959	0	0	0.0612
gain	128	N2	0.1686	0.1686	0.07016	2	0.05225
gain	128	S6	0.1959	0.1959	0	0	0.0612
gain	129	N2	0.1686	0.1686	0.07016	2	0.2088
loss	129	N2	0.1686	0.1686	0.07016	2	0.1797
gain	129	N3	0.06772	0.2364	0.002442	1	0.5976
loss	129	N5	0.08146	0.2501	0.003067	1	0.4239
gain	129	S6	0.1959	0.1959	0	0	0.09881
loss	129	S6	0.1959	0.1959	0	0	0.4541
gain	130	N2	0.1686	0.1686	0.07016	2	0.3676
loss	130	N2	0.1686	0.1686	0.07016	2	0.09778
loss	130	N3	0.06772	0.2364	0.002442	1	0.0752
gain	130	N5	0.08146	0.2501	0.003067	1	0.1723
gain	130	S6	0.1959	0.1959	0	0	0.08254
loss	130	S6	0.1959	0.1959	0	0	0.6231
gain	131	N2	0.1686	0.1686	0.07016	2	0.06261
loss	131	N2	0.1686	0.1686	0.07016	2	0.08783
gain	131	S6	0.1959	0.1959	0	0	0.112
gain	132	N2	0.1686	0.1686	0.07016	2	0.05225
gain	132	S6	0.1959	0.1959	0	0	0.0612
gain	133	N2	0.1686	0.1686	0.07016	2	0.05225
gain	133	S6	0.1959	0.1959	0	0	0.0612
gain	134	N2	0.1686	0.1686	0.07016	2	0.4094
loss	134	N2	0.1686	0.1686	0.07016	2	0.07512
gain	134	N3	0.06772	0.2364	0.002442	1	0.0523
gain	134	N5	0.08146	0.2501	0.003067	1	0.05815
gain	134	S6	0.1959	0.1959	0	0	0.07835
loss	134	S6	0.1959	0.1959	0	0	0.6676
gain	135	N2	0.1686	0.1686	0.07016	2	0.05225
gain	135	S6	0.1959	0.1959	0	0	0.0612
gain	136	N2	0.1686	0.1686	0.07016	2	0.4094
loss	136	N2	0.1686	0.1686	0.07016	2	0.07512
gain	136	N3	0.06772	0.2364	0.002442	1	0.0523
gain	136	N5	0.08146	0.2501	0.003067	1	0.05815
gain	136	S6	0.1959	0.1959	0	0	0.07835
loss	136	S6	0.1959	0.1959	0	0	0.6676
gain	137	N2	0.1686	0.1686	0.07016	2	0.06261
loss	137	N2	0.1686	0.1686	0.07016	2	0.08783
gain	137	S6	0.1959	0.1959	0	0	0.112
gain	138	N2	0.1686	0.1686	0.07016	2	0.05225
gain	138	S6	0.1959	0.1959	0	0	0.0612
gain	139	N2	0.1686	0.1686	0.07016	2	0.4094
loss	139	N2	0.1686	0.1686	0.07016	2	0.07512
gain	139	N3	0.06772	0.2364	0.002442	1	0.0523
gain	139	N5	0.08146	0.2501	0.003067	1	0.05815
gain	139	S6	0.1959	0.1959	0	0	0.07835
loss	139	S6	0.1959	0.1959	0	0	0.6676
gain	140	N2	0.1686	0.1686	0.07016	2	0.05225
gain	140	S6	0.1959	0.1959	0	0	0.0612
gain	141	N2	0.1686	0.1686	0.07016	2	0.05225
gain	141	S6	0.1959	0.1959	0	0	0.0612
gain	142	N2	0.1686	0.1686	0.07016	2	0.09115
loss	142	N2	0.1686	0.1686	0.07016	2	0.2286
loss	142	N3	0.06772	0.2364	0.002442	1	0.08661
gain	142	N5	0.08146	0.2501	0.003067	1	0.07643
loss	142	S1	0.003067	0.2532	0	0	0.1023
gain	142	S2	0.004728	0.2548	0	0	0.8977
gain	142	S6	0.1959	0.1959	0	0	0.09027
loss	142	S6	0.1959	0.1959	0	0	0.2927
gain	143	N2	0.1686	0.1686	0.07016	2	0.1785
loss	143	N2	0.1686	0.1686	0.07016	2	0.1938
loss	143	N3	0.06772	0.2364	0.002442	1	0.3329
gain	143	N5	0.08146	0.2501	0.003067	1	0.665
gain	143	S6	0.1959	0.1959	0	0	0.09696
loss	143	S6	0.1959	0.1959	0	0	0.4132
gain	144	N2	0.1686	0.1686	0.07016	2	0.3746
loss	144	N2	0.1686	0.1686	0.07016	2	0.09412
gain	144	N3	0.06772	0.2364	0.002442	1	0.147
gain	144	N5	0.08146	0.2501	0.003067	1	0.05132
loss	144	N5	0.08146	0.2501	0.003067	1	0.09177
gain	144	S6	0.1959	0.1959	0	0	0.08251
loss	144	S6	0.1959	0.1959	0	0	0.6317
gain	145	N2	0.1686	0.1686	0.07016	2	0.06261
loss	145	N2	0.1686	0.1686	0.07016	2	0.08783
gain	145	S6	0.1959	0.1959	0	0	0.112
gain	146	N2	0.1686	0.1686	0.07016	2	0.06261
loss	146	N2	0.1686	0.1686	0.07016	2	0.08783
gain	146	S6	0.1959	0.1959	0	0	0.112
gain	147	N2	0.1686	0.1686	0.07016	2	0.05269
gain	147	S6	0.1959	0.1959	0	0	0.06181
gain	148	N2	0.1686	0.1686	0.07016	2	0.05225
gain	148	S6	0.1959	0.1959	0	0	0.0612
gain	149	N2	0.1686	0.1686	0.07016	2	0.05225
gain	149	S6	0.1959	0.1959	0	0	0.0612
gain	150	N2	0.1686	0.1686	0.07016	2	0.05225
gain	150	S6	0.1959	0.1959	0	0	0.0612
gain	151	N2	0.1686	0.1686	0.07016	2	0.05225
gain	151	S6	0.1959	0.1959	0	0	0.0612
gain	152	N2	0.1686	0.1686	0.07016	2	0.05225
gain	152	S6	0.1959	0.1959	0	0	0.0612
gain	153	N2	0.1686	0.1686	0.07016	2	0.4094
loss	153	N2	0.1686	0.1686	0.07016	2	0.07512
gain	153	N3	0.06772	0.2364	0.002442	1	0.0523
gain	153	N5	0.08146	0.2501	0.003067	1	0.05815
gain	153	S6	0.1959	0.1959	0	0	0.07835
loss	153	S6	0.1959	0.1959	0	0	0.6676
gain	154	N2	0.1686	0.1686	0.07016	2	0.06261
loss	154	N2	0.1686	0.1686	0.07016	2	0.08783
gain	154	S6	0.1959	0.1959	0	0	0.112
gain	155	N2	0.1686	0.1686	0.07016	2	0.4094
loss	155	N2	0.1686	0.1686	0.07016	2	0.07512
gain	155	N3	0.06772	0.2364	0.002442	1	0.0523
gain	155	N5	0.08146	0.2501	0.003067	1	0.05815
gain	155	S6	0.1959	0.1959	0	0	0.07835
loss	155	S6	0.1959	0.1959	0	0	0.6676
gain	156	N2	0.1686	0.1686	0.07016	2	0.05225
gain	156	S6	0.1959	0.1959	0	0	0.0612
gain	157	N2	0.1686	0.1686	0.07016	2	0.05528
loss	157	N2	0.1686	0.1686	0.07016	2	0.5607
loss	157	N3	0.06772	0.2364	0.002442	1	0.05529
loss	157	N5	0.08146	0.2501	0.003067	1	0.06121
gain	157	S6	0.1959	0.1959	0	0	0.4867
loss	157	S6	0.1959	0.1959	0	0	0.06158
gain	158	N2	0.1686	0.1686	0.07016	2	0.08604
gain	158	S6	0.1959	0.1959	0	0	0.06282
loss	158	S6	0.1959	0.1959	0	0	0.09042
gain	159	N2	0.1686	0.1686	0.07016	2	0.08604
gain	159	S6	0.1959	0.1959	0	0	0.06282
loss	159	S6	0.1959	0.1959	0	0	0.09042
gain	160	N2	0.1686	0.1686	0.07016	2	0.1694
loss	160	N2	0.1686	0.1686	0.07016	2	0.2446
gain	160	N3	0.06772	0.2364	0.002442	1	0.4133
loss	160	N5	0.08146	0.2501	0.003067	1	0.61
gain	160	S6	0.1959	0.1959	0	0	0.2367
loss	160	S6	0.1959	0.1959	0	0	0.2096
gain	161	N2	0.1686	0.1686	0.07016	2	0.05225
gain	161	S6	0.1959	0.1959	0	0	0.0612
gain	162	N2	0.1686	0.1686	0.07016	2	0.05225
gain	162	S6	0.1959	0.1959	0	0	0.0612
gain	163	N2	0.1686	0.1686	0.07016	2	0.05225
gain	163	S6	0.1959	0.1959	0	0	0.0612
gain	164	N2	0.1686	0.1686	0.07016	2	0.05225
gain	164	S6	0.1959	0.1959	0	0	0.0612
gain	165	N2	0.1686	0.1686	0.07016	2	0.1154
loss	165	N2	0.1686	0.1686	0.07016	2	0.5746
loss	165	N3	0.06772	0.2364	0.002442	1	0.1842
gain	165	N5	0.08146	0.2501	0.003067	1	0.1142
loss	165	N5	0.08146	0.2501	0.003067	1	0.09309
loss	165	S1	0.003067	0.2532	0	0	0.1839
gain	165	S2	0.004728	0.2548	0	0	0.8162
gain	165	S6	0.1959	0.1959	0	0	0.4489
loss	165	S6	0.1959	0.1959	0	0	0.116
gain	166	N2	0.1686	0.1686	0.07016	2	0.1559
loss	166	N2	0.1686	0.1686	0.07016	2	0.2837
loss	166	N3	0.06772	0.2364	0.002442	1	0.5123
gain	166	N5	0.08146	0.2501	0.003067	1	0.4958
gain	166	S6	0.1959	0.1959	0	0	0.2499
loss	166	S6	0.1959	0.1959	0	0	0.205
gain	167	N2	0.1686	0.1686	0.07016	2	0.09212
gain	167	S6	0.1959	0.1959	0	0	0.07469
loss	167	S6	0.1959	0.1959	0	0	0.09883
gain	168	N2	0.1686	0.1686	0.07016	2	0.08657
gain	168	S6	0.1959	0.1959	0	0	0.06342
loss	168	S6	0.1959	0.1959	0	0	0.091
gain	169	N2	0.1686	0.1686	0.07016	2	0.4094
loss	169	N2	0.1686	0.1686	0.07016	2	0.07512
gain	169	N3	0.06772	0.2364	0.002442	1	0.0523
gain	169	N5	0.08146	0.2501	0.003067	1	0.05815
gain	169	S6	0.1959	0.1959	0	0	0.07835
loss	169	S6	0.1959	0.1959	0	0	0.6676
gain	170	N2	0.1686	0.1686	0.07016	2	0.05225
gain	170	S6	0.1959	0.1959	0	0	0.0612
gain	171	N2	0.1686	0.1686	0.07016	2	0.05225
gain	171	S6	0.1959	0.1959	0	0	0.0612
gain	172	N2	0.1686	0.1686	0.07016	2	0.05225
gain	172	S6	0.1959	0.1959	0	0	0.0612
gain	173	N2	0.1686	0.1686	0.07016	2	0.05225
gain	173	S6	0.1959	0.1959	0	0	0.0612
gain	174	N2	0.1686	0.1686	0.07016	2	0.2088
loss	174	N2	0.1686	0.1686	0.07016	2	0.1797
gain	174	N3	0.06772	0.2364	0.002442	1	0.5976
loss	174	N5	0.08146	0.2501	0.003067	1	0.4239
gain	174	S6	0.1959	0.1959	0	0	0.09881
loss	174	S6	0.1959	0.1959	0	0	0.4541
gain	175	N2	0.1686	0.1686	0.07016	2	0.3676
loss	175	N2	0.1686	0.1686	0.07016	2	0.09778
loss	175	N3	0.06772	0.2364	0.002442	1	0.0752
gain	175	N5	0.08146	0.2501	0.003067	1	0.1723
gain	175	S6	0.1959	0.1959	0	0	0.08254
loss	175	S6	0.1959	0.1959	0	0	0.6231
gain	176	N2	0.1686	0.1686	0.07016	2	0.05225
gain	176	S6	0.1959	0.1959	0	0	0.0612
gain	177	N2	0.1686	0.1686	0.07016	2	0.05225
gain	177	S6	0.1959	0.1959	0	0	0.0612
gain	178	N2	0.1686	0.1686	0.07016	2	0.4094
loss	178	N2	0.1686	0.1686	0.07016	2	0.07512
gain	178	N3	0.06772	0.2364	0.002442	1	0.0523
gain	178	N5	0.08146	0.2501	0.003067	1	0.05815
gain	178	S6	0.1959	0.1959	0	0	0.07835
loss	178	S6	0.1959	0.1959	0	0	0.6676
gain	179	N2	0.1686	0.1686	0.07016	2	0.05225
gain	179	S6	0.1959	0.1959	0	0	0.0612
gain	180	N2	0.1686	0.1686	0.07016	2	0.05225
gain	180	S6	0.1959	0.1959	0	0	0.0612
gain	181	N2	0.1686	0.1686	0.07016	2	0.05225
gain	181	S6	0.1959	0.1959	0	0	0.0612
gain	182	N2	0.1686	0.1686	0.07016	2	0.05225
gain	182	S6	0.1959	0.1959	0	0	0.0612
gain	183	N2	0.1686	0.1686	0.07016	2	0.4094
loss	183	N2	0.1686	0.1686	0.07016	2	0.07512
gain	183	N3	0.06772	0.2364	0.002442	1	0.0523
gain	183	N5	0.08146	0.2501	0.003067	1	0.05815
gain	183	S6	0.1959	0.1959	0	0	0.07835
loss	183	S6	0.1959	0.1959	0	0	0.6676
gain	184	N2	0.1686	0.1686	0.07016	2	0.1459
loss	184	N2	0.1686	0.1686	0.07016	2	0.3207
loss	184	N3	0.06772	0.2364	0.002442	1	0.6027
gain	184	N5	0.08146	0.2501	0.003067	1	0.4227
gain	184	S6	0.1959	0.1959	0	0	0.3182
loss	184	S6	0.1959	0.1959	0	0	0.1084
gain	185	N2	0.1686	0.1686	0.07016	2	0.05225
gain	185	S6	0.1959	0.1959	0	0	0.0612
gain	186	N2	0.1686	0.1686	0.07016	2	0.05225
gain	186	S6	0.1959	0.1959	0	0	0.0612
gain	187	N2	0.1686	0.1686	0.07016	2	0.05225
gain	187	S6	0.1959	0.1959	0	0	0.0612
gain	188	N2	0.1686	0.1686	0.07016	2	0.05225
gain	188	S6	0.1959	0.1959	0	0	0.0612
gain	189	N2	0.1686	0.1686	0.07016	2	0.07352
loss	189	N2	0.1686	0.1686	0.07016	2	0.2225
gain	189	S4	0.001831	0.2423	0	0	0.9962
loss	189	N5	0.08146	0.2501	0.003067	1	0.05074
gain	189	S6	0.1959	0.1959	0	0	0.08426
loss	189	S6	0.1959	0.1959	0	0	0.2593
gain	190	N2	0.1686	0.1686	0.07016	2	0.05238
gain	190	S6	0.1959	0.1959	0	0	0.06136
gain	191	N2	0.1686	0.1686	0.07016	2	0.05238
gain	191	S6	0.1959	0.1959	0	0	0.06136
gain	192	N2	0.1686	0.1686	0.07016	2	0.05238
gain	192	S6	0.1959	0.1959	0	0	0.06136
gain	193	N2	0.1686	0.1686	0.07016	2	0.3602
loss	193	N2	0.1686	0.1686	0.07016	2	0.1572
gain	193	N3	0.06772	0.2364	0.002442	1	0.1959
gain	193	N5	0.08146	0.2501	0.003067	1	0.06601
loss	193	N5	0.08146	0.2501	0.003067	1	0.1862
gain	193	S1	0.003067	0.2532	0	0	0.2986
loss	193	S2	0.004728	0.2548	0	0	0.7015
gain	193	S6	0.1959	0.1959	0	0	0.1266
loss	193	S6	0.1959	0.1959	0	0	0.6935
gain	194	N2	0.1686	0.1686	0.07016	2	0.3653
loss	194	N2	0.1686	0.1686	0.07016	2	0.09937
loss	194	N3	0.06772	0.2364	0.002442	1	0.07494
gain	194	N5	0.08146	0.2501	0.003067	1	0.1708
gain	194	S6	0.1959	0.1959	0	0	0.08293
loss	194	S6	0.1959	0.1959	0	0	0.621
gain	195	N2	0.1686	0.1686	0.07016	2	0.06261
loss	195	N2	0.1686	0.1686	0.07016	2	0.08783
gain	195	S6	0.1959	0.1959	0	0	0.112
gain	196	N2	0.1686	0.1686	0.07016	2	0.06261
loss	196	N2	0.1686	0.1686	0.07016	2	0.08783
gain	196	S6	0.1959	0.1959	0	0	0.112
