# Rates were calculated using the expectation of the posterior rate distribution
# Prior distribution is Gamma with 4 discrete categories
# The alpha parameter 0.3705
# sp.rates(j)  j= 0	0.0127	0.25
# sp.rates(j)  j= 1	0.1594	0.25
# sp.rates(j)  j= 2	0.6972	0.25
# sp.rates(j)  j= 3	3.131	0.25

=========================================================================================================================================================
# POS	RATE
1	0.8969
2	2.345
3	2.24
4	1.659
5	0.8905
6	2.333
7	0.8892
8	0.8892
9	0.7748
10	0.7748
11	0.7748
12	1.659
13	0.8892
14	0.7748
15	0.7748
16	0.7748
17	0.7748
18	0.7748
19	0.7748
20	1.659
21	0.7748
22	0.7748
23	0.7748
24	0.7748
25	0.7748
26	1.659
27	0.7748
28	0.7748
29	0.7748
30	0.7748
31	0.7748
32	0.7748
33	0.7748
34	0.7748
35	0.7748
36	0.7748
37	0.7748
38	0.7748
39	0.7748
40	2.416
41	0.992
42	1.659
43	0.7748
44	0.7748
45	0.7748
46	0.7748
47	0.7748
48	0.7748
49	0.7748
50	0.7748
51	0.7748
52	0.7748
53	1.659
54	0.8892
55	0.7748
56	0.7748
57	0.7748
58	0.7748
59	0.7748
60	1.983
61	0.7748
62	0.7748
63	0.7748
64	0.7748
65	0.7748
66	1.932
67	0.7748
68	0.7748
69	1.983
70	0.7748
71	1.659
72	0.7748
73	0.7748
74	0.7748
75	0.7748
76	0.7748
77	0.7748
78	0.7748
79	0.7748
80	2.457
81	0.7748
82	0.7748
83	0.7748
84	0.7748
85	0.7748
86	0.7748
87	0.7748
88	0.7748
89	0.7748
90	0.7748
91	1.983
92	0.7748
93	0.7748
94	0.7748
95	0.7748
96	0.7748
97	0.7748
98	1.983
99	0.7748
100	0.7748
101	1.983
102	1
103	0.7748
104	0.7748
105	0.7748
106	0.7748
107	0.7748
108	0.7748
109	1.659
110	0.8892
111	0.7748
112	0.7748
113	0.7748
114	0.7748
115	0.7748
116	0.7748
117	0.7748
118	0.7748
119	0.7748
120	0.7748
121	1.983
122	0.7748
123	0.7748
124	0.7748
125	0.7748
126	2.132
127	0.7748
128	0.7748
129	2.132
130	2.01
131	1
132	0.7748
133	0.7748
134	1.983
135	0.7748
136	1.983
137	1
138	0.7748
139	1.983
140	0.7748
141	0.7748
142	1.787
143	2.047
144	2.021
145	1
146	1
147	0.7805
148	0.7748
149	0.7748
150	0.7748
151	0.7748
152	0.7748
153	1.983
154	1
155	1.983
156	0.7748
157	1.659
158	0.8892
159	0.8892
160	2.332
161	0.7748
162	0.7748
163	0.7748
164	0.7748
165	2.724
166	2.332
167	0.99
168	0.8956
169	1.983
170	0.7748
171	0.7748
172	0.7748
173	0.7748
174	2.132
175	2.01
176	0.7748
177	0.7748
178	1.983
179	0.7748
180	0.7748
181	0.7748
182	0.7748
183	1.983
184	2.457
185	0.7748
186	0.7748
187	0.7748
188	0.7748
189	1.666
190	0.7764
191	0.7764
192	0.7764
193	2.837
194	2.014
195	1
196	1
# Average = 1.073
# Standard Deviation = 0.5333
