# Rate values were normalized to Z score (mean rate=0, +/-1 rat= +/-standard error)
# Rates were calculated using the expectation of the posterior rate distribution
# Prior distribution is Gamma with 4 discrete categories
# The alpha parameter 0.3705
# sp.rates(j)  j= 0	0.0127	0.25
# sp.rates(j)  j= 1	0.1594	0.25
# sp.rates(j)  j= 2	0.6972	0.25
# sp.rates(j)  j= 3	3.131	0.25

=========================================================================================================================================================
# POS	RATE
1	-0.3295
2	2.386
3	2.189
4	1.099
5	-0.3415
6	2.362
7	-0.3439
8	-0.3439
9	-0.5583
10	-0.5583
11	-0.5583
12	1.099
13	-0.3439
14	-0.5583
15	-0.5583
16	-0.5583
17	-0.5583
18	-0.5583
19	-0.5583
20	1.099
21	-0.5583
22	-0.5583
23	-0.5583
24	-0.5583
25	-0.5583
26	1.099
27	-0.5583
28	-0.5583
29	-0.5583
30	-0.5583
31	-0.5583
32	-0.5583
33	-0.5583
34	-0.5583
35	-0.5583
36	-0.5583
37	-0.5583
38	-0.5583
39	-0.5583
40	2.518
41	-0.1512
42	1.099
43	-0.5583
44	-0.5583
45	-0.5583
46	-0.5583
47	-0.5583
48	-0.5583
49	-0.5583
50	-0.5583
51	-0.5583
52	-0.5583
53	1.099
54	-0.3439
55	-0.5583
56	-0.5583
57	-0.5583
58	-0.5583
59	-0.5583
60	1.708
61	-0.5583
62	-0.5583
63	-0.5583
64	-0.5583
65	-0.5583
66	1.611
67	-0.5583
68	-0.5583
69	1.708
70	-0.5583
71	1.099
72	-0.5583
73	-0.5583
74	-0.5583
75	-0.5583
76	-0.5583
77	-0.5583
78	-0.5583
79	-0.5583
80	2.595
81	-0.5583
82	-0.5583
83	-0.5583
84	-0.5583
85	-0.5583
86	-0.5583
87	-0.5583
88	-0.5583
89	-0.5583
90	-0.5583
91	1.708
92	-0.5583
93	-0.5583
94	-0.5583
95	-0.5583
96	-0.5583
97	-0.5583
98	1.708
99	-0.5583
100	-0.5583
101	1.708
102	-0.1361
103	-0.5583
104	-0.5583
105	-0.5583
106	-0.5583
107	-0.5583
108	-0.5583
109	1.099
110	-0.3439
111	-0.5583
112	-0.5583
113	-0.5583
114	-0.5583
115	-0.5583
116	-0.5583
117	-0.5583
118	-0.5583
119	-0.5583
120	-0.5583
121	1.708
122	-0.5583
123	-0.5583
124	-0.5583
125	-0.5583
126	1.987
127	-0.5583
128	-0.5583
129	1.987
130	1.758
131	-0.1361
132	-0.5583
133	-0.5583
134	1.708
135	-0.5583
136	1.708
137	-0.1361
138	-0.5583
139	1.708
140	-0.5583
141	-0.5583
142	1.339
143	1.827
144	1.777
145	-0.1361
146	-0.1361
147	-0.5478
148	-0.5583
149	-0.5583
150	-0.5583
151	-0.5583
152	-0.5583
153	1.708
154	-0.1361
155	1.708
156	-0.5583
157	1.099
158	-0.3439
159	-0.3439
160	2.362
161	-0.5583
162	-0.5583
163	-0.5583
164	-0.5583
165	3.096
166	2.361
167	-0.1549
168	-0.3319
169	1.708
170	-0.5583
171	-0.5583
172	-0.5583
173	-0.5583
174	1.987
175	1.758
176	-0.5583
177	-0.5583
178	1.708
179	-0.5583
180	-0.5583
181	-0.5583
182	-0.5583
183	1.708
184	2.595
185	-0.5583
186	-0.5583
187	-0.5583
188	-0.5583
189	1.113
190	-0.5553
191	-0.5553
192	-0.5553
193	3.308
194	1.766
195	-0.1361
196	-0.1361
# Average = 1.073
# Standard Deviation = 0.5333
