# Start coordinate are with the genome as reference (not MSA).
# Count starts from zero (first position = 1).
seqID	seqName	start	length
0	S1	1	1
0	S1	13	4
0	S1	28	2
0	S1	50	2
0	S1	63	1
0	S1	140	42
0	S1	526	21
0	S1	527	48
0	S1	581	3
0	S1	589	6
0	S1	624	3
0	S1	634	6
0	S1	639	4
0	S1	656	33
0	S1	680	3
0	S1	705	3
0	S1	773	3
0	S1	818	3
0	S1	826	1
0	S1	841	3
0	S1	863	15
0	S1	951	7
0	S1	987	3
0	S1	1020	9
0	S1	1124	3
0	S1	1159	20
0	S1	1227	10
0	S1	1252	3
0	S1	1266	12
0	S1	1273	4
0	S1	1287	3
0	S1	1307	3
0	S1	1346	10
0	S1	1369	9
0	S1	1389	3
0	S1	1412	6
0	S1	2696	9
0	S1	2723	12
0	S1	2782	1
0	S1	3139	6
0	S1	3153	6
0	S1	3273	7
0	S1	3311	7
0	S1	3337	24
0	S1	3365	35
0	S1	3388	3
0	S1	3390	3
0	S1	3415	16
0	S1	3463	37
0	S1	3489	3
0	S1	3513	3
0	S1	3524	12
0	S1	3693	6
0	S1	3818	21
0	S1	3830	18
0	S1	3852	32
0	S1	3857	3
0	S1	3869	14
0	S1	3894	36
0	S1	3908	17
0	S1	3952	13
0	S1	3996	15
0	S1	4029	2
0	S1	4081	3
0	S1	4154	6
0	S1	4161	6
0	S1	4169	1
0	S1	4191	3
0	S1	4201	90
0	S1	4241	1
0	S1	4265	22
0	S1	4306	3
0	S1	4387	1
0	S1	4415	6
0	S1	4673	12
0	S1	4710	12
0	S1	4776	12
0	S1	4869	3
0	S1	4875	3
0	S1	4892	12
0	S1	5028	3
0	S1	5080	6
0	S1	5194	3
0	S1	5201	6
0	S1	5224	6
0	S1	5406	9
0	S1	5413	18
0	S1	5438	12
0	S1	5443	3
0	S1	5453	60
0	S1	5474	6
0	S1	5504	2
0	S1	5540	1
0	S1	5553	29
0	S1	5568	32
0	S1	5572	4
0	S1	5622	9
0	S1	5685	9
0	S1	5790	6
0	S1	5950	6
0	S1	5951	3
0	S1	5955	6
0	S1	6173	3
0	S1	6201	12
0	S1	6616	6
0	S1	6829	9
0	S1	7069	3
0	S1	7193	11
0	S1	7218	6
0	S1	7244	18
0	S1	7302	13
0	S1	7316	23
0	S1	7328	8
0	S1	7343	4
0	S1	7396	83
0	S1	7397	1
0	S1	7421	3
0	S1	7427	13
0	S1	7434	3
0	S1	7443	10
0	S1	7465	5
0	S1	7477	11
0	S1	7484	22
0	S1	7520	57
0	S1	7544	1
0	S1	7555	4
0	S1	7578	6
0	S1	7582	5
0	S1	7606	10
0	S1	7615	1
0	S1	7624	12
0	S1	7633	3
0	S1	7636	11
0	S1	7645	42
0	S1	7665	35
0	S1	7675	17
0	S1	7686	6
0	S1	7701	11
0	S1	7702	77
0	S1	7723	8
0	S1	7790	4
0	S1	7800	34
0	S1	7810	13
0	S1	7823	8
0	S1	7863	1
0	S1	7867	23
0	S1	7876	1
0	S1	7906	9
0	S1	7918	11
0	S1	7940	8
0	S1	7955	1
0	S1	7974	35
0	S1	7984	10
0	S1	7988	1
0	S1	7999	3
0	S1	8017	2497
1	S2	1	1
1	S2	13	4
1	S2	28	2
1	S2	50	2
1	S2	63	1
1	S2	140	42
1	S2	526	21
1	S2	527	48
1	S2	581	3
1	S2	589	6
1	S2	624	3
1	S2	634	6
1	S2	639	4
1	S2	656	33
1	S2	680	3
1	S2	705	3
1	S2	773	3
1	S2	818	3
1	S2	826	1
1	S2	841	3
1	S2	863	15
1	S2	951	7
1	S2	987	3
1	S2	1020	9
1	S2	1124	3
1	S2	1159	20
1	S2	1227	10
1	S2	1252	3
1	S2	1266	12
1	S2	1273	4
1	S2	1287	3
1	S2	1307	3
1	S2	1346	10
1	S2	1369	9
1	S2	1389	3
1	S2	1412	6
1	S2	2696	9
1	S2	2723	12
1	S2	2782	1
1	S2	3139	6
1	S2	3153	6
1	S2	3273	7
1	S2	3311	7
1	S2	3337	24
1	S2	3365	35
1	S2	3388	3
1	S2	3390	3
1	S2	3415	16
1	S2	3463	37
1	S2	3489	3
1	S2	3513	3
1	S2	3524	12
1	S2	3693	6
1	S2	3818	21
1	S2	3830	18
1	S2	3852	32
1	S2	3857	3
1	S2	3869	14
1	S2	3894	36
1	S2	3908	17
1	S2	3952	13
1	S2	3996	15
1	S2	4029	2
1	S2	4081	3
1	S2	4154	6
1	S2	4161	6
1	S2	4169	1
1	S2	4191	3
1	S2	4201	90
1	S2	4241	1
1	S2	4265	22
1	S2	4306	3
1	S2	4387	1
1	S2	4415	6
1	S2	4673	12
1	S2	4710	12
1	S2	4776	12
1	S2	4869	3
1	S2	4875	3
1	S2	4892	12
1	S2	5028	3
1	S2	5080	6
1	S2	5194	3
1	S2	5201	6
1	S2	5224	6
1	S2	5406	9
1	S2	5413	18
1	S2	5438	12
1	S2	5443	3
1	S2	5453	60
1	S2	5474	6
1	S2	5504	2
1	S2	5540	1
1	S2	5553	29
1	S2	5568	32
1	S2	5572	4
1	S2	5622	9
1	S2	5685	9
1	S2	5790	6
1	S2	5950	6
1	S2	5951	3
1	S2	5955	6
1	S2	6173	3
1	S2	6201	12
1	S2	6616	6
1	S2	6829	9
1	S2	7069	3
1	S2	7193	11
1	S2	7218	6
1	S2	7244	18
1	S2	7302	13
1	S2	7316	23
1	S2	7328	8
1	S2	7343	4
1	S2	7396	83
1	S2	7397	1
1	S2	7421	3
1	S2	7427	13
1	S2	7434	3
1	S2	7443	10
1	S2	7465	5
1	S2	7477	11
1	S2	7484	22
1	S2	7520	57
1	S2	7544	1
1	S2	7555	4
1	S2	7578	6
1	S2	7582	5
1	S2	7606	10
1	S2	7615	1
1	S2	7624	12
1	S2	7633	3
1	S2	7636	11
1	S2	7645	42
1	S2	7665	35
1	S2	7675	17
1	S2	7686	6
1	S2	7701	11
1	S2	7702	77
1	S2	7723	8
1	S2	7790	4
1	S2	7800	34
1	S2	7810	13
1	S2	7823	8
1	S2	7863	1
1	S2	7867	23
1	S2	7876	1
1	S2	7906	9
1	S2	7918	11
1	S2	7940	8
1	S2	7955	1
1	S2	7974	35
1	S2	7984	10
1	S2	7988	1
1	S2	7999	3
1	S2	8017	2497
2	S3	1	1
2	S3	13	4
2	S3	28	2
2	S3	50	2
2	S3	63	1
2	S3	140	42
2	S3	526	21
2	S3	527	48
2	S3	581	3
2	S3	589	6
2	S3	624	3
2	S3	634	6
2	S3	639	4
2	S3	656	33
2	S3	680	3
2	S3	705	3
2	S3	773	3
2	S3	818	3
2	S3	826	1
2	S3	841	3
2	S3	863	15
2	S3	951	7
2	S3	987	3
2	S3	1020	9
2	S3	1124	3
2	S3	1159	20
2	S3	1227	10
2	S3	1252	3
2	S3	1266	12
2	S3	1273	4
2	S3	1287	3
2	S3	1307	3
2	S3	1346	10
2	S3	1369	9
2	S3	1389	3
2	S3	1412	6
2	S3	2696	9
2	S3	2723	12
2	S3	2782	1
2	S3	3139	6
2	S3	3153	6
2	S3	3273	7
2	S3	3311	7
2	S3	3337	24
2	S3	3365	35
2	S3	3388	3
2	S3	3390	3
2	S3	3415	16
2	S3	3463	37
2	S3	3489	3
2	S3	3513	3
2	S3	3524	12
2	S3	3693	6
2	S3	3818	21
2	S3	3830	18
2	S3	3852	32
2	S3	3857	3
2	S3	3869	14
2	S3	3894	36
2	S3	3908	17
2	S3	3952	13
2	S3	3996	15
2	S3	4029	2
2	S3	4081	3
2	S3	4154	6
2	S3	4161	6
2	S3	4169	1
2	S3	4191	3
2	S3	4201	90
2	S3	4241	1
2	S3	4265	22
2	S3	4306	3
2	S3	4387	1
2	S3	4415	6
2	S3	4673	12
2	S3	4710	12
2	S3	4776	12
2	S3	4869	3
2	S3	4875	3
2	S3	4892	12
2	S3	5028	3
2	S3	5080	6
2	S3	5194	3
2	S3	5201	6
2	S3	5224	6
2	S3	5406	9
2	S3	5413	18
2	S3	5438	12
2	S3	5443	3
2	S3	5453	60
2	S3	5474	6
2	S3	5504	2
2	S3	5540	1
2	S3	5553	29
2	S3	5568	32
2	S3	5572	4
2	S3	5622	9
2	S3	5685	9
2	S3	5790	6
2	S3	5950	6
2	S3	5951	3
2	S3	5955	6
2	S3	6173	3
2	S3	6201	12
2	S3	6616	6
2	S3	6829	9
2	S3	7069	3
2	S3	7193	11
2	S3	7218	6
2	S3	7244	18
2	S3	7302	13
2	S3	7316	23
2	S3	7328	8
2	S3	7343	4
2	S3	7396	83
2	S3	7397	1
2	S3	7421	3
2	S3	7427	13
2	S3	7434	3
2	S3	7443	10
2	S3	7465	5
2	S3	7477	11
2	S3	7484	22
2	S3	7520	57
2	S3	7544	1
2	S3	7555	4
2	S3	7578	6
2	S3	7582	5
2	S3	7606	10
2	S3	7615	1
2	S3	7624	12
2	S3	7633	3
2	S3	7636	11
2	S3	7645	42
2	S3	7665	35
2	S3	7675	17
2	S3	7686	6
2	S3	7701	11
2	S3	7702	77
2	S3	7723	8
2	S3	7790	4
2	S3	7800	34
2	S3	7810	13
2	S3	7823	8
2	S3	7863	1
2	S3	7867	23
2	S3	7876	1
2	S3	7906	9
2	S3	7918	11
2	S3	7940	8
2	S3	7955	1
2	S3	7974	35
2	S3	7984	10
2	S3	7988	1
2	S3	7999	3
2	S3	8017	2497
3	S4	1	1
3	S4	13	4
3	S4	28	2
3	S4	50	2
3	S4	63	1
3	S4	140	42
3	S4	526	21
3	S4	527	48
3	S4	581	3
3	S4	589	6
3	S4	624	3
3	S4	634	6
3	S4	639	4
3	S4	656	33
3	S4	680	3
3	S4	705	3
3	S4	773	3
3	S4	818	3
3	S4	826	1
3	S4	841	3
3	S4	863	15
3	S4	951	7
3	S4	987	3
3	S4	1020	9
3	S4	1124	3
3	S4	1159	20
3	S4	1227	10
3	S4	1252	3
3	S4	1266	12
3	S4	1273	4
3	S4	1287	3
3	S4	1307	3
3	S4	1346	10
3	S4	1369	9
3	S4	1389	3
3	S4	1412	6
3	S4	2696	9
3	S4	2723	12
3	S4	2782	1
3	S4	3139	6
3	S4	3153	6
3	S4	3273	7
3	S4	3311	7
3	S4	3337	24
3	S4	3365	35
3	S4	3388	3
3	S4	3390	3
3	S4	3415	16
3	S4	3463	37
3	S4	3489	3
3	S4	3513	3
3	S4	3524	12
3	S4	3693	6
3	S4	3818	21
3	S4	3830	18
3	S4	3852	32
3	S4	3857	3
3	S4	3869	14
3	S4	3894	36
3	S4	3908	17
3	S4	3952	13
3	S4	3996	15
3	S4	4029	2
3	S4	4081	3
3	S4	4154	6
3	S4	4161	6
3	S4	4169	1
3	S4	4191	3
3	S4	4201	90
3	S4	4241	1
3	S4	4265	22
3	S4	4306	3
3	S4	4387	1
3	S4	4415	6
3	S4	4673	12
3	S4	4710	12
3	S4	4776	12
3	S4	4869	3
3	S4	4875	3
3	S4	4892	12
3	S4	5028	3
3	S4	5080	6
3	S4	5194	3
3	S4	5201	6
3	S4	5224	6
3	S4	5406	9
3	S4	5413	18
3	S4	5438	12
3	S4	5443	3
3	S4	5453	60
3	S4	5474	6
3	S4	5504	2
3	S4	5540	1
3	S4	5553	29
3	S4	5568	32
3	S4	5572	4
3	S4	5622	9
3	S4	5685	9
3	S4	5790	6
3	S4	5950	6
3	S4	5951	3
3	S4	5955	6
3	S4	6173	3
3	S4	6201	12
3	S4	6616	6
3	S4	6829	9
3	S4	7069	3
3	S4	7193	11
3	S4	7218	6
3	S4	7244	18
3	S4	7302	13
3	S4	7316	23
3	S4	7328	8
3	S4	7343	4
3	S4	7396	83
3	S4	7397	1
3	S4	7421	3
3	S4	7427	13
3	S4	7434	3
3	S4	7443	10
3	S4	7465	5
3	S4	7477	11
3	S4	7484	22
3	S4	7515	63
3	S4	7538	1
3	S4	7549	4
3	S4	7572	6
3	S4	7576	5
3	S4	7600	10
3	S4	7609	1
3	S4	7618	12
3	S4	7627	3
3	S4	7630	11
3	S4	7639	42
3	S4	7659	35
3	S4	7669	17
3	S4	7680	6
3	S4	7695	11
3	S4	7696	77
3	S4	7717	8
3	S4	7784	4
3	S4	7794	34
3	S4	7804	13
3	S4	7817	8
3	S4	7857	1
3	S4	7861	23
3	S4	7870	1
3	S4	7900	9
3	S4	7912	11
3	S4	7934	8
3	S4	7949	1
3	S4	7968	35
3	S4	7978	10
3	S4	7982	1
3	S4	7993	3
3	S4	8011	2497
4	S5	1	1
4	S5	13	4
4	S5	28	2
4	S5	50	2
4	S5	63	1
4	S5	140	42
4	S5	526	21
4	S5	527	48
4	S5	581	3
4	S5	589	6
4	S5	624	3
4	S5	634	6
4	S5	639	4
4	S5	656	33
4	S5	680	3
4	S5	705	3
4	S5	773	3
4	S5	818	3
4	S5	826	1
4	S5	841	3
4	S5	863	15
4	S5	951	7
4	S5	987	3
4	S5	1020	9
4	S5	1124	3
4	S5	1159	20
4	S5	1227	10
4	S5	1252	3
4	S5	1266	12
4	S5	1273	4
4	S5	1287	3
4	S5	1307	3
4	S5	1346	10
4	S5	1369	9
4	S5	1389	3
4	S5	1412	6
4	S5	2696	9
4	S5	2723	12
4	S5	2782	1
4	S5	3139	6
4	S5	3153	6
4	S5	3273	7
4	S5	3311	7
4	S5	3337	24
4	S5	3365	35
4	S5	3388	3
4	S5	3390	3
4	S5	3415	16
4	S5	3463	37
4	S5	3489	3
4	S5	3513	3
4	S5	3524	12
4	S5	3693	6
4	S5	3818	21
4	S5	3830	18
4	S5	3852	32
4	S5	3857	3
4	S5	3869	14
4	S5	3894	36
4	S5	3908	17
4	S5	3952	13
4	S5	3996	15
4	S5	4029	2
4	S5	4081	3
4	S5	4154	6
4	S5	4161	6
4	S5	4169	1
4	S5	4191	3
4	S5	4201	90
4	S5	4241	1
4	S5	4265	22
4	S5	4306	3
4	S5	4387	1
4	S5	4415	6
4	S5	4673	12
4	S5	4710	12
4	S5	4776	12
4	S5	4869	3
4	S5	4875	3
4	S5	4892	12
4	S5	5028	3
4	S5	5080	6
4	S5	5194	3
4	S5	5201	6
4	S5	5224	6
4	S5	5406	9
4	S5	5413	18
4	S5	5438	12
4	S5	5443	3
4	S5	5453	60
4	S5	5474	6
4	S5	5504	2
4	S5	5540	1
4	S5	5553	29
4	S5	5568	32
4	S5	5572	4
4	S5	5622	9
4	S5	5685	9
4	S5	5790	6
4	S5	5950	6
4	S5	5951	3
4	S5	5955	6
4	S5	6173	3
4	S5	6201	12
4	S5	6616	6
4	S5	6829	9
4	S5	7069	3
4	S5	7193	11
4	S5	7218	6
4	S5	7244	18
4	S5	7302	13
4	S5	7316	23
4	S5	7328	8
4	S5	7343	4
4	S5	7396	83
4	S5	7397	1
4	S5	7421	3
4	S5	7427	13
4	S5	7434	3
4	S5	7443	10
4	S5	7465	5
4	S5	7477	11
4	S5	7484	22
4	S5	7515	63
4	S5	7538	1
4	S5	7549	4
4	S5	7572	6
4	S5	7576	5
4	S5	7600	10
4	S5	7609	1
4	S5	7618	12
4	S5	7627	3
4	S5	7630	11
4	S5	7639	42
4	S5	7659	35
4	S5	7669	17
4	S5	7680	6
4	S5	7695	11
4	S5	7696	77
4	S5	7717	8
4	S5	7784	4
4	S5	7794	67
4	S5	7797	8
4	S5	7837	1
4	S5	7841	23
4	S5	7850	1
4	S5	7880	9
4	S5	7892	11
4	S5	7914	8
4	S5	7929	1
4	S5	7948	35
4	S5	7958	10
4	S5	7962	1
4	S5	7973	3
4	S5	7991	2497
5	S6	1	1
5	S6	13	4
5	S6	28	2
5	S6	50	2
5	S6	63	1
5	S6	140	42
5	S6	526	21
5	S6	527	48
5	S6	581	3
5	S6	589	6
5	S6	624	3
5	S6	634	6
5	S6	639	4
5	S6	656	33
5	S6	680	3
5	S6	705	3
5	S6	773	3
5	S6	818	3
5	S6	826	1
5	S6	841	3
5	S6	863	15
5	S6	951	7
5	S6	987	3
5	S6	1020	9
5	S6	1124	3
5	S6	1159	20
5	S6	1227	10
5	S6	1252	3
5	S6	1266	12
5	S6	1273	4
5	S6	1287	3
5	S6	1307	3
5	S6	1346	10
5	S6	1369	9
5	S6	1389	3
5	S6	1412	6
5	S6	2696	9
5	S6	2723	12
5	S6	2782	1
5	S6	3139	6
5	S6	3153	6
5	S6	3273	7
5	S6	3311	7
5	S6	3337	24
5	S6	3365	35
5	S6	3388	3
5	S6	3390	3
5	S6	3415	16
5	S6	3463	37
5	S6	3489	3
5	S6	3513	3
5	S6	3524	12
5	S6	3693	6
5	S6	3818	21
5	S6	3830	18
5	S6	3852	32
5	S6	3857	3
5	S6	3869	14
5	S6	3894	36
5	S6	3908	17
5	S6	3952	13
5	S6	3996	15
5	S6	4029	2
5	S6	4081	3
5	S6	4154	6
5	S6	4161	6
5	S6	4169	1
5	S6	4191	3
5	S6	4201	90
5	S6	4241	1
5	S6	4265	22
5	S6	4306	3
5	S6	4387	1
5	S6	4415	6
5	S6	4673	12
5	S6	4710	12
5	S6	4776	12
5	S6	4869	3
5	S6	4875	3
5	S6	4892	12
5	S6	5028	3
5	S6	5080	6
5	S6	5194	3
5	S6	5201	6
5	S6	5224	6
5	S6	5406	9
5	S6	5413	18
5	S6	5438	12
5	S6	5443	3
5	S6	5453	60
5	S6	5474	6
5	S6	5504	2
5	S6	5540	1
5	S6	5553	29
5	S6	5568	32
5	S6	5572	4
5	S6	5622	9
5	S6	5685	9
5	S6	5790	6
5	S6	5950	6
5	S6	5951	3
5	S6	5955	6
5	S6	6173	3
5	S6	6201	12
5	S6	6616	6
5	S6	6829	9
5	S6	7069	3
5	S6	7193	11
5	S6	7218	6
5	S6	7244	18
5	S6	7302	13
5	S6	7316	23
5	S6	7328	8
5	S6	7343	4
5	S6	7396	83
5	S6	7397	1
5	S6	7421	3
5	S6	7427	13
5	S6	7434	3
5	S6	7443	10
5	S6	7465	5
5	S6	7477	11
5	S6	7484	22
5	S6	7525	2
5	S6	7526	41
5	S6	7558	1
5	S6	7569	4
5	S6	7592	6
5	S6	7596	5
5	S6	7620	10
5	S6	7639	12
5	S6	7648	3
5	S6	7651	11
5	S6	7660	42
5	S6	7680	35
5	S6	7690	17
5	S6	7701	6
5	S6	7716	11
5	S6	7717	77
5	S6	7738	8
5	S6	7805	4
5	S6	7815	34
5	S6	7825	13
5	S6	7838	8
5	S6	7878	1
5	S6	7882	23
5	S6	7891	1
5	S6	7921	9
5	S6	7933	11
5	S6	7955	8
5	S6	7970	1
5	S6	7989	35
5	S6	7999	10
5	S6	8003	1
5	S6	8014	3
5	S6	8032	2497
6	S7	1	1
6	S7	13	4
6	S7	28	2
6	S7	50	2
6	S7	63	1
6	S7	140	42
6	S7	526	21
6	S7	527	48
6	S7	581	3
6	S7	589	6
6	S7	624	3
6	S7	634	6
6	S7	639	4
6	S7	656	33
6	S7	680	3
6	S7	705	3
6	S7	773	3
6	S7	818	3
6	S7	826	1
6	S7	841	3
6	S7	863	15
6	S7	951	7
6	S7	987	3
6	S7	1020	9
6	S7	1124	3
6	S7	1159	20
6	S7	1227	10
6	S7	1252	3
6	S7	1266	12
6	S7	1273	4
6	S7	1287	3
6	S7	1307	3
6	S7	1346	10
6	S7	1369	9
6	S7	1389	3
6	S7	1412	6
6	S7	2696	9
6	S7	2723	12
6	S7	2782	1
6	S7	3139	6
6	S7	3153	6
6	S7	3273	7
6	S7	3311	7
6	S7	3337	24
6	S7	3365	35
6	S7	3388	3
6	S7	3390	3
6	S7	3415	16
6	S7	3463	37
6	S7	3489	3
6	S7	3513	3
6	S7	3524	12
6	S7	3693	6
6	S7	3818	21
6	S7	3830	18
6	S7	3852	32
6	S7	3857	3
6	S7	3869	14
6	S7	3894	36
6	S7	3908	17
6	S7	3952	13
6	S7	3996	15
6	S7	4029	2
6	S7	4081	3
6	S7	4154	6
6	S7	4161	6
6	S7	4169	1
6	S7	4191	3
6	S7	4201	90
6	S7	4241	1
6	S7	4265	22
6	S7	4306	3
6	S7	4416	6
6	S7	4674	12
6	S7	4711	12
6	S7	4777	12
6	S7	4870	3
6	S7	4876	3
6	S7	4893	12
6	S7	5029	3
6	S7	5081	6
6	S7	5195	3
6	S7	5202	6
6	S7	5225	6
6	S7	5407	9
6	S7	5414	18
6	S7	5439	12
6	S7	5444	3
6	S7	5454	60
6	S7	5475	6
6	S7	5505	2
6	S7	5541	1
6	S7	5554	29
6	S7	5569	32
6	S7	5573	4
6	S7	5623	9
6	S7	5686	9
6	S7	5791	6
6	S7	5951	6
6	S7	5952	3
6	S7	5956	6
6	S7	6174	3
6	S7	6202	12
6	S7	6617	6
6	S7	6830	9
6	S7	7070	3
6	S7	7194	11
6	S7	7219	6
6	S7	7245	18
6	S7	7303	13
6	S7	7317	23
6	S7	7329	8
6	S7	7344	4
6	S7	7397	83
6	S7	7398	1
6	S7	7422	3
6	S7	7428	13
6	S7	7435	3
6	S7	7444	10
6	S7	7466	5
6	S7	7478	11
6	S7	7485	22
6	S7	7526	2
6	S7	7527	41
6	S7	7559	1
6	S7	7570	4
6	S7	7593	6
6	S7	7597	5
6	S7	7621	10
6	S7	7640	12
6	S7	7649	3
6	S7	7652	11
6	S7	7661	42
6	S7	7681	35
6	S7	7691	17
6	S7	7702	6
6	S7	7717	11
6	S7	7718	77
6	S7	7739	8
6	S7	7806	4
6	S7	7816	34
6	S7	7826	13
6	S7	7839	8
6	S7	7879	1
6	S7	7883	23
6	S7	7892	1
6	S7	7922	9
6	S7	7934	11
6	S7	7956	8
6	S7	7971	1
6	S7	7990	35
6	S7	8000	10
6	S7	8004	1
6	S7	8015	3
6	S7	8033	2497
7	S8	1	1
7	S8	13	4
7	S8	28	2
7	S8	50	2
7	S8	63	1
7	S8	140	42
7	S8	526	21
7	S8	527	48
7	S8	581	3
7	S8	589	6
7	S8	624	3
7	S8	634	6
7	S8	639	4
7	S8	656	33
7	S8	680	3
7	S8	705	3
7	S8	773	3
7	S8	818	3
7	S8	826	1
7	S8	841	3
7	S8	863	15
7	S8	951	7
7	S8	987	3
7	S8	1020	9
7	S8	1124	3
7	S8	1159	20
7	S8	1227	10
7	S8	1252	3
7	S8	1266	12
7	S8	1273	4
7	S8	1287	3
7	S8	1307	3
7	S8	1346	10
7	S8	1369	9
7	S8	1389	3
7	S8	1412	6
7	S8	2696	9
7	S8	2723	12
7	S8	2782	1
7	S8	3139	6
7	S8	3153	6
7	S8	3273	7
7	S8	3311	7
7	S8	3337	24
7	S8	3365	35
7	S8	3388	3
7	S8	3390	3
7	S8	3415	16
7	S8	3463	37
7	S8	3489	3
7	S8	3513	3
7	S8	3524	12
7	S8	3693	6
7	S8	3818	21
7	S8	3830	18
7	S8	3852	32
7	S8	3857	3
7	S8	3869	14
7	S8	3894	36
7	S8	3908	17
7	S8	3952	13
7	S8	3996	15
7	S8	4029	2
7	S8	4081	3
7	S8	4154	6
7	S8	4161	6
7	S8	4169	1
7	S8	4191	3
7	S8	4201	90
7	S8	4241	1
7	S8	4265	22
7	S8	4306	3
7	S8	4387	1
7	S8	4415	6
7	S8	4673	12
7	S8	4710	12
7	S8	4776	12
7	S8	4869	3
7	S8	4875	3
7	S8	4892	12
7	S8	5028	3
7	S8	5080	6
7	S8	5194	3
7	S8	5201	6
7	S8	5224	6
7	S8	5406	9
7	S8	5413	18
7	S8	5438	12
7	S8	5443	3
7	S8	5453	60
7	S8	5474	6
7	S8	5504	2
7	S8	5540	1
7	S8	5553	29
7	S8	5568	32
7	S8	5572	4
7	S8	5622	9
7	S8	5685	9
7	S8	5790	6
7	S8	5950	6
7	S8	5951	3
7	S8	5955	6
7	S8	6173	3
7	S8	6201	12
7	S8	6616	6
7	S8	6829	9
7	S8	7069	3
7	S8	7193	11
7	S8	7218	6
7	S8	7244	18
7	S8	7302	13
7	S8	7316	23
7	S8	7328	8
7	S8	7343	4
7	S8	7396	83
7	S8	7397	1
7	S8	7421	3
7	S8	7427	13
7	S8	7434	3
7	S8	7443	10
7	S8	7465	5
7	S8	7477	11
7	S8	7484	22
7	S8	7525	2
7	S8	7526	41
7	S8	7558	1
7	S8	7569	4
7	S8	7592	6
7	S8	7596	5
7	S8	7620	10
7	S8	7639	12
7	S8	7648	3
7	S8	7651	11
7	S8	7660	42
7	S8	7680	35
7	S8	7690	17
7	S8	7701	6
7	S8	7716	11
7	S8	7717	77
7	S8	7738	8
7	S8	7805	4
7	S8	7815	34
7	S8	7825	13
7	S8	7838	8
7	S8	7878	1
7	S8	7882	23
7	S8	7891	1
7	S8	7921	9
7	S8	7933	11
7	S8	7955	8
7	S8	7970	1
7	S8	7989	35
7	S8	7999	10
7	S8	8003	1
7	S8	8014	3
7	S8	8032	2497
8	S9	1	1
8	S9	13	4
8	S9	28	2
8	S9	50	2
8	S9	63	1
8	S9	140	42
8	S9	526	21
8	S9	527	48
8	S9	581	3
8	S9	589	6
8	S9	624	3
8	S9	634	6
8	S9	639	4
8	S9	656	33
8	S9	680	3
8	S9	705	3
8	S9	773	3
8	S9	818	3
8	S9	826	1
8	S9	841	3
8	S9	863	15
8	S9	951	7
8	S9	987	3
8	S9	1020	9
8	S9	1124	3
8	S9	1159	20
8	S9	1227	10
8	S9	1252	3
8	S9	1266	12
8	S9	1273	4
8	S9	1287	3
8	S9	1307	3
8	S9	1346	10
8	S9	1369	9
8	S9	1389	3
8	S9	1412	6
8	S9	2696	9
8	S9	2723	12
8	S9	2782	1
8	S9	3139	6
8	S9	3153	6
8	S9	3273	7
8	S9	3311	7
8	S9	3337	24
8	S9	3365	35
8	S9	3388	3
8	S9	3390	3
8	S9	3415	16
8	S9	3463	37
8	S9	3489	3
8	S9	3513	3
8	S9	3524	12
8	S9	3693	6
8	S9	3818	21
8	S9	3830	18
8	S9	3852	32
8	S9	3857	3
8	S9	3869	14
8	S9	3894	36
8	S9	3908	17
8	S9	3952	13
8	S9	3996	15
8	S9	4029	2
8	S9	4081	3
8	S9	4154	6
8	S9	4161	6
8	S9	4169	1
8	S9	4191	3
8	S9	4201	90
8	S9	4241	1
8	S9	4265	22
8	S9	4306	3
8	S9	4387	1
8	S9	4415	6
8	S9	4673	12
8	S9	4710	12
8	S9	4776	12
8	S9	4869	3
8	S9	4875	3
8	S9	4892	12
8	S9	5028	3
8	S9	5080	6
8	S9	5194	3
8	S9	5201	6
8	S9	5224	6
8	S9	5406	9
8	S9	5413	18
8	S9	5438	12
8	S9	5443	3
8	S9	5453	60
8	S9	5474	6
8	S9	5504	2
8	S9	5540	1
8	S9	5553	29
8	S9	5568	32
8	S9	5572	4
8	S9	5622	9
8	S9	5685	9
8	S9	5790	6
8	S9	5950	6
8	S9	5951	3
8	S9	5955	6
8	S9	6173	3
8	S9	6201	12
8	S9	6616	6
8	S9	6829	9
8	S9	7069	3
8	S9	7193	11
8	S9	7218	6
8	S9	7244	18
8	S9	7302	13
8	S9	7316	23
8	S9	7328	8
8	S9	7343	4
8	S9	7396	83
8	S9	7397	1
8	S9	7421	3
8	S9	7427	13
8	S9	7434	3
8	S9	7443	10
8	S9	7465	5
8	S9	7477	11
8	S9	7484	22
8	S9	7525	2
8	S9	7526	41
8	S9	7558	1
8	S9	7569	4
8	S9	7592	6
8	S9	7596	5
8	S9	7620	10
8	S9	7639	12
8	S9	7648	3
8	S9	7651	11
8	S9	7660	42
8	S9	7680	35
8	S9	7690	17
8	S9	7701	6
8	S9	7716	11
8	S9	7717	77
8	S9	7738	8
8	S9	7805	4
8	S9	7815	34
8	S9	7825	13
8	S9	7838	8
8	S9	7878	1
8	S9	7882	23
8	S9	7891	1
8	S9	7921	9
8	S9	7933	11
8	S9	7955	8
8	S9	7970	1
8	S9	7989	35
8	S9	7999	10
8	S9	8003	1
8	S9	8014	3
8	S9	8032	2497
9	S10	1	1
9	S10	13	4
9	S10	28	2
9	S10	50	2
9	S10	63	1
9	S10	140	42
9	S10	526	21
9	S10	527	48
9	S10	581	3
9	S10	589	6
9	S10	624	3
9	S10	634	6
9	S10	639	4
9	S10	656	33
9	S10	680	3
9	S10	705	3
9	S10	773	3
9	S10	818	3
9	S10	826	1
9	S10	841	3
9	S10	863	15
9	S10	951	7
9	S10	987	3
9	S10	1020	9
9	S10	1124	3
9	S10	1159	20
9	S10	1227	10
9	S10	1252	3
9	S10	1266	12
9	S10	1273	4
9	S10	1287	3
9	S10	1307	3
9	S10	1346	10
9	S10	1369	9
9	S10	1389	3
9	S10	1412	6
9	S10	2696	9
9	S10	2723	12
9	S10	2782	1
9	S10	3139	6
9	S10	3153	6
9	S10	3273	7
9	S10	3311	7
9	S10	3337	24
9	S10	3365	35
9	S10	3388	3
9	S10	3390	3
9	S10	3415	16
9	S10	3463	37
9	S10	3489	3
9	S10	3513	3
9	S10	3524	12
9	S10	3693	6
9	S10	3818	21
9	S10	3830	18
9	S10	3852	32
9	S10	3857	3
9	S10	3869	14
9	S10	3894	36
9	S10	3908	17
9	S10	3952	13
9	S10	3996	15
9	S10	4029	2
9	S10	4081	3
9	S10	4154	6
9	S10	4161	6
9	S10	4169	1
9	S10	4191	3
9	S10	4201	90
9	S10	4241	1
9	S10	4265	22
9	S10	4306	3
9	S10	4387	1
9	S10	4415	6
9	S10	4673	12
9	S10	4710	12
9	S10	4776	12
9	S10	4869	3
9	S10	4875	3
9	S10	4892	12
9	S10	5028	3
9	S10	5080	6
9	S10	5194	3
9	S10	5201	6
9	S10	5224	6
9	S10	5406	9
9	S10	5413	18
9	S10	5438	12
9	S10	5443	3
9	S10	5453	60
9	S10	5474	6
9	S10	5504	2
9	S10	5540	1
9	S10	5553	29
9	S10	5568	32
9	S10	5572	4
9	S10	5622	9
9	S10	5685	9
9	S10	5790	6
9	S10	5950	6
9	S10	5951	3
9	S10	5955	6
9	S10	6173	3
9	S10	6201	12
9	S10	6616	6
9	S10	6829	9
9	S10	7069	3
9	S10	7193	11
9	S10	7218	6
9	S10	7244	18
9	S10	7302	13
9	S10	7316	23
9	S10	7328	8
9	S10	7343	4
9	S10	7396	83
9	S10	7397	1
9	S10	7421	3
9	S10	7427	13
9	S10	7434	3
9	S10	7443	10
9	S10	7465	5
9	S10	7477	11
9	S10	7484	22
9	S10	7525	2
9	S10	7526	41
9	S10	7558	1
9	S10	7569	4
9	S10	7592	6
9	S10	7596	5
9	S10	7620	10
9	S10	7639	12
9	S10	7648	3
9	S10	7651	11
9	S10	7660	42
9	S10	7680	35
9	S10	7690	17
9	S10	7701	6
9	S10	7716	11
9	S10	7717	77
9	S10	7738	8
9	S10	7805	4
9	S10	7815	34
9	S10	7825	13
9	S10	7838	8
9	S10	7878	1
9	S10	7882	23
9	S10	7891	1
9	S10	7921	9
9	S10	7933	11
9	S10	7955	8
9	S10	7970	1
9	S10	7989	35
9	S10	7999	10
9	S10	8003	1
9	S10	8014	3
9	S10	8032	2497
10	S11	1	1
10	S11	13	4
10	S11	28	2
10	S11	50	2
10	S11	63	1
10	S11	140	42
10	S11	526	21
10	S11	527	48
10	S11	581	3
10	S11	589	6
10	S11	624	3
10	S11	634	6
10	S11	639	4
10	S11	656	33
10	S11	680	3
10	S11	705	3
10	S11	773	3
10	S11	818	3
10	S11	826	1
10	S11	841	3
10	S11	863	15
10	S11	951	7
10	S11	987	3
10	S11	1020	9
10	S11	1124	3
10	S11	1159	20
10	S11	1227	10
10	S11	1252	3
10	S11	1266	12
10	S11	1273	4
10	S11	1287	3
10	S11	1307	3
10	S11	1346	10
10	S11	1369	9
10	S11	1389	3
10	S11	1412	6
10	S11	2696	9
10	S11	2723	12
10	S11	2782	1
10	S11	3139	6
10	S11	3153	6
10	S11	3273	7
10	S11	3311	7
10	S11	3337	24
10	S11	3365	35
10	S11	3388	3
10	S11	3390	3
10	S11	3415	16
10	S11	3463	37
10	S11	3489	3
10	S11	3513	3
10	S11	3524	12
10	S11	3693	6
10	S11	3818	21
10	S11	3830	18
10	S11	3852	32
10	S11	3857	3
10	S11	3869	14
10	S11	3894	36
10	S11	3908	17
10	S11	3952	13
10	S11	3996	15
10	S11	4029	2
10	S11	4081	3
10	S11	4154	6
10	S11	4161	6
10	S11	4169	1
10	S11	4191	3
10	S11	4201	90
10	S11	4241	1
10	S11	4265	22
10	S11	4306	3
10	S11	4387	1
10	S11	4415	6
10	S11	4673	12
10	S11	4710	12
10	S11	4776	12
10	S11	4869	3
10	S11	4875	3
10	S11	4892	12
10	S11	5028	3
10	S11	5080	6
10	S11	5194	3
10	S11	5201	6
10	S11	5224	6
10	S11	5406	9
10	S11	5413	18
10	S11	5438	12
10	S11	5443	3
10	S11	5453	60
10	S11	5474	6
10	S11	5504	2
10	S11	5540	1
10	S11	5553	29
10	S11	5568	32
10	S11	5572	4
10	S11	5622	9
10	S11	5685	9
10	S11	5790	6
10	S11	5950	6
10	S11	5951	3
10	S11	5955	6
10	S11	6173	3
10	S11	6201	12
10	S11	6616	6
10	S11	6829	9
10	S11	7069	3
10	S11	7193	11
10	S11	7218	6
10	S11	7244	18
10	S11	7302	13
10	S11	7316	23
10	S11	7328	8
10	S11	7343	4
10	S11	7396	83
10	S11	7397	1
10	S11	7421	3
10	S11	7427	13
10	S11	7434	3
10	S11	7443	10
10	S11	7465	5
10	S11	7477	11
10	S11	7484	22
10	S11	7525	2
10	S11	7526	41
10	S11	7558	1
10	S11	7569	4
10	S11	7592	6
10	S11	7596	5
10	S11	7620	10
10	S11	7639	12
10	S11	7648	3
10	S11	7651	11
10	S11	7660	42
10	S11	7680	35
10	S11	7690	17
10	S11	7701	6
10	S11	7716	11
10	S11	7717	77
10	S11	7738	8
10	S11	7805	4
10	S11	7815	34
10	S11	7825	13
10	S11	7838	8
10	S11	7878	1
10	S11	7882	23
10	S11	7891	1
10	S11	7921	9
10	S11	7933	11
10	S11	7955	8
10	S11	7970	1
10	S11	7989	35
10	S11	7999	10
10	S11	8003	1
10	S11	8014	3
10	S11	8032	2497
11	S12	1	1
11	S12	13	4
11	S12	28	2
11	S12	50	2
11	S12	63	1
11	S12	140	42
11	S12	526	21
11	S12	527	48
11	S12	581	3
11	S12	589	6
11	S12	624	3
11	S12	634	6
11	S12	639	4
11	S12	656	33
11	S12	680	3
11	S12	705	3
11	S12	773	3
11	S12	818	3
11	S12	826	1
11	S12	841	3
11	S12	863	15
11	S12	951	7
11	S12	987	3
11	S12	1020	9
11	S12	1124	3
11	S12	1159	20
11	S12	1227	10
11	S12	1252	3
11	S12	1266	12
11	S12	1273	4
11	S12	1287	3
11	S12	1307	3
11	S12	1346	10
11	S12	1369	9
11	S12	1389	3
11	S12	1412	6
11	S12	2696	9
11	S12	2723	12
11	S12	2782	1
11	S12	3139	6
11	S12	3153	6
11	S12	3273	7
11	S12	3311	7
11	S12	3337	24
11	S12	3365	35
11	S12	3388	3
11	S12	3390	3
11	S12	3415	16
11	S12	3463	37
11	S12	3489	3
11	S12	3513	3
11	S12	3524	12
11	S12	3693	6
11	S12	3818	21
11	S12	3830	18
11	S12	3852	32
11	S12	3857	3
11	S12	3869	14
11	S12	3894	36
11	S12	3908	17
11	S12	3952	13
11	S12	3996	15
11	S12	4029	2
11	S12	4081	3
11	S12	4154	6
11	S12	4161	6
11	S12	4169	1
11	S12	4191	3
11	S12	4201	90
11	S12	4241	1
11	S12	4265	22
11	S12	4306	3
11	S12	4387	1
11	S12	4415	6
11	S12	4673	12
11	S12	4710	12
11	S12	4776	12
11	S12	4869	3
11	S12	4875	3
11	S12	4892	12
11	S12	5028	3
11	S12	5080	6
11	S12	5194	3
11	S12	5201	6
11	S12	5224	6
11	S12	5406	9
11	S12	5413	18
11	S12	5438	12
11	S12	5443	3
11	S12	5453	60
11	S12	5474	6
11	S12	5504	2
11	S12	5540	1
11	S12	5553	29
11	S12	5568	32
11	S12	5572	4
11	S12	5622	9
11	S12	5685	9
11	S12	5790	6
11	S12	5950	6
11	S12	5951	3
11	S12	5955	6
11	S12	6173	3
11	S12	6201	12
11	S12	6616	6
11	S12	6829	9
11	S12	7069	3
11	S12	7193	11
11	S12	7218	6
11	S12	7244	18
11	S12	7302	13
11	S12	7316	23
11	S12	7328	8
11	S12	7343	4
11	S12	7396	83
11	S12	7397	1
11	S12	7421	3
11	S12	7427	13
11	S12	7434	3
11	S12	7443	10
11	S12	7465	5
11	S12	7477	11
11	S12	7484	22
11	S12	7525	2
11	S12	7526	41
11	S12	7558	1
11	S12	7564	2
11	S12	7567	4
11	S12	7590	6
11	S12	7594	5
11	S12	7618	10
11	S12	7637	12
11	S12	7646	3
11	S12	7649	11
11	S12	7658	42
11	S12	7678	35
11	S12	7688	17
11	S12	7699	6
11	S12	7714	11
11	S12	7715	77
11	S12	7736	8
11	S12	7803	4
11	S12	7813	34
11	S12	7823	13
11	S12	7836	8
11	S12	7876	1
11	S12	7880	23
11	S12	7889	1
11	S12	7919	9
11	S12	7931	11
11	S12	7953	8
11	S12	7968	1
11	S12	7987	35
11	S12	7997	10
11	S12	8001	1
11	S12	8012	3
11	S12	8030	2497
12	S13	1	112
12	S13	38	42
12	S13	424	21
12	S13	425	48
12	S13	479	3
12	S13	487	6
12	S13	522	3
12	S13	532	6
12	S13	537	4
12	S13	554	33
12	S13	578	3
12	S13	603	3
12	S13	671	3
12	S13	716	3
12	S13	724	1
12	S13	739	3
12	S13	761	15
12	S13	849	7
12	S13	885	3
12	S13	918	9
12	S13	1022	3
12	S13	1057	20
12	S13	1125	10
12	S13	1150	3
12	S13	1164	12
12	S13	1171	4
12	S13	1185	3
12	S13	1205	3
12	S13	1244	10
12	S13	1267	9
12	S13	1287	3
12	S13	1310	6
12	S13	2594	9
12	S13	2621	12
12	S13	2680	1
12	S13	3037	6
12	S13	3051	6
12	S13	3171	7
12	S13	3209	7
12	S13	3235	24
12	S13	3263	35
12	S13	3286	3
12	S13	3288	3
12	S13	3313	16
12	S13	3361	37
12	S13	3387	3
12	S13	3411	3
12	S13	3422	12
12	S13	3591	6
12	S13	3716	21
12	S13	3728	18
12	S13	3750	32
12	S13	3755	3
12	S13	3767	14
12	S13	3792	36
12	S13	3806	17
12	S13	3850	13
12	S13	3894	15
12	S13	3927	2
12	S13	3979	3
12	S13	4052	6
12	S13	4059	6
12	S13	4067	1
12	S13	4089	3
12	S13	4099	90
12	S13	4139	1
12	S13	4163	22
12	S13	4204	3
12	S13	4285	1
12	S13	4313	6
12	S13	4571	12
12	S13	4608	12
12	S13	4674	12
12	S13	4767	3
12	S13	4773	3
12	S13	4790	12
12	S13	4926	3
12	S13	4978	6
12	S13	5092	3
12	S13	5099	6
12	S13	5122	6
12	S13	5304	9
12	S13	5311	18
12	S13	5336	12
12	S13	5341	3
12	S13	5351	60
12	S13	5372	6
12	S13	5402	2
12	S13	5438	1
12	S13	5451	29
12	S13	5466	32
12	S13	5470	4
12	S13	5520	9
12	S13	5583	9
12	S13	5688	6
12	S13	5848	6
12	S13	5849	3
12	S13	5853	6
12	S13	6071	3
12	S13	6099	12
12	S13	6514	6
12	S13	6727	9
12	S13	6967	3
12	S13	7091	11
12	S13	7116	6
12	S13	7142	18
12	S13	7200	13
12	S13	7214	23
12	S13	7226	8
12	S13	7241	4
12	S13	7294	83
12	S13	7295	1
12	S13	7319	3
12	S13	7325	13
12	S13	7332	3
12	S13	7341	10
12	S13	7363	5
12	S13	7375	11
12	S13	7382	22
12	S13	7413	63
12	S13	7436	1
12	S13	7447	4
12	S13	7470	6
12	S13	7474	5
12	S13	7498	10
12	S13	7507	1
12	S13	7516	12
12	S13	7525	3
12	S13	7528	11
12	S13	7537	42
12	S13	7557	35
12	S13	7567	17
12	S13	7578	6
12	S13	7593	11
12	S13	7594	77
12	S13	7615	8
12	S13	7682	4
12	S13	7692	34
12	S13	7702	13
12	S13	7715	8
12	S13	7755	1
12	S13	7759	23
12	S13	7768	1
12	S13	7798	9
12	S13	7810	11
12	S13	7832	8
12	S13	7847	1
12	S13	7866	35
12	S13	7876	10
12	S13	7880	1
12	S13	7891	3
12	S13	7926	2
12	S13	7957	1
12	S13	7971	1
12	S13	8011	2391
13	S14	1	112
13	S14	38	42
13	S14	424	21
13	S14	425	48
13	S14	479	3
13	S14	487	6
13	S14	522	3
13	S14	532	6
13	S14	537	4
13	S14	554	33
13	S14	578	3
13	S14	603	3
13	S14	671	3
13	S14	716	3
13	S14	724	1
13	S14	739	3
13	S14	761	15
13	S14	849	7
13	S14	885	3
13	S14	918	9
13	S14	1022	3
13	S14	1057	20
13	S14	1125	10
13	S14	1150	3
13	S14	1164	12
13	S14	1171	4
13	S14	1185	3
13	S14	1205	3
13	S14	1244	10
13	S14	1267	9
13	S14	1287	3
13	S14	1310	6
13	S14	2594	9
13	S14	2621	12
13	S14	2680	1
13	S14	3037	6
13	S14	3051	6
13	S14	3171	7
13	S14	3209	7
13	S14	3235	24
13	S14	3263	35
13	S14	3286	3
13	S14	3288	3
13	S14	3313	16
13	S14	3361	37
13	S14	3387	3
13	S14	3411	3
13	S14	3422	12
13	S14	3591	6
13	S14	3716	21
13	S14	3728	18
13	S14	3750	32
13	S14	3755	3
13	S14	3767	14
13	S14	3792	36
13	S14	3806	17
13	S14	3850	13
13	S14	3894	15
13	S14	3927	2
13	S14	3979	3
13	S14	4052	6
13	S14	4059	6
13	S14	4067	1
13	S14	4089	3
13	S14	4099	90
13	S14	4139	1
13	S14	4163	22
13	S14	4204	3
13	S14	4285	1
13	S14	4313	6
13	S14	4571	12
13	S14	4608	12
13	S14	4674	12
13	S14	4767	3
13	S14	4773	3
13	S14	4790	12
13	S14	4926	3
13	S14	4978	6
13	S14	5092	3
13	S14	5099	6
13	S14	5122	6
13	S14	5304	9
13	S14	5311	18
13	S14	5336	12
13	S14	5341	3
13	S14	5351	60
13	S14	5372	6
13	S14	5402	2
13	S14	5438	1
13	S14	5451	29
13	S14	5466	32
13	S14	5470	4
13	S14	5520	9
13	S14	5583	9
13	S14	5688	6
13	S14	5848	6
13	S14	5849	3
13	S14	5853	6
13	S14	6071	3
13	S14	6099	12
13	S14	6514	6
13	S14	6727	9
13	S14	6967	3
13	S14	7091	11
13	S14	7116	6
13	S14	7142	18
13	S14	7200	13
13	S14	7214	23
13	S14	7226	8
13	S14	7241	4
13	S14	7294	83
13	S14	7295	1
13	S14	7319	3
13	S14	7325	13
13	S14	7332	3
13	S14	7341	10
13	S14	7363	5
13	S14	7375	11
13	S14	7382	22
13	S14	7413	63
13	S14	7436	1
13	S14	7447	4
13	S14	7470	6
13	S14	7474	5
13	S14	7498	10
13	S14	7507	1
13	S14	7516	12
13	S14	7525	3
13	S14	7528	11
13	S14	7537	42
13	S14	7557	35
13	S14	7567	17
13	S14	7578	6
13	S14	7593	11
13	S14	7594	77
13	S14	7615	8
13	S14	7682	4
13	S14	7692	34
13	S14	7702	13
13	S14	7715	8
13	S14	7755	1
13	S14	7759	23
13	S14	7768	1
13	S14	7798	9
13	S14	7810	11
13	S14	7832	8
13	S14	7847	1
13	S14	7866	35
13	S14	7876	10
13	S14	7880	1
13	S14	7891	3
13	S14	7926	2
13	S14	7957	1
13	S14	7971	1
13	S14	8011	2391
14	S15	1	112
14	S15	38	42
14	S15	424	21
14	S15	425	48
14	S15	479	3
14	S15	487	6
14	S15	522	3
14	S15	532	6
14	S15	537	4
14	S15	554	33
14	S15	578	3
14	S15	603	3
14	S15	671	3
14	S15	716	3
14	S15	724	1
14	S15	739	3
14	S15	761	15
14	S15	849	7
14	S15	885	3
14	S15	918	9
14	S15	1022	3
14	S15	1057	20
14	S15	1125	10
14	S15	1150	3
14	S15	1164	12
14	S15	1171	4
14	S15	1185	3
14	S15	1205	3
14	S15	1244	10
14	S15	1267	9
14	S15	1287	3
14	S15	1310	6
14	S15	2594	9
14	S15	2621	12
14	S15	2680	1
14	S15	3037	6
14	S15	3051	6
14	S15	3171	7
14	S15	3209	7
14	S15	3235	24
14	S15	3263	35
14	S15	3286	3
14	S15	3288	3
14	S15	3313	16
14	S15	3361	37
14	S15	3387	3
14	S15	3411	3
14	S15	3422	12
14	S15	3591	6
14	S15	3716	21
14	S15	3728	18
14	S15	3750	32
14	S15	3755	3
14	S15	3767	14
14	S15	3792	36
14	S15	3806	17
14	S15	3850	13
14	S15	3894	15
14	S15	3927	2
14	S15	3979	3
14	S15	4052	6
14	S15	4059	6
14	S15	4067	1
14	S15	4089	3
14	S15	4099	90
14	S15	4139	1
14	S15	4163	22
14	S15	4204	3
14	S15	4285	1
14	S15	4313	6
14	S15	4571	12
14	S15	4608	12
14	S15	4674	12
14	S15	4767	3
14	S15	4773	3
14	S15	4790	12
14	S15	4926	3
14	S15	4978	6
14	S15	5092	3
14	S15	5099	6
14	S15	5122	6
14	S15	5304	9
14	S15	5311	18
14	S15	5336	12
14	S15	5341	3
14	S15	5351	60
14	S15	5372	6
14	S15	5402	2
14	S15	5438	1
14	S15	5451	29
14	S15	5466	32
14	S15	5470	4
14	S15	5520	9
14	S15	5583	9
14	S15	5688	6
14	S15	5848	6
14	S15	5849	3
14	S15	5853	6
14	S15	6071	3
14	S15	6099	12
14	S15	6514	6
14	S15	6727	9
14	S15	6967	3
14	S15	7091	11
14	S15	7116	6
14	S15	7142	18
14	S15	7200	13
14	S15	7214	23
14	S15	7226	8
14	S15	7241	4
14	S15	7294	83
14	S15	7295	1
14	S15	7319	3
14	S15	7325	13
14	S15	7332	3
14	S15	7341	10
14	S15	7363	5
14	S15	7375	11
14	S15	7382	22
14	S15	7413	63
14	S15	7436	1
14	S15	7447	4
14	S15	7470	6
14	S15	7474	5
14	S15	7498	10
14	S15	7507	1
14	S15	7516	12
14	S15	7525	3
14	S15	7528	11
14	S15	7537	42
14	S15	7557	35
14	S15	7567	17
14	S15	7578	6
14	S15	7593	11
14	S15	7594	77
14	S15	7615	8
14	S15	7682	4
14	S15	7692	34
14	S15	7702	13
14	S15	7715	8
14	S15	7755	1
14	S15	7759	23
14	S15	7768	1
14	S15	7798	9
14	S15	7810	11
14	S15	7832	8
14	S15	7847	1
14	S15	7866	35
14	S15	7876	10
14	S15	7880	1
14	S15	7891	3
14	S15	7926	2
14	S15	7957	1
14	S15	7971	1
14	S15	8011	2391
15	S16	1	112
15	S16	38	42
15	S16	424	21
15	S16	425	48
15	S16	479	3
15	S16	487	6
15	S16	522	3
15	S16	532	6
15	S16	537	4
15	S16	554	33
15	S16	578	3
15	S16	603	3
15	S16	671	3
15	S16	716	3
15	S16	724	1
15	S16	739	3
15	S16	761	15
15	S16	849	7
15	S16	885	3
15	S16	918	9
15	S16	1022	3
15	S16	1057	20
15	S16	1125	10
15	S16	1150	3
15	S16	1164	12
15	S16	1171	4
15	S16	1185	3
15	S16	1205	3
15	S16	1244	10
15	S16	1267	9
15	S16	1287	3
15	S16	1310	6
15	S16	2594	9
15	S16	2621	12
15	S16	2680	1
15	S16	3037	6
15	S16	3051	6
15	S16	3171	7
15	S16	3209	7
15	S16	3235	24
15	S16	3263	35
15	S16	3286	3
15	S16	3288	3
15	S16	3313	16
15	S16	3361	37
15	S16	3387	3
15	S16	3411	3
15	S16	3422	12
15	S16	3591	6
15	S16	3716	21
15	S16	3728	18
15	S16	3750	32
15	S16	3755	3
15	S16	3767	14
15	S16	3792	36
15	S16	3806	17
15	S16	3850	13
15	S16	3894	15
15	S16	3927	2
15	S16	3979	3
15	S16	4052	6
15	S16	4059	6
15	S16	4067	1
15	S16	4089	3
15	S16	4099	90
15	S16	4139	1
15	S16	4163	22
15	S16	4204	3
15	S16	4285	1
15	S16	4313	6
15	S16	4571	12
15	S16	4608	12
15	S16	4674	12
15	S16	4767	3
15	S16	4773	3
15	S16	4790	12
15	S16	4926	3
15	S16	4978	6
15	S16	5092	3
15	S16	5099	6
15	S16	5122	6
15	S16	5304	9
15	S16	5311	18
15	S16	5336	12
15	S16	5341	3
15	S16	5351	60
15	S16	5372	6
15	S16	5402	2
15	S16	5438	1
15	S16	5451	29
15	S16	5466	32
15	S16	5470	4
15	S16	5520	9
15	S16	5583	9
15	S16	5688	6
15	S16	5848	6
15	S16	5849	3
15	S16	5853	6
15	S16	6071	3
15	S16	6099	12
15	S16	6514	6
15	S16	6727	9
15	S16	6967	3
15	S16	7091	11
15	S16	7116	6
15	S16	7142	18
15	S16	7200	13
15	S16	7214	23
15	S16	7226	8
15	S16	7241	4
15	S16	7294	83
15	S16	7295	1
15	S16	7319	3
15	S16	7325	13
15	S16	7332	3
15	S16	7341	10
15	S16	7363	5
15	S16	7375	11
15	S16	7382	22
15	S16	7413	63
15	S16	7436	1
15	S16	7447	4
15	S16	7470	6
15	S16	7474	5
15	S16	7498	10
15	S16	7507	1
15	S16	7516	12
15	S16	7525	3
15	S16	7528	11
15	S16	7537	42
15	S16	7557	35
15	S16	7567	17
15	S16	7578	6
15	S16	7593	11
15	S16	7594	77
15	S16	7615	8
15	S16	7682	4
15	S16	7692	34
15	S16	7702	13
15	S16	7715	8
15	S16	7755	1
15	S16	7759	23
15	S16	7768	1
15	S16	7798	9
15	S16	7810	11
15	S16	7832	8
15	S16	7847	1
15	S16	7866	35
15	S16	7876	10
15	S16	7880	1
15	S16	7891	3
15	S16	7926	2
15	S16	7957	1
15	S16	7971	1
15	S16	8011	2391
16	S17	1	112
16	S17	38	42
16	S17	424	21
16	S17	425	48
16	S17	479	3
16	S17	487	6
16	S17	522	3
16	S17	532	6
16	S17	537	4
16	S17	554	33
16	S17	578	3
16	S17	603	3
16	S17	671	3
16	S17	716	3
16	S17	724	1
16	S17	739	3
16	S17	761	15
16	S17	849	7
16	S17	885	3
16	S17	918	9
16	S17	1022	3
16	S17	1057	20
16	S17	1125	10
16	S17	1150	3
16	S17	1164	12
16	S17	1171	4
16	S17	1185	3
16	S17	1205	3
16	S17	1244	10
16	S17	1267	9
16	S17	1287	3
16	S17	1310	6
16	S17	2594	9
16	S17	2621	12
16	S17	2680	1
16	S17	3037	6
16	S17	3051	6
16	S17	3171	7
16	S17	3209	7
16	S17	3235	24
16	S17	3263	35
16	S17	3286	3
16	S17	3288	3
16	S17	3313	16
16	S17	3361	37
16	S17	3387	3
16	S17	3411	3
16	S17	3422	12
16	S17	3591	6
16	S17	3716	21
16	S17	3728	18
16	S17	3750	32
16	S17	3755	3
16	S17	3767	14
16	S17	3792	36
16	S17	3806	17
16	S17	3850	13
16	S17	3894	15
16	S17	3927	2
16	S17	3979	3
16	S17	4052	6
16	S17	4059	6
16	S17	4067	1
16	S17	4089	3
16	S17	4099	90
16	S17	4139	1
16	S17	4163	22
16	S17	4204	3
16	S17	4285	1
16	S17	4313	6
16	S17	4571	12
16	S17	4608	12
16	S17	4674	12
16	S17	4767	3
16	S17	4773	3
16	S17	4790	12
16	S17	4926	3
16	S17	4978	6
16	S17	5092	3
16	S17	5099	6
16	S17	5122	6
16	S17	5304	9
16	S17	5311	18
16	S17	5336	12
16	S17	5341	3
16	S17	5351	60
16	S17	5372	6
16	S17	5402	2
16	S17	5438	1
16	S17	5451	29
16	S17	5466	32
16	S17	5470	4
16	S17	5520	9
16	S17	5583	9
16	S17	5688	6
16	S17	5848	6
16	S17	5849	3
16	S17	5853	6
16	S17	6071	3
16	S17	6099	12
16	S17	6514	6
16	S17	6727	9
16	S17	6967	3
16	S17	7091	11
16	S17	7116	6
16	S17	7142	18
16	S17	7200	13
16	S17	7214	23
16	S17	7226	8
16	S17	7241	4
16	S17	7294	83
16	S17	7295	1
16	S17	7319	3
16	S17	7325	13
16	S17	7332	3
16	S17	7341	10
16	S17	7363	5
16	S17	7375	11
16	S17	7382	22
16	S17	7413	63
16	S17	7436	1
16	S17	7447	4
16	S17	7470	6
16	S17	7474	5
16	S17	7498	10
16	S17	7507	1
16	S17	7516	12
16	S17	7525	3
16	S17	7528	11
16	S17	7537	42
16	S17	7557	35
16	S17	7567	17
16	S17	7578	6
16	S17	7593	11
16	S17	7594	77
16	S17	7615	8
16	S17	7682	4
16	S17	7692	34
16	S17	7702	13
16	S17	7715	8
16	S17	7755	1
16	S17	7759	23
16	S17	7768	1
16	S17	7798	9
16	S17	7810	11
16	S17	7832	8
16	S17	7847	1
16	S17	7866	35
16	S17	7876	10
16	S17	7880	1
16	S17	7891	3
16	S17	7926	2
16	S17	7957	1
16	S17	7971	1
16	S17	8011	2391
17	S18	1	112
17	S18	38	42
17	S18	424	21
17	S18	425	48
17	S18	479	3
17	S18	487	6
17	S18	522	3
17	S18	532	6
17	S18	537	4
17	S18	554	33
17	S18	578	3
17	S18	603	3
17	S18	671	3
17	S18	716	3
17	S18	724	1
17	S18	739	3
17	S18	761	15
17	S18	849	7
17	S18	885	3
17	S18	918	9
17	S18	1022	3
17	S18	1057	20
17	S18	1125	10
17	S18	1150	3
17	S18	1164	12
17	S18	1171	4
17	S18	1185	3
17	S18	1205	3
17	S18	1244	10
17	S18	1267	9
17	S18	1287	3
17	S18	1310	6
17	S18	2594	9
17	S18	2621	12
17	S18	2680	1
17	S18	3037	6
17	S18	3051	6
17	S18	3171	7
17	S18	3209	7
17	S18	3235	24
17	S18	3263	35
17	S18	3286	3
17	S18	3288	3
17	S18	3313	16
17	S18	3361	37
17	S18	3387	3
17	S18	3411	3
17	S18	3422	12
17	S18	3591	6
17	S18	3716	21
17	S18	3728	18
17	S18	3750	32
17	S18	3755	3
17	S18	3767	14
17	S18	3792	36
17	S18	3806	17
17	S18	3850	13
17	S18	3894	15
17	S18	3927	2
17	S18	3979	3
17	S18	4052	6
17	S18	4059	6
17	S18	4067	1
17	S18	4089	3
17	S18	4099	90
17	S18	4139	1
17	S18	4163	22
17	S18	4204	3
17	S18	4285	1
17	S18	4313	6
17	S18	4571	12
17	S18	4608	12
17	S18	4674	12
17	S18	4767	3
17	S18	4773	3
17	S18	4790	12
17	S18	4926	3
17	S18	4978	6
17	S18	5092	3
17	S18	5099	6
17	S18	5122	6
17	S18	5304	9
17	S18	5311	18
17	S18	5336	12
17	S18	5341	3
17	S18	5351	60
17	S18	5372	6
17	S18	5402	2
17	S18	5438	1
17	S18	5451	29
17	S18	5466	32
17	S18	5470	4
17	S18	5520	9
17	S18	5583	9
17	S18	5688	6
17	S18	5848	6
17	S18	5849	3
17	S18	5853	6
17	S18	6071	3
17	S18	6099	12
17	S18	6514	6
17	S18	6727	9
17	S18	6967	3
17	S18	7091	11
17	S18	7116	6
17	S18	7142	18
17	S18	7200	13
17	S18	7214	23
17	S18	7226	8
17	S18	7241	4
17	S18	7294	83
17	S18	7295	1
17	S18	7319	3
17	S18	7325	13
17	S18	7332	3
17	S18	7341	10
17	S18	7363	5
17	S18	7375	11
17	S18	7382	22
17	S18	7413	63
17	S18	7436	1
17	S18	7447	4
17	S18	7470	6
17	S18	7474	5
17	S18	7498	10
17	S18	7507	1
17	S18	7516	12
17	S18	7525	3
17	S18	7528	11
17	S18	7537	42
17	S18	7557	35
17	S18	7567	17
17	S18	7578	6
17	S18	7593	11
17	S18	7594	77
17	S18	7615	8
17	S18	7682	4
17	S18	7692	34
17	S18	7702	13
17	S18	7715	8
17	S18	7755	1
17	S18	7759	23
17	S18	7768	1
17	S18	7798	9
17	S18	7810	11
17	S18	7832	8
17	S18	7847	1
17	S18	7866	35
17	S18	7876	10
17	S18	7880	1
17	S18	7891	3
17	S18	7926	2
17	S18	7957	1
17	S18	7971	1
17	S18	8011	2391
18	S19	1	112
18	S19	38	42
18	S19	424	21
18	S19	425	48
18	S19	479	3
18	S19	487	6
18	S19	522	3
18	S19	532	6
18	S19	537	4
18	S19	554	33
18	S19	578	3
18	S19	603	3
18	S19	671	3
18	S19	716	3
18	S19	724	1
18	S19	739	3
18	S19	761	15
18	S19	849	7
18	S19	885	3
18	S19	918	9
18	S19	1022	3
18	S19	1057	20
18	S19	1125	10
18	S19	1150	3
18	S19	1164	12
18	S19	1171	4
18	S19	1185	3
18	S19	1205	3
18	S19	1244	10
18	S19	1267	9
18	S19	1287	3
18	S19	1310	6
18	S19	2594	9
18	S19	2621	12
18	S19	2680	1
18	S19	3037	6
18	S19	3051	6
18	S19	3171	7
18	S19	3209	7
18	S19	3235	24
18	S19	3263	35
18	S19	3286	3
18	S19	3288	3
18	S19	3313	16
18	S19	3361	37
18	S19	3387	3
18	S19	3411	3
18	S19	3422	12
18	S19	3591	6
18	S19	3716	21
18	S19	3728	18
18	S19	3750	32
18	S19	3755	3
18	S19	3767	14
18	S19	3792	36
18	S19	3806	17
18	S19	3850	13
18	S19	3894	15
18	S19	3927	2
18	S19	3979	3
18	S19	4052	6
18	S19	4059	6
18	S19	4067	1
18	S19	4089	3
18	S19	4099	90
18	S19	4139	1
18	S19	4163	22
18	S19	4204	3
18	S19	4285	1
18	S19	4313	6
18	S19	4571	12
18	S19	4608	12
18	S19	4674	12
18	S19	4767	3
18	S19	4773	3
18	S19	4790	12
18	S19	4926	3
18	S19	4978	6
18	S19	5092	3
18	S19	5099	6
18	S19	5122	6
18	S19	5304	9
18	S19	5311	18
18	S19	5336	12
18	S19	5341	3
18	S19	5351	60
18	S19	5372	6
18	S19	5402	2
18	S19	5438	1
18	S19	5451	29
18	S19	5466	32
18	S19	5470	4
18	S19	5520	9
18	S19	5583	9
18	S19	5688	6
18	S19	5848	6
18	S19	5849	3
18	S19	5853	6
18	S19	6071	3
18	S19	6099	12
18	S19	6514	6
18	S19	6727	9
18	S19	6967	3
18	S19	7091	11
18	S19	7116	6
18	S19	7142	18
18	S19	7200	13
18	S19	7214	23
18	S19	7226	8
18	S19	7241	4
18	S19	7294	83
18	S19	7295	1
18	S19	7319	3
18	S19	7325	13
18	S19	7332	3
18	S19	7341	10
18	S19	7363	5
18	S19	7375	11
18	S19	7382	22
18	S19	7413	63
18	S19	7436	1
18	S19	7447	4
18	S19	7470	6
18	S19	7474	5
18	S19	7498	10
18	S19	7507	1
18	S19	7516	12
18	S19	7525	3
18	S19	7528	11
18	S19	7537	42
18	S19	7557	35
18	S19	7567	17
18	S19	7578	6
18	S19	7593	11
18	S19	7594	77
18	S19	7615	8
18	S19	7682	4
18	S19	7692	34
18	S19	7702	13
18	S19	7715	8
18	S19	7755	1
18	S19	7759	23
18	S19	7768	1
18	S19	7798	9
18	S19	7810	11
18	S19	7832	8
18	S19	7847	1
18	S19	7866	35
18	S19	7876	10
18	S19	7880	1
18	S19	7891	3
18	S19	7926	2
18	S19	7957	1
18	S19	7971	1
18	S19	8011	2391
19	S20	1	112
19	S20	38	42
19	S20	424	21
19	S20	425	48
19	S20	479	3
19	S20	487	6
19	S20	522	3
19	S20	532	6
19	S20	537	4
19	S20	554	33
19	S20	578	3
19	S20	603	3
19	S20	671	3
19	S20	716	3
19	S20	724	1
19	S20	739	3
19	S20	761	15
19	S20	849	7
19	S20	885	3
19	S20	918	9
19	S20	1022	3
19	S20	1057	20
19	S20	1125	10
19	S20	1150	3
19	S20	1164	12
19	S20	1171	4
19	S20	1185	3
19	S20	1205	3
19	S20	1244	10
19	S20	1267	9
19	S20	1287	3
19	S20	1310	6
19	S20	2594	9
19	S20	2621	12
19	S20	2680	1
19	S20	3037	6
19	S20	3051	6
19	S20	3171	7
19	S20	3209	7
19	S20	3235	24
19	S20	3263	35
19	S20	3286	3
19	S20	3288	3
19	S20	3313	16
19	S20	3361	37
19	S20	3387	3
19	S20	3411	3
19	S20	3422	12
19	S20	3591	6
19	S20	3716	21
19	S20	3728	18
19	S20	3750	32
19	S20	3755	3
19	S20	3767	14
19	S20	3792	36
19	S20	3806	17
19	S20	3850	13
19	S20	3894	15
19	S20	3927	2
19	S20	3979	3
19	S20	4052	6
19	S20	4059	6
19	S20	4067	1
19	S20	4089	3
19	S20	4099	90
19	S20	4139	1
19	S20	4163	22
19	S20	4204	3
19	S20	4285	1
19	S20	4313	6
19	S20	4571	12
19	S20	4608	12
19	S20	4674	12
19	S20	4767	3
19	S20	4773	3
19	S20	4790	12
19	S20	4926	3
19	S20	4978	6
19	S20	5092	3
19	S20	5099	6
19	S20	5122	6
19	S20	5304	9
19	S20	5311	18
19	S20	5336	12
19	S20	5341	3
19	S20	5351	60
19	S20	5372	6
19	S20	5402	2
19	S20	5438	1
19	S20	5451	29
19	S20	5466	32
19	S20	5470	4
19	S20	5520	9
19	S20	5583	9
19	S20	5688	6
19	S20	5848	6
19	S20	5849	3
19	S20	5853	6
19	S20	6071	3
19	S20	6099	12
19	S20	6514	6
19	S20	6727	9
19	S20	6967	3
19	S20	7091	11
19	S20	7116	6
19	S20	7142	18
19	S20	7200	13
19	S20	7214	23
19	S20	7226	8
19	S20	7241	4
19	S20	7294	83
19	S20	7295	1
19	S20	7319	3
19	S20	7325	13
19	S20	7332	3
19	S20	7341	10
19	S20	7363	5
19	S20	7375	11
19	S20	7382	22
19	S20	7413	63
19	S20	7436	1
19	S20	7447	4
19	S20	7470	6
19	S20	7474	5
19	S20	7498	10
19	S20	7507	1
19	S20	7516	12
19	S20	7525	3
19	S20	7528	11
19	S20	7537	42
19	S20	7557	35
19	S20	7567	17
19	S20	7578	6
19	S20	7593	11
19	S20	7594	77
19	S20	7615	8
19	S20	7682	4
19	S20	7692	34
19	S20	7702	13
19	S20	7715	8
19	S20	7755	1
19	S20	7759	23
19	S20	7768	1
19	S20	7798	9
19	S20	7810	11
19	S20	7832	8
19	S20	7847	1
19	S20	7866	35
19	S20	7876	10
19	S20	7880	1
19	S20	7891	3
19	S20	7926	2
19	S20	7957	1
19	S20	7971	1
19	S20	8011	2391
20	S21	1	112
20	S21	38	42
20	S21	424	21
20	S21	425	48
20	S21	479	3
20	S21	487	6
20	S21	522	3
20	S21	532	6
20	S21	537	4
20	S21	554	33
20	S21	578	3
20	S21	603	3
20	S21	671	3
20	S21	716	3
20	S21	724	1
20	S21	739	3
20	S21	761	15
20	S21	849	7
20	S21	885	3
20	S21	918	9
20	S21	1022	3
20	S21	1057	20
20	S21	1125	10
20	S21	1150	3
20	S21	1164	12
20	S21	1171	4
20	S21	1185	3
20	S21	1205	3
20	S21	1244	10
20	S21	1267	9
20	S21	1287	3
20	S21	1310	6
20	S21	2594	9
20	S21	2621	12
20	S21	2680	1
20	S21	3037	6
20	S21	3051	6
20	S21	3171	7
20	S21	3209	7
20	S21	3235	24
20	S21	3263	35
20	S21	3286	3
20	S21	3288	3
20	S21	3313	16
20	S21	3361	37
20	S21	3387	3
20	S21	3411	3
20	S21	3422	12
20	S21	3591	6
20	S21	3716	21
20	S21	3728	18
20	S21	3750	32
20	S21	3755	3
20	S21	3767	14
20	S21	3792	36
20	S21	3806	17
20	S21	3850	13
20	S21	3894	15
20	S21	3927	2
20	S21	3979	3
20	S21	4052	6
20	S21	4059	6
20	S21	4067	1
20	S21	4089	3
20	S21	4099	90
20	S21	4139	1
20	S21	4163	22
20	S21	4204	3
20	S21	4285	1
20	S21	4313	6
20	S21	4571	12
20	S21	4608	12
20	S21	4674	12
20	S21	4767	3
20	S21	4773	3
20	S21	4790	12
20	S21	4926	3
20	S21	4978	6
20	S21	5092	3
20	S21	5099	6
20	S21	5122	6
20	S21	5304	9
20	S21	5311	18
20	S21	5336	12
20	S21	5341	3
20	S21	5351	60
20	S21	5372	6
20	S21	5402	2
20	S21	5438	1
20	S21	5451	29
20	S21	5466	32
20	S21	5470	4
20	S21	5520	9
20	S21	5583	9
20	S21	5688	6
20	S21	5848	6
20	S21	5849	3
20	S21	5853	6
20	S21	6071	3
20	S21	6099	12
20	S21	6514	6
20	S21	6727	9
20	S21	6967	3
20	S21	7091	11
20	S21	7116	6
20	S21	7142	18
20	S21	7200	13
20	S21	7214	23
20	S21	7226	8
20	S21	7241	4
20	S21	7294	83
20	S21	7295	1
20	S21	7319	3
20	S21	7325	13
20	S21	7332	3
20	S21	7341	10
20	S21	7363	5
20	S21	7375	11
20	S21	7382	22
20	S21	7413	63
20	S21	7436	1
20	S21	7447	4
20	S21	7470	6
20	S21	7474	5
20	S21	7498	10
20	S21	7507	1
20	S21	7516	12
20	S21	7525	3
20	S21	7528	11
20	S21	7537	42
20	S21	7557	35
20	S21	7567	17
20	S21	7578	6
20	S21	7593	11
20	S21	7594	77
20	S21	7615	8
20	S21	7682	4
20	S21	7692	34
20	S21	7702	13
20	S21	7715	8
20	S21	7755	1
20	S21	7759	23
20	S21	7768	1
20	S21	7798	9
20	S21	7810	11
20	S21	7832	8
20	S21	7847	1
20	S21	7866	35
20	S21	7876	10
20	S21	7880	1
20	S21	7891	3
20	S21	7926	2
20	S21	7957	1
20	S21	7971	1
20	S21	8011	2391
21	S22	1	112
21	S22	38	42
21	S22	424	21
21	S22	425	48
21	S22	479	3
21	S22	487	6
21	S22	522	3
21	S22	532	6
21	S22	537	4
21	S22	554	33
21	S22	578	3
21	S22	603	3
21	S22	671	3
21	S22	716	3
21	S22	724	1
21	S22	739	3
21	S22	761	15
21	S22	849	7
21	S22	885	3
21	S22	918	9
21	S22	1022	3
21	S22	1057	20
21	S22	1125	10
21	S22	1150	3
21	S22	1164	12
21	S22	1171	4
21	S22	1185	3
21	S22	1205	3
21	S22	1244	10
21	S22	1267	9
21	S22	1287	3
21	S22	1310	6
21	S22	2594	9
21	S22	2621	12
21	S22	2680	1
21	S22	3037	6
21	S22	3051	6
21	S22	3171	7
21	S22	3209	7
21	S22	3235	24
21	S22	3263	35
21	S22	3286	3
21	S22	3288	3
21	S22	3313	16
21	S22	3361	37
21	S22	3387	3
21	S22	3411	3
21	S22	3422	12
21	S22	3591	6
21	S22	3716	21
21	S22	3728	18
21	S22	3750	32
21	S22	3755	3
21	S22	3767	14
21	S22	3792	36
21	S22	3806	17
21	S22	3850	13
21	S22	3894	15
21	S22	3927	2
21	S22	3979	3
21	S22	4052	6
21	S22	4059	6
21	S22	4067	1
21	S22	4089	3
21	S22	4099	90
21	S22	4139	1
21	S22	4163	22
21	S22	4204	3
21	S22	4285	1
21	S22	4313	6
21	S22	4571	12
21	S22	4608	12
21	S22	4674	12
21	S22	4767	3
21	S22	4773	3
21	S22	4790	12
21	S22	4926	3
21	S22	4978	6
21	S22	5092	3
21	S22	5099	6
21	S22	5122	6
21	S22	5304	9
21	S22	5311	18
21	S22	5336	12
21	S22	5341	3
21	S22	5351	60
21	S22	5372	6
21	S22	5402	2
21	S22	5438	1
21	S22	5451	29
21	S22	5466	32
21	S22	5470	4
21	S22	5520	9
21	S22	5583	9
21	S22	5688	6
21	S22	5848	6
21	S22	5849	3
21	S22	5853	6
21	S22	6071	3
21	S22	6099	12
21	S22	6514	6
21	S22	6727	9
21	S22	6967	3
21	S22	7091	11
21	S22	7116	6
21	S22	7142	18
21	S22	7200	13
21	S22	7214	23
21	S22	7226	8
21	S22	7241	4
21	S22	7294	83
21	S22	7295	1
21	S22	7319	3
21	S22	7325	13
21	S22	7332	3
21	S22	7341	10
21	S22	7363	5
21	S22	7375	11
21	S22	7382	22
21	S22	7413	63
21	S22	7436	1
21	S22	7447	4
21	S22	7470	6
21	S22	7474	5
21	S22	7498	10
21	S22	7507	1
21	S22	7516	12
21	S22	7525	3
21	S22	7528	11
21	S22	7537	42
21	S22	7557	35
21	S22	7567	17
21	S22	7578	6
21	S22	7593	11
21	S22	7594	77
21	S22	7615	8
21	S22	7682	4
21	S22	7692	34
21	S22	7702	13
21	S22	7715	8
21	S22	7755	1
21	S22	7759	23
21	S22	7768	1
21	S22	7798	9
21	S22	7810	11
21	S22	7832	8
21	S22	7847	1
21	S22	7866	35
21	S22	7876	10
21	S22	7880	1
21	S22	7891	3
21	S22	7926	2
21	S22	7957	1
21	S22	7971	1
21	S22	8011	2391
22	S23	1	112
22	S23	38	42
22	S23	424	21
22	S23	425	48
22	S23	479	3
22	S23	487	6
22	S23	522	3
22	S23	532	6
22	S23	537	4
22	S23	554	33
22	S23	578	3
22	S23	603	3
22	S23	671	3
22	S23	716	3
22	S23	724	1
22	S23	739	3
22	S23	761	15
22	S23	849	7
22	S23	885	3
22	S23	918	9
22	S23	1022	3
22	S23	1057	20
22	S23	1125	10
22	S23	1150	3
22	S23	1164	12
22	S23	1171	4
22	S23	1185	3
22	S23	1205	3
22	S23	1244	10
22	S23	1267	9
22	S23	1287	3
22	S23	1310	6
22	S23	2594	9
22	S23	2621	12
22	S23	2680	1
22	S23	3037	6
22	S23	3051	6
22	S23	3171	7
22	S23	3209	7
22	S23	3235	24
22	S23	3263	35
22	S23	3286	3
22	S23	3288	3
22	S23	3313	16
22	S23	3361	37
22	S23	3387	3
22	S23	3411	3
22	S23	3422	12
22	S23	3591	6
22	S23	3716	21
22	S23	3728	18
22	S23	3750	32
22	S23	3755	3
22	S23	3767	14
22	S23	3792	36
22	S23	3806	17
22	S23	3850	13
22	S23	3894	15
22	S23	3927	2
22	S23	3979	3
22	S23	4052	6
22	S23	4059	6
22	S23	4067	1
22	S23	4089	3
22	S23	4099	90
22	S23	4139	1
22	S23	4163	22
22	S23	4204	3
22	S23	4285	1
22	S23	4313	6
22	S23	4571	12
22	S23	4608	12
22	S23	4674	12
22	S23	4767	3
22	S23	4773	3
22	S23	4790	12
22	S23	4926	3
22	S23	4978	6
22	S23	5092	3
22	S23	5099	6
22	S23	5122	6
22	S23	5304	9
22	S23	5311	18
22	S23	5336	12
22	S23	5341	3
22	S23	5351	60
22	S23	5372	6
22	S23	5402	2
22	S23	5438	1
22	S23	5451	29
22	S23	5466	32
22	S23	5470	4
22	S23	5520	9
22	S23	5583	9
22	S23	5688	6
22	S23	5848	6
22	S23	5849	3
22	S23	5853	6
22	S23	6071	3
22	S23	6099	12
22	S23	6514	6
22	S23	6727	9
22	S23	6967	3
22	S23	7091	11
22	S23	7116	6
22	S23	7142	18
22	S23	7200	13
22	S23	7214	23
22	S23	7226	8
22	S23	7241	4
22	S23	7294	83
22	S23	7295	1
22	S23	7319	3
22	S23	7325	13
22	S23	7332	3
22	S23	7341	10
22	S23	7363	5
22	S23	7375	11
22	S23	7382	22
22	S23	7413	63
22	S23	7436	1
22	S23	7447	4
22	S23	7470	6
22	S23	7474	5
22	S23	7498	10
22	S23	7507	1
22	S23	7516	12
22	S23	7525	3
22	S23	7528	11
22	S23	7537	42
22	S23	7557	35
22	S23	7567	17
22	S23	7578	6
22	S23	7593	11
22	S23	7594	77
22	S23	7615	8
22	S23	7682	4
22	S23	7692	34
22	S23	7702	13
22	S23	7715	8
22	S23	7755	1
22	S23	7759	23
22	S23	7768	1
22	S23	7798	9
22	S23	7810	11
22	S23	7832	8
22	S23	7847	1
22	S23	7866	35
22	S23	7876	10
22	S23	7880	1
22	S23	7891	3
22	S23	7926	2
22	S23	7957	1
22	S23	7971	1
22	S23	8011	2391
23	S24	1	112
23	S24	38	42
23	S24	424	21
23	S24	425	48
23	S24	479	3
23	S24	487	6
23	S24	522	3
23	S24	532	6
23	S24	537	4
23	S24	554	33
23	S24	578	3
23	S24	603	3
23	S24	671	3
23	S24	716	3
23	S24	724	1
23	S24	739	3
23	S24	761	15
23	S24	849	7
23	S24	885	3
23	S24	918	9
23	S24	1022	3
23	S24	1057	20
23	S24	1125	10
23	S24	1150	3
23	S24	1164	12
23	S24	1171	4
23	S24	1185	3
23	S24	1205	3
23	S24	1244	10
23	S24	1267	9
23	S24	1287	3
23	S24	1310	6
23	S24	2594	9
23	S24	2621	12
23	S24	2680	1
23	S24	3037	6
23	S24	3051	6
23	S24	3171	7
23	S24	3209	7
23	S24	3235	24
23	S24	3263	35
23	S24	3286	3
23	S24	3288	3
23	S24	3313	16
23	S24	3361	37
23	S24	3387	3
23	S24	3411	3
23	S24	3422	12
23	S24	3591	6
23	S24	3716	21
23	S24	3728	18
23	S24	3750	32
23	S24	3755	3
23	S24	3767	14
23	S24	3792	36
23	S24	3806	17
23	S24	3850	13
23	S24	3894	15
23	S24	3927	2
23	S24	3979	3
23	S24	4052	6
23	S24	4059	6
23	S24	4067	1
23	S24	4089	3
23	S24	4099	90
23	S24	4139	1
23	S24	4163	22
23	S24	4204	3
23	S24	4314	6
23	S24	4572	12
23	S24	4609	12
23	S24	4675	12
23	S24	4768	3
23	S24	4774	3
23	S24	4791	12
23	S24	4927	3
23	S24	4979	6
23	S24	5093	3
23	S24	5100	6
23	S24	5123	6
23	S24	5305	9
23	S24	5312	18
23	S24	5337	12
23	S24	5342	3
23	S24	5352	60
23	S24	5373	6
23	S24	5403	2
23	S24	5439	1
23	S24	5452	29
23	S24	5467	32
23	S24	5471	4
23	S24	5521	9
23	S24	5584	9
23	S24	5689	6
23	S24	5849	6
23	S24	5850	3
23	S24	5854	6
23	S24	6072	3
23	S24	6100	12
23	S24	6515	6
23	S24	6728	9
23	S24	6968	3
23	S24	7092	11
23	S24	7117	6
23	S24	7143	18
23	S24	7201	13
23	S24	7215	23
23	S24	7227	8
23	S24	7242	4
23	S24	7295	83
23	S24	7296	1
23	S24	7320	3
23	S24	7326	13
23	S24	7333	3
23	S24	7342	10
23	S24	7364	5
23	S24	7376	11
23	S24	7383	22
23	S24	7414	63
23	S24	7437	1
23	S24	7448	4
23	S24	7471	6
23	S24	7475	5
23	S24	7499	10
23	S24	7508	1
23	S24	7517	12
23	S24	7526	3
23	S24	7529	11
23	S24	7538	42
23	S24	7558	35
23	S24	7568	17
23	S24	7579	6
23	S24	7594	11
23	S24	7595	77
23	S24	7616	8
23	S24	7683	4
23	S24	7693	34
23	S24	7703	13
23	S24	7716	8
23	S24	7756	1
23	S24	7760	23
23	S24	7769	1
23	S24	7799	9
23	S24	7811	11
23	S24	7833	8
23	S24	7848	1
23	S24	7867	35
23	S24	7877	10
23	S24	7881	1
23	S24	7892	3
23	S24	7927	2
23	S24	7958	1
23	S24	7972	1
23	S24	8012	2391
24	S25	1	112
24	S25	38	42
24	S25	424	21
24	S25	425	48
24	S25	479	3
24	S25	487	6
24	S25	522	3
24	S25	532	6
24	S25	537	4
24	S25	554	33
24	S25	578	3
24	S25	603	3
24	S25	671	3
24	S25	716	3
24	S25	724	1
24	S25	739	3
24	S25	761	15
24	S25	849	7
24	S25	885	3
24	S25	918	9
24	S25	1022	3
24	S25	1057	20
24	S25	1125	10
24	S25	1150	3
24	S25	1164	12
24	S25	1171	4
24	S25	1185	3
24	S25	1205	3
24	S25	1244	10
24	S25	1267	9
24	S25	1287	3
24	S25	1310	6
24	S25	2594	9
24	S25	2621	12
24	S25	2680	1
24	S25	3037	6
24	S25	3051	6
24	S25	3171	7
24	S25	3209	7
24	S25	3235	24
24	S25	3263	35
24	S25	3286	3
24	S25	3288	3
24	S25	3313	16
24	S25	3361	37
24	S25	3387	3
24	S25	3411	3
24	S25	3422	12
24	S25	3591	6
24	S25	3716	21
24	S25	3728	18
24	S25	3750	32
24	S25	3755	3
24	S25	3767	14
24	S25	3792	36
24	S25	3806	17
24	S25	3850	13
24	S25	3894	15
24	S25	3927	2
24	S25	3979	3
24	S25	4052	6
24	S25	4059	6
24	S25	4067	1
24	S25	4089	3
24	S25	4099	90
24	S25	4139	1
24	S25	4163	22
24	S25	4204	3
24	S25	4285	1
24	S25	4313	6
24	S25	4571	12
24	S25	4608	12
24	S25	4674	12
24	S25	4767	3
24	S25	4773	3
24	S25	4790	12
24	S25	4926	3
24	S25	4978	6
24	S25	5092	3
24	S25	5099	6
24	S25	5122	6
24	S25	5304	9
24	S25	5311	18
24	S25	5336	12
24	S25	5341	3
24	S25	5351	60
24	S25	5372	6
24	S25	5402	2
24	S25	5438	1
24	S25	5451	29
24	S25	5466	32
24	S25	5470	4
24	S25	5520	9
24	S25	5583	9
24	S25	5688	6
24	S25	5848	6
24	S25	5849	3
24	S25	5853	6
24	S25	6071	3
24	S25	6099	12
24	S25	6514	6
24	S25	6727	9
24	S25	6967	3
24	S25	7091	11
24	S25	7116	6
24	S25	7142	18
24	S25	7200	13
24	S25	7214	23
24	S25	7226	8
24	S25	7241	4
24	S25	7294	83
24	S25	7295	1
24	S25	7319	3
24	S25	7325	13
24	S25	7332	3
24	S25	7341	10
24	S25	7363	5
24	S25	7375	11
24	S25	7382	22
24	S25	7413	63
24	S25	7436	1
24	S25	7447	4
24	S25	7470	6
24	S25	7474	5
24	S25	7498	10
24	S25	7507	1
24	S25	7516	12
24	S25	7525	3
24	S25	7528	11
24	S25	7537	42
24	S25	7557	35
24	S25	7567	17
24	S25	7578	6
24	S25	7593	11
24	S25	7594	77
24	S25	7615	8
24	S25	7682	4
24	S25	7692	34
24	S25	7702	13
24	S25	7715	8
24	S25	7755	1
24	S25	7759	23
24	S25	7768	1
24	S25	7798	9
24	S25	7810	11
24	S25	7832	8
24	S25	7847	1
24	S25	7866	35
24	S25	7876	10
24	S25	7880	1
24	S25	7891	3
24	S25	7926	2
24	S25	7957	1
24	S25	7971	1
24	S25	8011	2391
25	S26	1	1
25	S26	13	4
25	S26	28	2
25	S26	50	2
25	S26	63	1
25	S26	140	42
25	S26	526	21
25	S26	527	48
25	S26	581	3
25	S26	589	6
25	S26	624	3
25	S26	634	6
25	S26	639	4
25	S26	656	33
25	S26	680	3
25	S26	705	3
25	S26	773	3
25	S26	818	3
25	S26	826	1
25	S26	841	3
25	S26	863	15
25	S26	951	7
25	S26	987	3
25	S26	1020	9
25	S26	1124	3
25	S26	1159	20
25	S26	1227	10
25	S26	1252	3
25	S26	1266	12
25	S26	1273	4
25	S26	1287	3
25	S26	1307	3
25	S26	1346	10
25	S26	1369	9
25	S26	1389	3
25	S26	1412	6
25	S26	2696	9
25	S26	2723	12
25	S26	2782	1
25	S26	3139	6
25	S26	3153	6
25	S26	3273	7
25	S26	3311	7
25	S26	3337	24
25	S26	3365	35
25	S26	3388	3
25	S26	3390	3
25	S26	3415	16
25	S26	3463	37
25	S26	3489	3
25	S26	3513	3
25	S26	3524	12
25	S26	3693	6
25	S26	3818	21
25	S26	3830	18
25	S26	3852	32
25	S26	3857	3
25	S26	3869	14
25	S26	3894	36
25	S26	3908	17
25	S26	3952	13
25	S26	3996	15
25	S26	4029	2
25	S26	4081	3
25	S26	4154	6
25	S26	4161	6
25	S26	4169	1
25	S26	4191	3
25	S26	4201	90
25	S26	4241	1
25	S26	4265	22
25	S26	4306	3
25	S26	4387	1
25	S26	4415	6
25	S26	4673	12
25	S26	4710	12
25	S26	4776	12
25	S26	4869	3
25	S26	4875	3
25	S26	4892	12
25	S26	5028	3
25	S26	5080	6
25	S26	5194	3
25	S26	5201	6
25	S26	5224	6
25	S26	5406	9
25	S26	5413	18
25	S26	5438	12
25	S26	5443	3
25	S26	5453	60
25	S26	5474	6
25	S26	5504	2
25	S26	5540	1
25	S26	5553	29
25	S26	5568	32
25	S26	5572	4
25	S26	5622	9
25	S26	5685	9
25	S26	5790	6
25	S26	5950	6
25	S26	5951	3
25	S26	5955	6
25	S26	6173	3
25	S26	6201	12
25	S26	6616	6
25	S26	6829	9
25	S26	7069	3
25	S26	7193	11
25	S26	7218	6
25	S26	7244	18
25	S26	7302	13
25	S26	7316	23
25	S26	7328	8
25	S26	7343	4
25	S26	7396	83
25	S26	7397	1
25	S26	7421	3
25	S26	7427	13
25	S26	7434	3
25	S26	7443	10
25	S26	7465	5
25	S26	7477	11
25	S26	7484	22
25	S26	7515	63
25	S26	7538	1
25	S26	7549	4
25	S26	7572	6
25	S26	7576	5
25	S26	7600	10
25	S26	7609	1
25	S26	7618	12
25	S26	7627	3
25	S26	7630	11
25	S26	7639	42
25	S26	7659	35
25	S26	7669	17
25	S26	7680	6
25	S26	7695	11
25	S26	7696	77
25	S26	7717	8
25	S26	7784	4
25	S26	7794	34
25	S26	7804	13
25	S26	7817	8
25	S26	7857	1
25	S26	7861	23
25	S26	7870	1
25	S26	7900	9
25	S26	7912	11
25	S26	7934	8
25	S26	7949	1
25	S26	7968	35
25	S26	7978	10
25	S26	7982	1
25	S26	7993	3
25	S26	8011	2497
