# print count over countCutOffLow=0.1 to countCutOffHigh=0.9 with increment=0.05
POS	prob01	prob10	exp01	exp10	prob01_Rec	prob10_Rec	exp01_Rec	exp10_Rec	prob01_Anc	prob10_Anc	exp01_Anc	exp10_Anc	count01_0.1	count10_0.1	count01_0.15	count10_0.15	count01_0.2	count10_0.2	count01_0.25	count10_0.25	count01_0.3	count10_0.3	count01_0.35	count10_0.35	count01_0.4	count10_0.4	count01_0.45	count10_0.45	count01_0.5	count10_0.5	count01_0.55	count10_0.55	count01_0.6	count10_0.6	count01_0.65	count10_0.65	count01_0.7	count10_0.7	count01_0.75	count10_0.75	count01_0.8	count10_0.8	count01_0.85	count10_0.85	count01_0.9	count10_0.9	
1	8.7e-05	0.0004723	8.7e-05	0.0004723	6.865e-06	0.000442	6.865e-06	0.000442	8.013e-05	3.033e-05	8.013e-05	3.033e-05	0	0	0	0	0	0	0	0	0	0	0	0	0	0	0	0	0	0	0	0	0	0	0	0	0	0	0	0	0	0	0	0	0	0	
2	1	0.0006259	1	0.0006259	0.9998	0.0005333	0.9998	0.0005333	0.0005542	9.268e-05	0.0005542	9.268e-05	1	0	1	0	1	0	1	0	1	0	1	0	1	0	1	0	1	0	1	0	1	0	1	0	1	0	1	0	1	0	1	0	1	0	
3	1	9.329e-05	1	9.329e-05	1	7.588e-06	1	7.588e-06	3.489e-05	8.57e-05	3.489e-05	8.57e-05	1	0	1	0	1	0	1	0	1	0	1	0	1	0	1	0	1	0	1	0	1	0	1	0	1	0	1	0	1	0	1	0	1	0	
4	8.675e-05	0.0002115	8.675e-05	0.0002115	6.629e-06	0.0001814	6.629e-06	0.0001814	8.012e-05	3.01e-05	8.012e-05	3.01e-05	0	0	0	0	0	0	0	0	0	0	0	0	0	0	0	0	0	0	0	0	0	0	0	0	0	0	0	0	0	0	0	0	0	0	
5	8.675e-05	3.672e-05	8.675e-05	3.672e-05	6.628e-06	6.621e-06	6.628e-06	6.621e-06	8.012e-05	3.009e-05	8.012e-05	3.009e-05	0	0	0	0	0	0	0	0	0	0	0	0	0	0	0	0	0	0	0	0	0	0	0	0	0	0	0	0	0	0	0	0	0	0	
6	8.675e-05	3.672e-05	8.675e-05	3.672e-05	6.628e-06	6.621e-06	6.628e-06	6.621e-06	8.012e-05	3.009e-05	8.012e-05	3.009e-05	0	0	0	0	0	0	0	0	0	0	0	0	0	0	0	0	0	0	0	0	0	0	0	0	0	0	0	0	0	0	0	0	0	0	
7	8.675e-05	3.672e-05	8.675e-05	3.672e-05	6.628e-06	6.621e-06	6.628e-06	6.621e-06	8.012e-05	3.009e-05	8.012e-05	3.009e-05	0	0	0	0	0	0	0	0	0	0	0	0	0	0	0	0	0	0	0	0	0	0	0	0	0	0	0	0	0	0	0	0	0	0	
8	8.675e-05	3.672e-05	8.675e-05	3.672e-05	6.628e-06	6.621e-06	6.628e-06	6.621e-06	8.012e-05	3.009e-05	8.012e-05	3.009e-05	0	0	0	0	0	0	0	0	0	0	0	0	0	0	0	0	0	0	0	0	0	0	0	0	0	0	0	0	0	0	0	0	0	0	
9	8.675e-05	3.672e-05	8.675e-05	3.672e-05	6.628e-06	6.621e-06	6.628e-06	6.621e-06	8.012e-05	3.009e-05	8.012e-05	3.009e-05	0	0	0	0	0	0	0	0	0	0	0	0	0	0	0	0	0	0	0	0	0	0	0	0	0	0	0	0	0	0	0	0	0	0	
10	8.675e-05	3.672e-05	8.675e-05	3.672e-05	6.628e-06	6.621e-06	6.628e-06	6.621e-06	8.012e-05	3.009e-05	8.012e-05	3.009e-05	0	0	0	0	0	0	0	0	0	0	0	0	0	0	0	0	0	0	0	0	0	0	0	0	0	0	0	0	0	0	0	0	0	0	
11	8.675e-05	3.672e-05	8.675e-05	3.672e-05	6.628e-06	6.621e-06	6.628e-06	6.621e-06	8.012e-05	3.009e-05	8.012e-05	3.009e-05	0	0	0	0	0	0	0	0	0	0	0	0	0	0	0	0	0	0	0	0	0	0	0	0	0	0	0	0	0	0	0	0	0	0	
12	8.675e-05	3.672e-05	8.675e-05	3.672e-05	6.628e-06	6.621e-06	6.628e-06	6.621e-06	8.012e-05	3.009e-05	8.012e-05	3.009e-05	0	0	0	0	0	0	0	0	0	0	0	0	0	0	0	0	0	0	0	0	0	0	0	0	0	0	0	0	0	0	0	0	0	0	
13	8.675e-05	3.672e-05	8.675e-05	3.672e-05	6.628e-06	6.621e-06	6.628e-06	6.621e-06	8.012e-05	3.009e-05	8.012e-05	3.009e-05	0	0	0	0	0	0	0	0	0	0	0	0	0	0	0	0	0	0	0	0	0	0	0	0	0	0	0	0	0	0	0	0	0	0	
14	8.675e-05	3.672e-05	8.675e-05	3.672e-05	6.628e-06	6.621e-06	6.628e-06	6.621e-06	8.012e-05	3.009e-05	8.012e-05	3.009e-05	0	0	0	0	0	0	0	0	0	0	0	0	0	0	0	0	0	0	0	0	0	0	0	0	0	0	0	0	0	0	0	0	0	0	
15	8.675e-05	3.672e-05	8.675e-05	3.672e-05	6.628e-06	6.621e-06	6.628e-06	6.621e-06	8.012e-05	3.009e-05	8.012e-05	3.009e-05	0	0	0	0	0	0	0	0	0	0	0	0	0	0	0	0	0	0	0	0	0	0	0	0	0	0	0	0	0	0	0	0	0	0	
16	8.675e-05	3.672e-05	8.675e-05	3.672e-05	6.628e-06	6.621e-06	6.628e-06	6.621e-06	8.012e-05	3.009e-05	8.012e-05	3.009e-05	0	0	0	0	0	0	0	0	0	0	0	0	0	0	0	0	0	0	0	0	0	0	0	0	0	0	0	0	0	0	0	0	0	0	
17	8.675e-05	3.672e-05	8.675e-05	3.672e-05	6.628e-06	6.621e-06	6.628e-06	6.621e-06	8.012e-05	3.009e-05	8.012e-05	3.009e-05	0	0	0	0	0	0	0	0	0	0	0	0	0	0	0	0	0	0	0	0	0	0	0	0	0	0	0	0	0	0	0	0	0	0	
18	8.675e-05	3.672e-05	8.675e-05	3.672e-05	6.628e-06	6.621e-06	6.628e-06	6.621e-06	8.012e-05	3.009e-05	8.012e-05	3.009e-05	0	0	0	0	0	0	0	0	0	0	0	0	0	0	0	0	0	0	0	0	0	0	0	0	0	0	0	0	0	0	0	0	0	0	
19	8.675e-05	3.672e-05	8.675e-05	3.672e-05	6.628e-06	6.621e-06	6.628e-06	6.621e-06	8.012e-05	3.009e-05	8.012e-05	3.009e-05	0	0	0	0	0	0	0	0	0	0	0	0	0	0	0	0	0	0	0	0	0	0	0	0	0	0	0	0	0	0	0	0	0	0	
20	8.675e-05	3.672e-05	8.675e-05	3.672e-05	6.628e-06	6.621e-06	6.628e-06	6.621e-06	8.012e-05	3.009e-05	8.012e-05	3.009e-05	0	0	0	0	0	0	0	0	0	0	0	0	0	0	0	0	0	0	0	0	0	0	0	0	0	0	0	0	0	0	0	0	0	0	
21	8.675e-05	3.672e-05	8.675e-05	3.672e-05	6.628e-06	6.621e-06	6.628e-06	6.621e-06	8.012e-05	3.009e-05	8.012e-05	3.009e-05	0	0	0	0	0	0	0	0	0	0	0	0	0	0	0	0	0	0	0	0	0	0	0	0	0	0	0	0	0	0	0	0	0	0	
22	8.675e-05	3.672e-05	8.675e-05	3.672e-05	6.628e-06	6.621e-06	6.628e-06	6.621e-06	8.012e-05	3.009e-05	8.012e-05	3.009e-05	0	0	0	0	0	0	0	0	0	0	0	0	0	0	0	0	0	0	0	0	0	0	0	0	0	0	0	0	0	0	0	0	0	0	
23	8.675e-05	3.672e-05	8.675e-05	3.672e-05	6.628e-06	6.621e-06	6.628e-06	6.621e-06	8.012e-05	3.009e-05	8.012e-05	3.009e-05	0	0	0	0	0	0	0	0	0	0	0	0	0	0	0	0	0	0	0	0	0	0	0	0	0	0	0	0	0	0	0	0	0	0	
24	8.675e-05	3.672e-05	8.675e-05	3.672e-05	6.628e-06	6.621e-06	6.628e-06	6.621e-06	8.012e-05	3.009e-05	8.012e-05	3.009e-05	0	0	0	0	0	0	0	0	0	0	0	0	0	0	0	0	0	0	0	0	0	0	0	0	0	0	0	0	0	0	0	0	0	0	
25	8.675e-05	3.672e-05	8.675e-05	3.672e-05	6.628e-06	6.621e-06	6.628e-06	6.621e-06	8.012e-05	3.009e-05	8.012e-05	3.009e-05	0	0	0	0	0	0	0	0	0	0	0	0	0	0	0	0	0	0	0	0	0	0	0	0	0	0	0	0	0	0	0	0	0	0	
26	8.675e-05	3.672e-05	8.675e-05	3.672e-05	6.628e-06	6.621e-06	6.628e-06	6.621e-06	8.012e-05	3.009e-05	8.012e-05	3.009e-05	0	0	0	0	0	0	0	0	0	0	0	0	0	0	0	0	0	0	0	0	0	0	0	0	0	0	0	0	0	0	0	0	0	0	
27	8.675e-05	3.672e-05	8.675e-05	3.672e-05	6.628e-06	6.621e-06	6.628e-06	6.621e-06	8.012e-05	3.009e-05	8.012e-05	3.009e-05	0	0	0	0	0	0	0	0	0	0	0	0	0	0	0	0	0	0	0	0	0	0	0	0	0	0	0	0	0	0	0	0	0	0	
28	8.675e-05	3.672e-05	8.675e-05	3.672e-05	6.628e-06	6.621e-06	6.628e-06	6.621e-06	8.012e-05	3.009e-05	8.012e-05	3.009e-05	0	0	0	0	0	0	0	0	0	0	0	0	0	0	0	0	0	0	0	0	0	0	0	0	0	0	0	0	0	0	0	0	0	0	
29	8.675e-05	3.672e-05	8.675e-05	3.672e-05	6.628e-06	6.621e-06	6.628e-06	6.621e-06	8.012e-05	3.009e-05	8.012e-05	3.009e-05	0	0	0	0	0	0	0	0	0	0	0	0	0	0	0	0	0	0	0	0	0	0	0	0	0	0	0	0	0	0	0	0	0	0	
30	8.675e-05	3.672e-05	8.675e-05	3.672e-05	6.628e-06	6.621e-06	6.628e-06	6.621e-06	8.012e-05	3.009e-05	8.012e-05	3.009e-05	0	0	0	0	0	0	0	0	0	0	0	0	0	0	0	0	0	0	0	0	0	0	0	0	0	0	0	0	0	0	0	0	0	0	
31	8.675e-05	3.672e-05	8.675e-05	3.672e-05	6.628e-06	6.621e-06	6.628e-06	6.621e-06	8.012e-05	3.009e-05	8.012e-05	3.009e-05	0	0	0	0	0	0	0	0	0	0	0	0	0	0	0	0	0	0	0	0	0	0	0	0	0	0	0	0	0	0	0	0	0	0	
32	8.675e-05	3.672e-05	8.675e-05	3.672e-05	6.628e-06	6.621e-06	6.628e-06	6.621e-06	8.012e-05	3.009e-05	8.012e-05	3.009e-05	0	0	0	0	0	0	0	0	0	0	0	0	0	0	0	0	0	0	0	0	0	0	0	0	0	0	0	0	0	0	0	0	0	0	
33	8.675e-05	3.672e-05	8.675e-05	3.672e-05	6.628e-06	6.621e-06	6.628e-06	6.621e-06	8.012e-05	3.009e-05	8.012e-05	3.009e-05	0	0	0	0	0	0	0	0	0	0	0	0	0	0	0	0	0	0	0	0	0	0	0	0	0	0	0	0	0	0	0	0	0	0	
34	8.675e-05	3.672e-05	8.675e-05	3.672e-05	6.628e-06	6.621e-06	6.628e-06	6.621e-06	8.012e-05	3.009e-05	8.012e-05	3.009e-05	0	0	0	0	0	0	0	0	0	0	0	0	0	0	0	0	0	0	0	0	0	0	0	0	0	0	0	0	0	0	0	0	0	0	
35	8.675e-05	3.672e-05	8.675e-05	3.672e-05	6.628e-06	6.621e-06	6.628e-06	6.621e-06	8.012e-05	3.009e-05	8.012e-05	3.009e-05	0	0	0	0	0	0	0	0	0	0	0	0	0	0	0	0	0	0	0	0	0	0	0	0	0	0	0	0	0	0	0	0	0	0	
36	8.675e-05	3.672e-05	8.675e-05	3.672e-05	6.628e-06	6.621e-06	6.628e-06	6.621e-06	8.012e-05	3.009e-05	8.012e-05	3.009e-05	0	0	0	0	0	0	0	0	0	0	0	0	0	0	0	0	0	0	0	0	0	0	0	0	0	0	0	0	0	0	0	0	0	0	
37	8.675e-05	3.672e-05	8.675e-05	3.672e-05	6.628e-06	6.621e-06	6.628e-06	6.621e-06	8.012e-05	3.009e-05	8.012e-05	3.009e-05	0	0	0	0	0	0	0	0	0	0	0	0	0	0	0	0	0	0	0	0	0	0	0	0	0	0	0	0	0	0	0	0	0	0	
38	8.675e-05	3.672e-05	8.675e-05	3.672e-05	6.628e-06	6.621e-06	6.628e-06	6.621e-06	8.012e-05	3.009e-05	8.012e-05	3.009e-05	0	0	0	0	0	0	0	0	0	0	0	0	0	0	0	0	0	0	0	0	0	0	0	0	0	0	0	0	0	0	0	0	0	0	
39	8.675e-05	3.672e-05	8.675e-05	3.672e-05	6.628e-06	6.621e-06	6.628e-06	6.621e-06	8.012e-05	3.009e-05	8.012e-05	3.009e-05	0	0	0	0	0	0	0	0	0	0	0	0	0	0	0	0	0	0	0	0	0	0	0	0	0	0	0	0	0	0	0	0	0	0	
40	8.675e-05	3.672e-05	8.675e-05	3.672e-05	6.628e-06	6.621e-06	6.628e-06	6.621e-06	8.012e-05	3.009e-05	8.012e-05	3.009e-05	0	0	0	0	0	0	0	0	0	0	0	0	0	0	0	0	0	0	0	0	0	0	0	0	0	0	0	0	0	0	0	0	0	0	
41	8.675e-05	3.672e-05	8.675e-05	3.672e-05	6.628e-06	6.621e-06	6.628e-06	6.621e-06	8.012e-05	3.009e-05	8.012e-05	3.009e-05	0	0	0	0	0	0	0	0	0	0	0	0	0	0	0	0	0	0	0	0	0	0	0	0	0	0	0	0	0	0	0	0	0	0	
42	8.675e-05	3.672e-05	8.675e-05	3.672e-05	6.628e-06	6.621e-06	6.628e-06	6.621e-06	8.012e-05	3.009e-05	8.012e-05	3.009e-05	0	0	0	0	0	0	0	0	0	0	0	0	0	0	0	0	0	0	0	0	0	0	0	0	0	0	0	0	0	0	0	0	0	0	
43	8.675e-05	3.672e-05	8.675e-05	3.672e-05	6.628e-06	6.621e-06	6.628e-06	6.621e-06	8.012e-05	3.009e-05	8.012e-05	3.009e-05	0	0	0	0	0	0	0	0	0	0	0	0	0	0	0	0	0	0	0	0	0	0	0	0	0	0	0	0	0	0	0	0	0	0	
44	8.675e-05	3.672e-05	8.675e-05	3.672e-05	6.628e-06	6.621e-06	6.628e-06	6.621e-06	8.012e-05	3.009e-05	8.012e-05	3.009e-05	0	0	0	0	0	0	0	0	0	0	0	0	0	0	0	0	0	0	0	0	0	0	0	0	0	0	0	0	0	0	0	0	0	0	
45	8.675e-05	3.672e-05	8.675e-05	3.672e-05	6.628e-06	6.621e-06	6.628e-06	6.621e-06	8.012e-05	3.009e-05	8.012e-05	3.009e-05	0	0	0	0	0	0	0	0	0	0	0	0	0	0	0	0	0	0	0	0	0	0	0	0	0	0	0	0	0	0	0	0	0	0	
46	8.675e-05	3.672e-05	8.675e-05	3.672e-05	6.628e-06	6.621e-06	6.628e-06	6.621e-06	8.012e-05	3.009e-05	8.012e-05	3.009e-05	0	0	0	0	0	0	0	0	0	0	0	0	0	0	0	0	0	0	0	0	0	0	0	0	0	0	0	0	0	0	0	0	0	0	
47	8.675e-05	3.672e-05	8.675e-05	3.672e-05	6.628e-06	6.621e-06	6.628e-06	6.621e-06	8.012e-05	3.009e-05	8.012e-05	3.009e-05	0	0	0	0	0	0	0	0	0	0	0	0	0	0	0	0	0	0	0	0	0	0	0	0	0	0	0	0	0	0	0	0	0	0	
48	8.675e-05	3.672e-05	8.675e-05	3.672e-05	6.628e-06	6.621e-06	6.628e-06	6.621e-06	8.012e-05	3.009e-05	8.012e-05	3.009e-05	0	0	0	0	0	0	0	0	0	0	0	0	0	0	0	0	0	0	0	0	0	0	0	0	0	0	0	0	0	0	0	0	0	0	
49	8.675e-05	3.672e-05	8.675e-05	3.672e-05	6.628e-06	6.621e-06	6.628e-06	6.621e-06	8.012e-05	3.009e-05	8.012e-05	3.009e-05	0	0	0	0	0	0	0	0	0	0	0	0	0	0	0	0	0	0	0	0	0	0	0	0	0	0	0	0	0	0	0	0	0	0	
50	8.675e-05	3.672e-05	8.675e-05	3.672e-05	6.628e-06	6.621e-06	6.628e-06	6.621e-06	8.012e-05	3.009e-05	8.012e-05	3.009e-05	0	0	0	0	0	0	0	0	0	0	0	0	0	0	0	0	0	0	0	0	0	0	0	0	0	0	0	0	0	0	0	0	0	0	
51	8.675e-05	3.672e-05	8.675e-05	3.672e-05	6.628e-06	6.621e-06	6.628e-06	6.621e-06	8.012e-05	3.009e-05	8.012e-05	3.009e-05	0	0	0	0	0	0	0	0	0	0	0	0	0	0	0	0	0	0	0	0	0	0	0	0	0	0	0	0	0	0	0	0	0	0	
52	8.675e-05	3.672e-05	8.675e-05	3.672e-05	6.628e-06	6.621e-06	6.628e-06	6.621e-06	8.012e-05	3.009e-05	8.012e-05	3.009e-05	0	0	0	0	0	0	0	0	0	0	0	0	0	0	0	0	0	0	0	0	0	0	0	0	0	0	0	0	0	0	0	0	0	0	
53	8.675e-05	3.672e-05	8.675e-05	3.672e-05	6.628e-06	6.621e-06	6.628e-06	6.621e-06	8.012e-05	3.009e-05	8.012e-05	3.009e-05	0	0	0	0	0	0	0	0	0	0	0	0	0	0	0	0	0	0	0	0	0	0	0	0	0	0	0	0	0	0	0	0	0	0	
54	8.675e-05	3.672e-05	8.675e-05	3.672e-05	6.628e-06	6.621e-06	6.628e-06	6.621e-06	8.012e-05	3.009e-05	8.012e-05	3.009e-05	0	0	0	0	0	0	0	0	0	0	0	0	0	0	0	0	0	0	0	0	0	0	0	0	0	0	0	0	0	0	0	0	0	0	
55	8.675e-05	3.672e-05	8.675e-05	3.672e-05	6.628e-06	6.621e-06	6.628e-06	6.621e-06	8.012e-05	3.009e-05	8.012e-05	3.009e-05	0	0	0	0	0	0	0	0	0	0	0	0	0	0	0	0	0	0	0	0	0	0	0	0	0	0	0	0	0	0	0	0	0	0	
56	8.675e-05	3.672e-05	8.675e-05	3.672e-05	6.628e-06	6.621e-06	6.628e-06	6.621e-06	8.012e-05	3.009e-05	8.012e-05	3.009e-05	0	0	0	0	0	0	0	0	0	0	0	0	0	0	0	0	0	0	0	0	0	0	0	0	0	0	0	0	0	0	0	0	0	0	
57	8.675e-05	3.672e-05	8.675e-05	3.672e-05	6.628e-06	6.621e-06	6.628e-06	6.621e-06	8.012e-05	3.009e-05	8.012e-05	3.009e-05	0	0	0	0	0	0	0	0	0	0	0	0	0	0	0	0	0	0	0	0	0	0	0	0	0	0	0	0	0	0	0	0	0	0	
58	8.675e-05	3.672e-05	8.675e-05	3.672e-05	6.628e-06	6.621e-06	6.628e-06	6.621e-06	8.012e-05	3.009e-05	8.012e-05	3.009e-05	0	0	0	0	0	0	0	0	0	0	0	0	0	0	0	0	0	0	0	0	0	0	0	0	0	0	0	0	0	0	0	0	0	0	
59	8.675e-05	3.672e-05	8.675e-05	3.672e-05	6.628e-06	6.621e-06	6.628e-06	6.621e-06	8.012e-05	3.009e-05	8.012e-05	3.009e-05	0	0	0	0	0	0	0	0	0	0	0	0	0	0	0	0	0	0	0	0	0	0	0	0	0	0	0	0	0	0	0	0	0	0	
60	8.675e-05	3.672e-05	8.675e-05	3.672e-05	6.628e-06	6.621e-06	6.628e-06	6.621e-06	8.012e-05	3.009e-05	8.012e-05	3.009e-05	0	0	0	0	0	0	0	0	0	0	0	0	0	0	0	0	0	0	0	0	0	0	0	0	0	0	0	0	0	0	0	0	0	0	
61	8.675e-05	3.672e-05	8.675e-05	3.672e-05	6.628e-06	6.621e-06	6.628e-06	6.621e-06	8.012e-05	3.009e-05	8.012e-05	3.009e-05	0	0	0	0	0	0	0	0	0	0	0	0	0	0	0	0	0	0	0	0	0	0	0	0	0	0	0	0	0	0	0	0	0	0	
62	8.675e-05	3.672e-05	8.675e-05	3.672e-05	6.628e-06	6.621e-06	6.628e-06	6.621e-06	8.012e-05	3.009e-05	8.012e-05	3.009e-05	0	0	0	0	0	0	0	0	0	0	0	0	0	0	0	0	0	0	0	0	0	0	0	0	0	0	0	0	0	0	0	0	0	0	
63	8.675e-05	3.672e-05	8.675e-05	3.672e-05	6.628e-06	6.621e-06	6.628e-06	6.621e-06	8.012e-05	3.009e-05	8.012e-05	3.009e-05	0	0	0	0	0	0	0	0	0	0	0	0	0	0	0	0	0	0	0	0	0	0	0	0	0	0	0	0	0	0	0	0	0	0	
64	8.675e-05	3.672e-05	8.675e-05	3.672e-05	6.628e-06	6.621e-06	6.628e-06	6.621e-06	8.012e-05	3.009e-05	8.012e-05	3.009e-05	0	0	0	0	0	0	0	0	0	0	0	0	0	0	0	0	0	0	0	0	0	0	0	0	0	0	0	0	0	0	0	0	0	0	
65	8.675e-05	3.672e-05	8.675e-05	3.672e-05	6.628e-06	6.621e-06	6.628e-06	6.621e-06	8.012e-05	3.009e-05	8.012e-05	3.009e-05	0	0	0	0	0	0	0	0	0	0	0	0	0	0	0	0	0	0	0	0	0	0	0	0	0	0	0	0	0	0	0	0	0	0	
66	8.675e-05	3.672e-05	8.675e-05	3.672e-05	6.628e-06	6.621e-06	6.628e-06	6.621e-06	8.012e-05	3.009e-05	8.012e-05	3.009e-05	0	0	0	0	0	0	0	0	0	0	0	0	0	0	0	0	0	0	0	0	0	0	0	0	0	0	0	0	0	0	0	0	0	0	
67	8.675e-05	3.672e-05	8.675e-05	3.672e-05	6.628e-06	6.621e-06	6.628e-06	6.621e-06	8.012e-05	3.009e-05	8.012e-05	3.009e-05	0	0	0	0	0	0	0	0	0	0	0	0	0	0	0	0	0	0	0	0	0	0	0	0	0	0	0	0	0	0	0	0	0	0	
68	8.675e-05	3.672e-05	8.675e-05	3.672e-05	6.628e-06	6.621e-06	6.628e-06	6.621e-06	8.012e-05	3.009e-05	8.012e-05	3.009e-05	0	0	0	0	0	0	0	0	0	0	0	0	0	0	0	0	0	0	0	0	0	0	0	0	0	0	0	0	0	0	0	0	0	0	
69	8.675e-05	3.672e-05	8.675e-05	3.672e-05	6.628e-06	6.621e-06	6.628e-06	6.621e-06	8.012e-05	3.009e-05	8.012e-05	3.009e-05	0	0	0	0	0	0	0	0	0	0	0	0	0	0	0	0	0	0	0	0	0	0	0	0	0	0	0	0	0	0	0	0	0	0	
70	8.675e-05	3.672e-05	8.675e-05	3.672e-05	6.628e-06	6.621e-06	6.628e-06	6.621e-06	8.012e-05	3.009e-05	8.012e-05	3.009e-05	0	0	0	0	0	0	0	0	0	0	0	0	0	0	0	0	0	0	0	0	0	0	0	0	0	0	0	0	0	0	0	0	0	0	
71	8.675e-05	3.672e-05	8.675e-05	3.672e-05	6.628e-06	6.621e-06	6.628e-06	6.621e-06	8.012e-05	3.009e-05	8.012e-05	3.009e-05	0	0	0	0	0	0	0	0	0	0	0	0	0	0	0	0	0	0	0	0	0	0	0	0	0	0	0	0	0	0	0	0	0	0	
72	8.675e-05	3.672e-05	8.675e-05	3.672e-05	6.628e-06	6.621e-06	6.628e-06	6.621e-06	8.012e-05	3.009e-05	8.012e-05	3.009e-05	0	0	0	0	0	0	0	0	0	0	0	0	0	0	0	0	0	0	0	0	0	0	0	0	0	0	0	0	0	0	0	0	0	0	
73	8.675e-05	3.672e-05	8.675e-05	3.672e-05	6.628e-06	6.621e-06	6.628e-06	6.621e-06	8.012e-05	3.009e-05	8.012e-05	3.009e-05	0	0	0	0	0	0	0	0	0	0	0	0	0	0	0	0	0	0	0	0	0	0	0	0	0	0	0	0	0	0	0	0	0	0	
74	8.675e-05	3.672e-05	8.675e-05	3.672e-05	6.628e-06	6.621e-06	6.628e-06	6.621e-06	8.012e-05	3.009e-05	8.012e-05	3.009e-05	0	0	0	0	0	0	0	0	0	0	0	0	0	0	0	0	0	0	0	0	0	0	0	0	0	0	0	0	0	0	0	0	0	0	
75	8.675e-05	3.672e-05	8.675e-05	3.672e-05	6.628e-06	6.621e-06	6.628e-06	6.621e-06	8.012e-05	3.009e-05	8.012e-05	3.009e-05	0	0	0	0	0	0	0	0	0	0	0	0	0	0	0	0	0	0	0	0	0	0	0	0	0	0	0	0	0	0	0	0	0	0	
76	0.003124	0.007909	0.003124	0.007909	3.09e-05	0.001642	3.09e-05	0.001642	0.003093	0.006267	0.003093	0.006268	0	0	0	0	0	0	0	0	0	0	0	0	0	0	0	0	0	0	0	0	0	0	0	0	0	0	0	0	0	0	0	0	0	0	
77	0.6136	0.3867	0.6136	0.3867	6.795e-06	7.053e-06	6.795e-06	7.053e-06	0.6136	0.3867	0.6136	0.3867	1	1	1	1	1	1	1	1	1	1	1	1	1	0	1	0	1	0	1	0	1	0	0	0	0	0	0	0	0	0	0	0	0	0	
78	8.675e-05	3.672e-05	8.675e-05	3.672e-05	6.628e-06	6.621e-06	6.628e-06	6.621e-06	8.012e-05	3.009e-05	8.012e-05	3.009e-05	0	0	0	0	0	0	0	0	0	0	0	0	0	0	0	0	0	0	0	0	0	0	0	0	0	0	0	0	0	0	0	0	0	0	
79	8.675e-05	3.672e-05	8.675e-05	3.672e-05	6.628e-06	6.621e-06	6.628e-06	6.621e-06	8.012e-05	3.009e-05	8.012e-05	3.009e-05	0	0	0	0	0	0	0	0	0	0	0	0	0	0	0	0	0	0	0	0	0	0	0	0	0	0	0	0	0	0	0	0	0	0	
80	8.675e-05	3.672e-05	8.675e-05	3.672e-05	6.628e-06	6.621e-06	6.628e-06	6.621e-06	8.012e-05	3.009e-05	8.012e-05	3.009e-05	0	0	0	0	0	0	0	0	0	0	0	0	0	0	0	0	0	0	0	0	0	0	0	0	0	0	0	0	0	0	0	0	0	0	
81	8.675e-05	3.672e-05	8.675e-05	3.672e-05	6.628e-06	6.621e-06	6.628e-06	6.621e-06	8.012e-05	3.009e-05	8.012e-05	3.009e-05	0	0	0	0	0	0	0	0	0	0	0	0	0	0	0	0	0	0	0	0	0	0	0	0	0	0	0	0	0	0	0	0	0	0	
82	8.675e-05	3.672e-05	8.675e-05	3.672e-05	6.628e-06	6.621e-06	6.628e-06	6.621e-06	8.012e-05	3.009e-05	8.012e-05	3.009e-05	0	0	0	0	0	0	0	0	0	0	0	0	0	0	0	0	0	0	0	0	0	0	0	0	0	0	0	0	0	0	0	0	0	0	
83	8.675e-05	3.672e-05	8.675e-05	3.672e-05	6.628e-06	6.621e-06	6.628e-06	6.621e-06	8.012e-05	3.009e-05	8.012e-05	3.009e-05	0	0	0	0	0	0	0	0	0	0	0	0	0	0	0	0	0	0	0	0	0	0	0	0	0	0	0	0	0	0	0	0	0	0	
84	8.675e-05	3.672e-05	8.675e-05	3.672e-05	6.628e-06	6.621e-06	6.628e-06	6.621e-06	8.012e-05	3.009e-05	8.012e-05	3.009e-05	0	0	0	0	0	0	0	0	0	0	0	0	0	0	0	0	0	0	0	0	0	0	0	0	0	0	0	0	0	0	0	0	0	0	
85	8.675e-05	3.672e-05	8.675e-05	3.672e-05	6.628e-06	6.621e-06	6.628e-06	6.621e-06	8.012e-05	3.009e-05	8.012e-05	3.009e-05	0	0	0	0	0	0	0	0	0	0	0	0	0	0	0	0	0	0	0	0	0	0	0	0	0	0	0	0	0	0	0	0	0	0	
86	8.675e-05	3.672e-05	8.675e-05	3.672e-05	6.628e-06	6.621e-06	6.628e-06	6.621e-06	8.012e-05	3.009e-05	8.012e-05	3.009e-05	0	0	0	0	0	0	0	0	0	0	0	0	0	0	0	0	0	0	0	0	0	0	0	0	0	0	0	0	0	0	0	0	0	0	
87	8.675e-05	3.672e-05	8.675e-05	3.672e-05	6.628e-06	6.621e-06	6.628e-06	6.621e-06	8.012e-05	3.009e-05	8.012e-05	3.009e-05	0	0	0	0	0	0	0	0	0	0	0	0	0	0	0	0	0	0	0	0	0	0	0	0	0	0	0	0	0	0	0	0	0	0	
88	8.675e-05	3.672e-05	8.675e-05	3.672e-05	6.628e-06	6.621e-06	6.628e-06	6.621e-06	8.012e-05	3.009e-05	8.012e-05	3.009e-05	0	0	0	0	0	0	0	0	0	0	0	0	0	0	0	0	0	0	0	0	0	0	0	0	0	0	0	0	0	0	0	0	0	0	
89	8.675e-05	3.672e-05	8.675e-05	3.672e-05	6.628e-06	6.621e-06	6.628e-06	6.621e-06	8.012e-05	3.009e-05	8.012e-05	3.009e-05	0	0	0	0	0	0	0	0	0	0	0	0	0	0	0	0	0	0	0	0	0	0	0	0	0	0	0	0	0	0	0	0	0	0	
90	8.675e-05	3.672e-05	8.675e-05	3.672e-05	6.628e-06	6.621e-06	6.628e-06	6.621e-06	8.012e-05	3.009e-05	8.012e-05	3.009e-05	0	0	0	0	0	0	0	0	0	0	0	0	0	0	0	0	0	0	0	0	0	0	0	0	0	0	0	0	0	0	0	0	0	0	
91	8.675e-05	3.672e-05	8.675e-05	3.672e-05	6.628e-06	6.621e-06	6.628e-06	6.621e-06	8.012e-05	3.009e-05	8.012e-05	3.009e-05	0	0	0	0	0	0	0	0	0	0	0	0	0	0	0	0	0	0	0	0	0	0	0	0	0	0	0	0	0	0	0	0	0	0	
92	8.675e-05	3.672e-05	8.675e-05	3.672e-05	6.628e-06	6.621e-06	6.628e-06	6.621e-06	8.012e-05	3.009e-05	8.012e-05	3.009e-05	0	0	0	0	0	0	0	0	0	0	0	0	0	0	0	0	0	0	0	0	0	0	0	0	0	0	0	0	0	0	0	0	0	0	
93	8.675e-05	3.672e-05	8.675e-05	3.672e-05	6.628e-06	6.621e-06	6.628e-06	6.621e-06	8.012e-05	3.009e-05	8.012e-05	3.009e-05	0	0	0	0	0	0	0	0	0	0	0	0	0	0	0	0	0	0	0	0	0	0	0	0	0	0	0	0	0	0	0	0	0	0	
94	8.675e-05	3.672e-05	8.675e-05	3.672e-05	6.628e-06	6.621e-06	6.628e-06	6.621e-06	8.012e-05	3.009e-05	8.012e-05	3.009e-05	0	0	0	0	0	0	0	0	0	0	0	0	0	0	0	0	0	0	0	0	0	0	0	0	0	0	0	0	0	0	0	0	0	0	
95	8.675e-05	3.672e-05	8.675e-05	3.672e-05	6.628e-06	6.621e-06	6.628e-06	6.621e-06	8.012e-05	3.009e-05	8.012e-05	3.009e-05	0	0	0	0	0	0	0	0	0	0	0	0	0	0	0	0	0	0	0	0	0	0	0	0	0	0	0	0	0	0	0	0	0	0	
96	8.675e-05	3.672e-05	8.675e-05	3.672e-05	6.628e-06	6.621e-06	6.628e-06	6.621e-06	8.012e-05	3.009e-05	8.012e-05	3.009e-05	0	0	0	0	0	0	0	0	0	0	0	0	0	0	0	0	0	0	0	0	0	0	0	0	0	0	0	0	0	0	0	0	0	0	
97	8.675e-05	3.672e-05	8.675e-05	3.672e-05	6.628e-06	6.621e-06	6.628e-06	6.621e-06	8.012e-05	3.009e-05	8.012e-05	3.009e-05	0	0	0	0	0	0	0	0	0	0	0	0	0	0	0	0	0	0	0	0	0	0	0	0	0	0	0	0	0	0	0	0	0	0	
98	8.675e-05	3.672e-05	8.675e-05	3.672e-05	6.628e-06	6.621e-06	6.628e-06	6.621e-06	8.012e-05	3.009e-05	8.012e-05	3.009e-05	0	0	0	0	0	0	0	0	0	0	0	0	0	0	0	0	0	0	0	0	0	0	0	0	0	0	0	0	0	0	0	0	0	0	
99	8.675e-05	3.672e-05	8.675e-05	3.672e-05	6.628e-06	6.621e-06	6.628e-06	6.621e-06	8.012e-05	3.009e-05	8.012e-05	3.009e-05	0	0	0	0	0	0	0	0	0	0	0	0	0	0	0	0	0	0	0	0	0	0	0	0	0	0	0	0	0	0	0	0	0	0	
100	8.675e-05	3.672e-05	8.675e-05	3.672e-05	6.628e-06	6.621e-06	6.628e-06	6.621e-06	8.012e-05	3.009e-05	8.012e-05	3.009e-05	0	0	0	0	0	0	0	0	0	0	0	0	0	0	0	0	0	0	0	0	0	0	0	0	0	0	0	0	0	0	0	0	0	0	
101	8.675e-05	3.672e-05	8.675e-05	3.672e-05	6.628e-06	6.621e-06	6.628e-06	6.621e-06	8.012e-05	3.009e-05	8.012e-05	3.009e-05	0	0	0	0	0	0	0	0	0	0	0	0	0	0	0	0	0	0	0	0	0	0	0	0	0	0	0	0	0	0	0	0	0	0	
102	8.675e-05	3.672e-05	8.675e-05	3.672e-05	6.628e-06	6.621e-06	6.628e-06	6.621e-06	8.012e-05	3.009e-05	8.012e-05	3.009e-05	0	0	0	0	0	0	0	0	0	0	0	0	0	0	0	0	0	0	0	0	0	0	0	0	0	0	0	0	0	0	0	0	0	0	
103	8.675e-05	3.672e-05	8.675e-05	3.672e-05	6.628e-06	6.621e-06	6.628e-06	6.621e-06	8.012e-05	3.009e-05	8.012e-05	3.009e-05	0	0	0	0	0	0	0	0	0	0	0	0	0	0	0	0	0	0	0	0	0	0	0	0	0	0	0	0	0	0	0	0	0	0	
104	8.675e-05	3.672e-05	8.675e-05	3.672e-05	6.628e-06	6.621e-06	6.628e-06	6.621e-06	8.012e-05	3.009e-05	8.012e-05	3.009e-05	0	0	0	0	0	0	0	0	0	0	0	0	0	0	0	0	0	0	0	0	0	0	0	0	0	0	0	0	0	0	0	0	0	0	
105	8.675e-05	3.672e-05	8.675e-05	3.672e-05	6.628e-06	6.621e-06	6.628e-06	6.621e-06	8.012e-05	3.009e-05	8.012e-05	3.009e-05	0	0	0	0	0	0	0	0	0	0	0	0	0	0	0	0	0	0	0	0	0	0	0	0	0	0	0	0	0	0	0	0	0	0	
106	8.675e-05	3.672e-05	8.675e-05	3.672e-05	6.628e-06	6.621e-06	6.628e-06	6.621e-06	8.012e-05	3.009e-05	8.012e-05	3.009e-05	0	0	0	0	0	0	0	0	0	0	0	0	0	0	0	0	0	0	0	0	0	0	0	0	0	0	0	0	0	0	0	0	0	0	
107	8.675e-05	3.672e-05	8.675e-05	3.672e-05	6.628e-06	6.621e-06	6.628e-06	6.621e-06	8.012e-05	3.009e-05	8.012e-05	3.009e-05	0	0	0	0	0	0	0	0	0	0	0	0	0	0	0	0	0	0	0	0	0	0	0	0	0	0	0	0	0	0	0	0	0	0	
108	8.675e-05	3.672e-05	8.675e-05	3.672e-05	6.628e-06	6.621e-06	6.628e-06	6.621e-06	8.012e-05	3.009e-05	8.012e-05	3.009e-05	0	0	0	0	0	0	0	0	0	0	0	0	0	0	0	0	0	0	0	0	0	0	0	0	0	0	0	0	0	0	0	0	0	0	
109	0.3855	0.6148	0.3855	0.6148	7.62e-06	6.76e-06	7.62e-06	6.76e-06	0.3855	0.6148	0.3855	0.6148	1	1	1	1	1	1	1	1	1	1	1	1	0	1	0	1	0	1	0	1	0	1	0	0	0	0	0	0	0	0	0	0	0	0	
110	0.004974	0.01142	0.004974	0.01142	0.0001019	0.006378	0.0001019	0.006378	0.004872	0.005041	0.004872	0.005041	0	0	0	0	0	0	0	0	0	0	0	0	0	0	0	0	0	0	0	0	0	0	0	0	0	0	0	0	0	0	0	0	0	0	
111	8.675e-05	3.672e-05	8.675e-05	3.672e-05	6.628e-06	6.621e-06	6.628e-06	6.621e-06	8.012e-05	3.009e-05	8.012e-05	3.009e-05	0	0	0	0	0	0	0	0	0	0	0	0	0	0	0	0	0	0	0	0	0	0	0	0	0	0	0	0	0	0	0	0	0	0	
112	8.675e-05	3.672e-05	8.675e-05	3.672e-05	6.628e-06	6.621e-06	6.628e-06	6.621e-06	8.012e-05	3.009e-05	8.012e-05	3.009e-05	0	0	0	0	0	0	0	0	0	0	0	0	0	0	0	0	0	0	0	0	0	0	0	0	0	0	0	0	0	0	0	0	0	0	
113	8.675e-05	3.672e-05	8.675e-05	3.672e-05	6.628e-06	6.621e-06	6.628e-06	6.621e-06	8.012e-05	3.009e-05	8.012e-05	3.009e-05	0	0	0	0	0	0	0	0	0	0	0	0	0	0	0	0	0	0	0	0	0	0	0	0	0	0	0	0	0	0	0	0	0	0	
114	8.675e-05	3.672e-05	8.675e-05	3.672e-05	6.628e-06	6.621e-06	6.628e-06	6.621e-06	8.012e-05	3.009e-05	8.012e-05	3.009e-05	0	0	0	0	0	0	0	0	0	0	0	0	0	0	0	0	0	0	0	0	0	0	0	0	0	0	0	0	0	0	0	0	0	0	
115	8.675e-05	3.672e-05	8.675e-05	3.672e-05	6.628e-06	6.621e-06	6.628e-06	6.621e-06	8.012e-05	3.009e-05	8.012e-05	3.009e-05	0	0	0	0	0	0	0	0	0	0	0	0	0	0	0	0	0	0	0	0	0	0	0	0	0	0	0	0	0	0	0	0	0	0	
116	8.675e-05	3.672e-05	8.675e-05	3.672e-05	6.628e-06	6.621e-06	6.628e-06	6.621e-06	8.012e-05	3.009e-05	8.012e-05	3.009e-05	0	0	0	0	0	0	0	0	0	0	0	0	0	0	0	0	0	0	0	0	0	0	0	0	0	0	0	0	0	0	0	0	0	0	
117	8.675e-05	3.672e-05	8.675e-05	3.672e-05	6.628e-06	6.621e-06	6.628e-06	6.621e-06	8.012e-05	3.009e-05	8.012e-05	3.009e-05	0	0	0	0	0	0	0	0	0	0	0	0	0	0	0	0	0	0	0	0	0	0	0	0	0	0	0	0	0	0	0	0	0	0	
118	8.675e-05	3.672e-05	8.675e-05	3.672e-05	6.628e-06	6.621e-06	6.628e-06	6.621e-06	8.012e-05	3.009e-05	8.012e-05	3.009e-05	0	0	0	0	0	0	0	0	0	0	0	0	0	0	0	0	0	0	0	0	0	0	0	0	0	0	0	0	0	0	0	0	0	0	
119	8.675e-05	3.672e-05	8.675e-05	3.672e-05	6.628e-06	6.621e-06	6.628e-06	6.621e-06	8.012e-05	3.009e-05	8.012e-05	3.009e-05	0	0	0	0	0	0	0	0	0	0	0	0	0	0	0	0	0	0	0	0	0	0	0	0	0	0	0	0	0	0	0	0	0	0	
120	8.675e-05	3.672e-05	8.675e-05	3.672e-05	6.628e-06	6.621e-06	6.628e-06	6.621e-06	8.012e-05	3.009e-05	8.012e-05	3.009e-05	0	0	0	0	0	0	0	0	0	0	0	0	0	0	0	0	0	0	0	0	0	0	0	0	0	0	0	0	0	0	0	0	0	0	
121	8.675e-05	3.672e-05	8.675e-05	3.672e-05	6.628e-06	6.621e-06	6.628e-06	6.621e-06	8.012e-05	3.009e-05	8.012e-05	3.009e-05	0	0	0	0	0	0	0	0	0	0	0	0	0	0	0	0	0	0	0	0	0	0	0	0	0	0	0	0	0	0	0	0	0	0	
122	8.675e-05	3.672e-05	8.675e-05	3.672e-05	6.628e-06	6.621e-06	6.628e-06	6.621e-06	8.012e-05	3.009e-05	8.012e-05	3.009e-05	0	0	0	0	0	0	0	0	0	0	0	0	0	0	0	0	0	0	0	0	0	0	0	0	0	0	0	0	0	0	0	0	0	0	
123	8.675e-05	3.672e-05	8.675e-05	3.672e-05	6.628e-06	6.621e-06	6.628e-06	6.621e-06	8.012e-05	3.009e-05	8.012e-05	3.009e-05	0	0	0	0	0	0	0	0	0	0	0	0	0	0	0	0	0	0	0	0	0	0	0	0	0	0	0	0	0	0	0	0	0	0	
124	8.675e-05	3.672e-05	8.675e-05	3.672e-05	6.628e-06	6.621e-06	6.628e-06	6.621e-06	8.012e-05	3.009e-05	8.012e-05	3.009e-05	0	0	0	0	0	0	0	0	0	0	0	0	0	0	0	0	0	0	0	0	0	0	0	0	0	0	0	0	0	0	0	0	0	0	
125	8.675e-05	3.672e-05	8.675e-05	3.672e-05	6.628e-06	6.621e-06	6.628e-06	6.621e-06	8.012e-05	3.009e-05	8.012e-05	3.009e-05	0	0	0	0	0	0	0	0	0	0	0	0	0	0	0	0	0	0	0	0	0	0	0	0	0	0	0	0	0	0	0	0	0	0	
126	8.675e-05	3.672e-05	8.675e-05	3.672e-05	6.628e-06	6.621e-06	6.628e-06	6.621e-06	8.012e-05	3.009e-05	8.012e-05	3.009e-05	0	0	0	0	0	0	0	0	0	0	0	0	0	0	0	0	0	0	0	0	0	0	0	0	0	0	0	0	0	0	0	0	0	0	
127	8.675e-05	3.672e-05	8.675e-05	3.672e-05	6.628e-06	6.621e-06	6.628e-06	6.621e-06	8.012e-05	3.009e-05	8.012e-05	3.009e-05	0	0	0	0	0	0	0	0	0	0	0	0	0	0	0	0	0	0	0	0	0	0	0	0	0	0	0	0	0	0	0	0	0	0	
128	8.675e-05	3.672e-05	8.675e-05	3.672e-05	6.628e-06	6.621e-06	6.628e-06	6.621e-06	8.012e-05	3.009e-05	8.012e-05	3.009e-05	0	0	0	0	0	0	0	0	0	0	0	0	0	0	0	0	0	0	0	0	0	0	0	0	0	0	0	0	0	0	0	0	0	0	
129	8.675e-05	3.672e-05	8.675e-05	3.672e-05	6.628e-06	6.621e-06	6.628e-06	6.621e-06	8.012e-05	3.009e-05	8.012e-05	3.009e-05	0	0	0	0	0	0	0	0	0	0	0	0	0	0	0	0	0	0	0	0	0	0	0	0	0	0	0	0	0	0	0	0	0	0	
130	8.675e-05	3.672e-05	8.675e-05	3.672e-05	6.628e-06	6.621e-06	6.628e-06	6.621e-06	8.012e-05	3.009e-05	8.012e-05	3.009e-05	0	0	0	0	0	0	0	0	0	0	0	0	0	0	0	0	0	0	0	0	0	0	0	0	0	0	0	0	0	0	0	0	0	0	
131	8.675e-05	3.672e-05	8.675e-05	3.672e-05	6.628e-06	6.621e-06	6.628e-06	6.621e-06	8.012e-05	3.009e-05	8.012e-05	3.009e-05	0	0	0	0	0	0	0	0	0	0	0	0	0	0	0	0	0	0	0	0	0	0	0	0	0	0	0	0	0	0	0	0	0	0	
132	8.675e-05	3.672e-05	8.675e-05	3.672e-05	6.628e-06	6.621e-06	6.628e-06	6.621e-06	8.012e-05	3.009e-05	8.012e-05	3.009e-05	0	0	0	0	0	0	0	0	0	0	0	0	0	0	0	0	0	0	0	0	0	0	0	0	0	0	0	0	0	0	0	0	0	0	
133	8.675e-05	3.672e-05	8.675e-05	3.672e-05	6.628e-06	6.621e-06	6.628e-06	6.621e-06	8.012e-05	3.009e-05	8.012e-05	3.009e-05	0	0	0	0	0	0	0	0	0	0	0	0	0	0	0	0	0	0	0	0	0	0	0	0	0	0	0	0	0	0	0	0	0	0	
134	8.675e-05	3.672e-05	8.675e-05	3.672e-05	6.628e-06	6.621e-06	6.628e-06	6.621e-06	8.012e-05	3.009e-05	8.012e-05	3.009e-05	0	0	0	0	0	0	0	0	0	0	0	0	0	0	0	0	0	0	0	0	0	0	0	0	0	0	0	0	0	0	0	0	0	0	
135	8.675e-05	3.672e-05	8.675e-05	3.672e-05	6.628e-06	6.621e-06	6.628e-06	6.621e-06	8.012e-05	3.009e-05	8.012e-05	3.009e-05	0	0	0	0	0	0	0	0	0	0	0	0	0	0	0	0	0	0	0	0	0	0	0	0	0	0	0	0	0	0	0	0	0	0	
136	8.675e-05	3.672e-05	8.675e-05	3.672e-05	6.628e-06	6.621e-06	6.628e-06	6.621e-06	8.012e-05	3.009e-05	8.012e-05	3.009e-05	0	0	0	0	0	0	0	0	0	0	0	0	0	0	0	0	0	0	0	0	0	0	0	0	0	0	0	0	0	0	0	0	0	0	
137	8.675e-05	3.672e-05	8.675e-05	3.672e-05	6.628e-06	6.621e-06	6.628e-06	6.621e-06	8.012e-05	3.009e-05	8.012e-05	3.009e-05	0	0	0	0	0	0	0	0	0	0	0	0	0	0	0	0	0	0	0	0	0	0	0	0	0	0	0	0	0	0	0	0	0	0	
138	8.675e-05	3.672e-05	8.675e-05	3.672e-05	6.628e-06	6.621e-06	6.628e-06	6.621e-06	8.012e-05	3.009e-05	8.012e-05	3.009e-05	0	0	0	0	0	0	0	0	0	0	0	0	0	0	0	0	0	0	0	0	0	0	0	0	0	0	0	0	0	0	0	0	0	0	
139	8.675e-05	3.672e-05	8.675e-05	3.672e-05	6.628e-06	6.621e-06	6.628e-06	6.621e-06	8.012e-05	3.009e-05	8.012e-05	3.009e-05	0	0	0	0	0	0	0	0	0	0	0	0	0	0	0	0	0	0	0	0	0	0	0	0	0	0	0	0	0	0	0	0	0	0	
140	8.675e-05	3.672e-05	8.675e-05	3.672e-05	6.628e-06	6.621e-06	6.628e-06	6.621e-06	8.012e-05	3.009e-05	8.012e-05	3.009e-05	0	0	0	0	0	0	0	0	0	0	0	0	0	0	0	0	0	0	0	0	0	0	0	0	0	0	0	0	0	0	0	0	0	0	
141	8.675e-05	3.672e-05	8.675e-05	3.672e-05	6.628e-06	6.621e-06	6.628e-06	6.621e-06	8.012e-05	3.009e-05	8.012e-05	3.009e-05	0	0	0	0	0	0	0	0	0	0	0	0	0	0	0	0	0	0	0	0	0	0	0	0	0	0	0	0	0	0	0	0	0	0	
142	8.675e-05	3.672e-05	8.675e-05	3.672e-05	6.628e-06	6.621e-06	6.628e-06	6.621e-06	8.012e-05	3.009e-05	8.012e-05	3.009e-05	0	0	0	0	0	0	0	0	0	0	0	0	0	0	0	0	0	0	0	0	0	0	0	0	0	0	0	0	0	0	0	0	0	0	
143	8.675e-05	3.672e-05	8.675e-05	3.672e-05	6.628e-06	6.621e-06	6.628e-06	6.621e-06	8.012e-05	3.009e-05	8.012e-05	3.009e-05	0	0	0	0	0	0	0	0	0	0	0	0	0	0	0	0	0	0	0	0	0	0	0	0	0	0	0	0	0	0	0	0	0	0	
144	8.675e-05	3.672e-05	8.675e-05	3.672e-05	6.628e-06	6.621e-06	6.628e-06	6.621e-06	8.012e-05	3.009e-05	8.012e-05	3.009e-05	0	0	0	0	0	0	0	0	0	0	0	0	0	0	0	0	0	0	0	0	0	0	0	0	0	0	0	0	0	0	0	0	0	0	
145	8.675e-05	3.672e-05	8.675e-05	3.672e-05	6.628e-06	6.621e-06	6.628e-06	6.621e-06	8.012e-05	3.009e-05	8.012e-05	3.009e-05	0	0	0	0	0	0	0	0	0	0	0	0	0	0	0	0	0	0	0	0	0	0	0	0	0	0	0	0	0	0	0	0	0	0	
146	8.675e-05	3.672e-05	8.675e-05	3.672e-05	6.628e-06	6.621e-06	6.628e-06	6.621e-06	8.012e-05	3.009e-05	8.012e-05	3.009e-05	0	0	0	0	0	0	0	0	0	0	0	0	0	0	0	0	0	0	0	0	0	0	0	0	0	0	0	0	0	0	0	0	0	0	
147	8.675e-05	3.672e-05	8.675e-05	3.672e-05	6.628e-06	6.621e-06	6.628e-06	6.621e-06	8.012e-05	3.009e-05	8.012e-05	3.009e-05	0	0	0	0	0	0	0	0	0	0	0	0	0	0	0	0	0	0	0	0	0	0	0	0	0	0	0	0	0	0	0	0	0	0	
148	8.675e-05	3.672e-05	8.675e-05	3.672e-05	6.628e-06	6.621e-06	6.628e-06	6.621e-06	8.012e-05	3.009e-05	8.012e-05	3.009e-05	0	0	0	0	0	0	0	0	0	0	0	0	0	0	0	0	0	0	0	0	0	0	0	0	0	0	0	0	0	0	0	0	0	0	
149	8.675e-05	3.672e-05	8.675e-05	3.672e-05	6.628e-06	6.621e-06	6.628e-06	6.621e-06	8.012e-05	3.009e-05	8.012e-05	3.009e-05	0	0	0	0	0	0	0	0	0	0	0	0	0	0	0	0	0	0	0	0	0	0	0	0	0	0	0	0	0	0	0	0	0	0	
150	8.675e-05	3.672e-05	8.675e-05	3.672e-05	6.628e-06	6.621e-06	6.628e-06	6.621e-06	8.012e-05	3.009e-05	8.012e-05	3.009e-05	0	0	0	0	0	0	0	0	0	0	0	0	0	0	0	0	0	0	0	0	0	0	0	0	0	0	0	0	0	0	0	0	0	0	
151	8.675e-05	3.672e-05	8.675e-05	3.672e-05	6.628e-06	6.621e-06	6.628e-06	6.621e-06	8.012e-05	3.009e-05	8.012e-05	3.009e-05	0	0	0	0	0	0	0	0	0	0	0	0	0	0	0	0	0	0	0	0	0	0	0	0	0	0	0	0	0	0	0	0	0	0	
152	8.675e-05	3.672e-05	8.675e-05	3.672e-05	6.628e-06	6.621e-06	6.628e-06	6.621e-06	8.012e-05	3.009e-05	8.012e-05	3.009e-05	0	0	0	0	0	0	0	0	0	0	0	0	0	0	0	0	0	0	0	0	0	0	0	0	0	0	0	0	0	0	0	0	0	0	
153	8.675e-05	3.672e-05	8.675e-05	3.672e-05	6.628e-06	6.621e-06	6.628e-06	6.621e-06	8.012e-05	3.009e-05	8.012e-05	3.009e-05	0	0	0	0	0	0	0	0	0	0	0	0	0	0	0	0	0	0	0	0	0	0	0	0	0	0	0	0	0	0	0	0	0	0	
154	8.675e-05	3.672e-05	8.675e-05	3.672e-05	6.628e-06	6.621e-06	6.628e-06	6.621e-06	8.012e-05	3.009e-05	8.012e-05	3.009e-05	0	0	0	0	0	0	0	0	0	0	0	0	0	0	0	0	0	0	0	0	0	0	0	0	0	0	0	0	0	0	0	0	0	0	
155	8.675e-05	3.672e-05	8.675e-05	3.672e-05	6.628e-06	6.621e-06	6.628e-06	6.621e-06	8.012e-05	3.009e-05	8.012e-05	3.009e-05	0	0	0	0	0	0	0	0	0	0	0	0	0	0	0	0	0	0	0	0	0	0	0	0	0	0	0	0	0	0	0	0	0	0	
156	8.675e-05	3.672e-05	8.675e-05	3.672e-05	6.628e-06	6.621e-06	6.628e-06	6.621e-06	8.012e-05	3.009e-05	8.012e-05	3.009e-05	0	0	0	0	0	0	0	0	0	0	0	0	0	0	0	0	0	0	0	0	0	0	0	0	0	0	0	0	0	0	0	0	0	0	
157	8.675e-05	3.672e-05	8.675e-05	3.672e-05	6.628e-06	6.621e-06	6.628e-06	6.621e-06	8.012e-05	3.009e-05	8.012e-05	3.009e-05	0	0	0	0	0	0	0	0	0	0	0	0	0	0	0	0	0	0	0	0	0	0	0	0	0	0	0	0	0	0	0	0	0	0	
158	8.675e-05	3.672e-05	8.675e-05	3.672e-05	6.628e-06	6.621e-06	6.628e-06	6.621e-06	8.012e-05	3.009e-05	8.012e-05	3.009e-05	0	0	0	0	0	0	0	0	0	0	0	0	0	0	0	0	0	0	0	0	0	0	0	0	0	0	0	0	0	0	0	0	0	0	
159	0.001313	1	0.001313	1	0.001205	0.9988	0.001205	0.9988	0.0001076	0.00122	0.0001076	0.00122	0	1	0	1	0	1	0	1	0	1	0	1	0	1	0	1	0	1	0	1	0	1	0	1	0	1	0	1	0	1	0	1	0	1	
160	0.005292	0.01422	0.005292	0.01422	0.001346	0.006767	0.001346	0.006767	0.003946	0.007454	0.003946	0.007454	0	0	0	0	0	0	0	0	0	0	0	0	0	0	0	0	0	0	0	0	0	0	0	0	0	0	0	0	0	0	0	0	0	0	
161	8.675e-05	3.672e-05	8.675e-05	3.672e-05	6.628e-06	6.621e-06	6.628e-06	6.621e-06	8.012e-05	3.009e-05	8.012e-05	3.009e-05	0	0	0	0	0	0	0	0	0	0	0	0	0	0	0	0	0	0	0	0	0	0	0	0	0	0	0	0	0	0	0	0	0	0	
162	8.675e-05	3.672e-05	8.675e-05	3.672e-05	6.628e-06	6.621e-06	6.628e-06	6.621e-06	8.012e-05	3.009e-05	8.012e-05	3.009e-05	0	0	0	0	0	0	0	0	0	0	0	0	0	0	0	0	0	0	0	0	0	0	0	0	0	0	0	0	0	0	0	0	0	0	
163	8.675e-05	3.672e-05	8.675e-05	3.672e-05	6.628e-06	6.621e-06	6.628e-06	6.621e-06	8.012e-05	3.009e-05	8.012e-05	3.009e-05	0	0	0	0	0	0	0	0	0	0	0	0	0	0	0	0	0	0	0	0	0	0	0	0	0	0	0	0	0	0	0	0	0	0	
164	8.675e-05	3.672e-05	8.675e-05	3.672e-05	6.628e-06	6.621e-06	6.628e-06	6.621e-06	8.012e-05	3.009e-05	8.012e-05	3.009e-05	0	0	0	0	0	0	0	0	0	0	0	0	0	0	0	0	0	0	0	0	0	0	0	0	0	0	0	0	0	0	0	0	0	0	
165	8.675e-05	3.672e-05	8.675e-05	3.672e-05	6.628e-06	6.621e-06	6.628e-06	6.621e-06	8.012e-05	3.009e-05	8.012e-05	3.009e-05	0	0	0	0	0	0	0	0	0	0	0	0	0	0	0	0	0	0	0	0	0	0	0	0	0	0	0	0	0	0	0	0	0	0	
166	8.675e-05	0.0002115	8.675e-05	0.0002115	6.629e-06	0.0001814	6.629e-06	0.0001814	8.012e-05	3.01e-05	8.012e-05	3.01e-05	0	0	0	0	0	0	0	0	0	0	0	0	0	0	0	0	0	0	0	0	0	0	0	0	0	0	0	0	0	0	0	0	0	0	
167	1	9.329e-05	1	9.329e-05	1	7.588e-06	1	7.588e-06	3.489e-05	8.57e-05	3.489e-05	8.57e-05	1	0	1	0	1	0	1	0	1	0	1	0	1	0	1	0	1	0	1	0	1	0	1	0	1	0	1	0	1	0	1	0	1	0	
168	8.675e-05	0.0002115	8.675e-05	0.0002115	6.629e-06	0.0001814	6.629e-06	0.0001814	8.012e-05	3.01e-05	8.012e-05	3.01e-05	0	0	0	0	0	0	0	0	0	0	0	0	0	0	0	0	0	0	0	0	0	0	0	0	0	0	0	0	0	0	0	0	0	0	
169	8.675e-05	0.0002115	8.675e-05	0.0002115	6.629e-06	0.0001814	6.629e-06	0.0001814	8.012e-05	3.01e-05	8.012e-05	3.01e-05	0	0	0	0	0	0	0	0	0	0	0	0	0	0	0	0	0	0	0	0	0	0	0	0	0	0	0	0	0	0	0	0	0	0	
170	8.675e-05	0.0002115	8.675e-05	0.0002115	6.629e-06	0.0001814	6.629e-06	0.0001814	8.012e-05	3.01e-05	8.012e-05	3.01e-05	0	0	0	0	0	0	0	0	0	0	0	0	0	0	0	0	0	0	0	0	0	0	0	0	0	0	0	0	0	0	0	0	0	0	
171	8.675e-05	0.0002115	8.675e-05	0.0002115	6.629e-06	0.0001814	6.629e-06	0.0001814	8.012e-05	3.01e-05	8.012e-05	3.01e-05	0	0	0	0	0	0	0	0	0	0	0	0	0	0	0	0	0	0	0	0	0	0	0	0	0	0	0	0	0	0	0	0	0	0	
