# print count over countCutOffLow=0.1 to countCutOffHigh=0.9 with increment=0.05
POS	prob01	prob10	exp01	exp10	prob01_Rec	prob10_Rec	exp01_Rec	exp10_Rec	prob01_Anc	prob10_Anc	exp01_Anc	exp10_Anc	count01_0.1	count10_0.1	count01_0.15	count10_0.15	count01_0.2	count10_0.2	count01_0.25	count10_0.25	count01_0.3	count10_0.3	count01_0.35	count10_0.35	count01_0.4	count10_0.4	count01_0.45	count10_0.45	count01_0.5	count10_0.5	count01_0.55	count10_0.55	count01_0.6	count10_0.6	count01_0.65	count10_0.65	count01_0.7	count10_0.7	count01_0.75	count10_0.75	count01_0.8	count10_0.8	count01_0.85	count10_0.85	count01_0.9	count10_0.9	
1	0.05092	0.02377	0.05163	0.02398	0.00106	0.001225	0.00106	0.001225	0.04986	0.02254	0.05057	0.02275	0	0	0	0	0	0	0	0	0	0	0	0	0	0	0	0	0	0	0	0	0	0	0	0	0	0	0	0	0	0	0	0	0	0	
2	1.431	2.512	1.434	2.525	1.119	1.879	1.119	1.879	0.3123	0.6331	0.3155	0.6458	3	5	3	4	2	4	2	4	2	4	2	4	2	4	2	1	2	1	2	1	0	1	0	1	0	1	0	1	0	1	0	1	0	1	
3	0.05092	0.02377	0.05163	0.02398	0.00106	0.001225	0.00106	0.001225	0.04986	0.02254	0.05057	0.02275	0	0	0	0	0	0	0	0	0	0	0	0	0	0	0	0	0	0	0	0	0	0	0	0	0	0	0	0	0	0	0	0	0	0	
4	0.05006	0.02266	0.05077	0.02287	0.0005642	0.0004734	0.0005643	0.0004734	0.04949	0.02218	0.0502	0.02239	0	0	0	0	0	0	0	0	0	0	0	0	0	0	0	0	0	0	0	0	0	0	0	0	0	0	0	0	0	0	0	0	0	0	
5	0.05006	0.02266	0.05077	0.02287	0.0005642	0.0004734	0.0005643	0.0004734	0.04949	0.02218	0.0502	0.02239	0	0	0	0	0	0	0	0	0	0	0	0	0	0	0	0	0	0	0	0	0	0	0	0	0	0	0	0	0	0	0	0	0	0	
6	1.693	1.046	1.698	1.048	1.333	0.6695	1.333	0.6696	0.3602	0.3765	0.3645	0.3787	4	3	2	2	2	2	2	1	2	1	1	1	1	1	1	1	1	1	1	1	1	1	1	1	1	0	1	0	1	0	1	0	1	0	
7	0.05006	0.02266	0.05077	0.02287	0.0005642	0.0004734	0.0005643	0.0004734	0.04949	0.02218	0.0502	0.02239	0	0	0	0	0	0	0	0	0	0	0	0	0	0	0	0	0	0	0	0	0	0	0	0	0	0	0	0	0	0	0	0	0	0	
8	0.05006	0.02266	0.05077	0.02287	0.0005642	0.0004734	0.0005643	0.0004734	0.04949	0.02218	0.0502	0.02239	0	0	0	0	0	0	0	0	0	0	0	0	0	0	0	0	0	0	0	0	0	0	0	0	0	0	0	0	0	0	0	0	0	0	
9	0.05006	0.02266	0.05077	0.02287	0.0005642	0.0004734	0.0005643	0.0004734	0.04949	0.02218	0.0502	0.02239	0	0	0	0	0	0	0	0	0	0	0	0	0	0	0	0	0	0	0	0	0	0	0	0	0	0	0	0	0	0	0	0	0	0	
10	0.05006	0.02266	0.05077	0.02287	0.0005642	0.0004734	0.0005643	0.0004734	0.04949	0.02218	0.0502	0.02239	0	0	0	0	0	0	0	0	0	0	0	0	0	0	0	0	0	0	0	0	0	0	0	0	0	0	0	0	0	0	0	0	0	0	
11	0.05006	0.02266	0.05077	0.02287	0.0005642	0.0004734	0.0005643	0.0004734	0.04949	0.02218	0.0502	0.02239	0	0	0	0	0	0	0	0	0	0	0	0	0	0	0	0	0	0	0	0	0	0	0	0	0	0	0	0	0	0	0	0	0	0	
12	0.05006	0.02266	0.05077	0.02287	0.0005642	0.0004734	0.0005643	0.0004734	0.04949	0.02218	0.0502	0.02239	0	0	0	0	0	0	0	0	0	0	0	0	0	0	0	0	0	0	0	0	0	0	0	0	0	0	0	0	0	0	0	0	0	0	
13	0.05006	0.02266	0.05077	0.02287	0.0005642	0.0004734	0.0005643	0.0004734	0.04949	0.02218	0.0502	0.02239	0	0	0	0	0	0	0	0	0	0	0	0	0	0	0	0	0	0	0	0	0	0	0	0	0	0	0	0	0	0	0	0	0	0	
14	0.05006	0.02266	0.05077	0.02287	0.0005642	0.0004734	0.0005643	0.0004734	0.04949	0.02218	0.0502	0.02239	0	0	0	0	0	0	0	0	0	0	0	0	0	0	0	0	0	0	0	0	0	0	0	0	0	0	0	0	0	0	0	0	0	0	
15	0.05006	0.02266	0.05077	0.02287	0.0005642	0.0004734	0.0005643	0.0004734	0.04949	0.02218	0.0502	0.02239	0	0	0	0	0	0	0	0	0	0	0	0	0	0	0	0	0	0	0	0	0	0	0	0	0	0	0	0	0	0	0	0	0	0	
16	0.05006	0.02266	0.05077	0.02287	0.0005642	0.0004734	0.0005643	0.0004734	0.04949	0.02218	0.0502	0.02239	0	0	0	0	0	0	0	0	0	0	0	0	0	0	0	0	0	0	0	0	0	0	0	0	0	0	0	0	0	0	0	0	0	0	
17	0.05006	0.02266	0.05077	0.02287	0.0005642	0.0004734	0.0005643	0.0004734	0.04949	0.02218	0.0502	0.02239	0	0	0	0	0	0	0	0	0	0	0	0	0	0	0	0	0	0	0	0	0	0	0	0	0	0	0	0	0	0	0	0	0	0	
18	0.05006	0.02266	0.05077	0.02287	0.0005642	0.0004734	0.0005643	0.0004734	0.04949	0.02218	0.0502	0.02239	0	0	0	0	0	0	0	0	0	0	0	0	0	0	0	0	0	0	0	0	0	0	0	0	0	0	0	0	0	0	0	0	0	0	
19	0.05006	0.02266	0.05077	0.02287	0.0005642	0.0004734	0.0005643	0.0004734	0.04949	0.02218	0.0502	0.02239	0	0	0	0	0	0	0	0	0	0	0	0	0	0	0	0	0	0	0	0	0	0	0	0	0	0	0	0	0	0	0	0	0	0	
20	0.05006	0.02266	0.05077	0.02287	0.0005642	0.0004734	0.0005643	0.0004734	0.04949	0.02218	0.0502	0.02239	0	0	0	0	0	0	0	0	0	0	0	0	0	0	0	0	0	0	0	0	0	0	0	0	0	0	0	0	0	0	0	0	0	0	
21	0.05006	0.02266	0.05077	0.02287	0.0005642	0.0004734	0.0005643	0.0004734	0.04949	0.02218	0.0502	0.02239	0	0	0	0	0	0	0	0	0	0	0	0	0	0	0	0	0	0	0	0	0	0	0	0	0	0	0	0	0	0	0	0	0	0	
22	0.5747	0.943	0.5796	0.9467	0.003707	0.007931	0.003707	0.007932	0.571	0.935	0.5759	0.9388	2	2	2	2	1	2	1	1	1	1	0	1	0	1	0	1	0	1	0	1	0	1	0	1	0	0	0	0	0	0	0	0	0	0	
23	0.05006	0.02266	0.05077	0.02287	0.0005642	0.0004734	0.0005643	0.0004734	0.04949	0.02218	0.0502	0.02239	0	0	0	0	0	0	0	0	0	0	0	0	0	0	0	0	0	0	0	0	0	0	0	0	0	0	0	0	0	0	0	0	0	0	
24	0.05006	0.02266	0.05077	0.02287	0.0005642	0.0004734	0.0005643	0.0004734	0.04949	0.02218	0.0502	0.02239	0	0	0	0	0	0	0	0	0	0	0	0	0	0	0	0	0	0	0	0	0	0	0	0	0	0	0	0	0	0	0	0	0	0	
25	0.05006	0.02266	0.05077	0.02287	0.0005642	0.0004734	0.0005643	0.0004734	0.04949	0.02218	0.0502	0.02239	0	0	0	0	0	0	0	0	0	0	0	0	0	0	0	0	0	0	0	0	0	0	0	0	0	0	0	0	0	0	0	0	0	0	
26	0.05006	0.02266	0.05077	0.02287	0.0005642	0.0004734	0.0005643	0.0004734	0.04949	0.02218	0.0502	0.02239	0	0	0	0	0	0	0	0	0	0	0	0	0	0	0	0	0	0	0	0	0	0	0	0	0	0	0	0	0	0	0	0	0	0	
27	0.05006	0.02266	0.05077	0.02287	0.0005642	0.0004734	0.0005643	0.0004734	0.04949	0.02218	0.0502	0.02239	0	0	0	0	0	0	0	0	0	0	0	0	0	0	0	0	0	0	0	0	0	0	0	0	0	0	0	0	0	0	0	0	0	0	
28	0.05006	0.02266	0.05077	0.02287	0.0005642	0.0004734	0.0005643	0.0004734	0.04949	0.02218	0.0502	0.02239	0	0	0	0	0	0	0	0	0	0	0	0	0	0	0	0	0	0	0	0	0	0	0	0	0	0	0	0	0	0	0	0	0	0	
29	0.05006	0.02266	0.05077	0.02287	0.0005642	0.0004734	0.0005643	0.0004734	0.04949	0.02218	0.0502	0.02239	0	0	0	0	0	0	0	0	0	0	0	0	0	0	0	0	0	0	0	0	0	0	0	0	0	0	0	0	0	0	0	0	0	0	
30	0.05006	0.02266	0.05077	0.02287	0.0005642	0.0004734	0.0005643	0.0004734	0.04949	0.02218	0.0502	0.02239	0	0	0	0	0	0	0	0	0	0	0	0	0	0	0	0	0	0	0	0	0	0	0	0	0	0	0	0	0	0	0	0	0	0	
31	0.05006	0.02266	0.05077	0.02287	0.0005642	0.0004734	0.0005643	0.0004734	0.04949	0.02218	0.0502	0.02239	0	0	0	0	0	0	0	0	0	0	0	0	0	0	0	0	0	0	0	0	0	0	0	0	0	0	0	0	0	0	0	0	0	0	
32	0.05006	0.02266	0.05077	0.02287	0.0005642	0.0004734	0.0005643	0.0004734	0.04949	0.02218	0.0502	0.02239	0	0	0	0	0	0	0	0	0	0	0	0	0	0	0	0	0	0	0	0	0	0	0	0	0	0	0	0	0	0	0	0	0	0	
33	0.05006	0.02266	0.05077	0.02287	0.0005642	0.0004734	0.0005643	0.0004734	0.04949	0.02218	0.0502	0.02239	0	0	0	0	0	0	0	0	0	0	0	0	0	0	0	0	0	0	0	0	0	0	0	0	0	0	0	0	0	0	0	0	0	0	
34	0.05006	0.02266	0.05077	0.02287	0.0005642	0.0004734	0.0005643	0.0004734	0.04949	0.02218	0.0502	0.02239	0	0	0	0	0	0	0	0	0	0	0	0	0	0	0	0	0	0	0	0	0	0	0	0	0	0	0	0	0	0	0	0	0	0	
35	0.05006	0.02266	0.05077	0.02287	0.0005642	0.0004734	0.0005643	0.0004734	0.04949	0.02218	0.0502	0.02239	0	0	0	0	0	0	0	0	0	0	0	0	0	0	0	0	0	0	0	0	0	0	0	0	0	0	0	0	0	0	0	0	0	0	
36	0.5022	0.5879	0.5086	0.5937	0.001325	0.00137	0.001325	0.00137	0.5009	0.5865	0.5073	0.5923	1	1	1	1	1	1	1	1	1	1	1	1	1	1	1	1	0	1	0	1	0	0	0	0	0	0	0	0	0	0	0	0	0	0	
37	0.07774	0.06978	0.07862	0.07059	0.007115	0.009792	0.007115	0.009793	0.07062	0.05998	0.0715	0.0608	0	0	0	0	0	0	0	0	0	0	0	0	0	0	0	0	0	0	0	0	0	0	0	0	0	0	0	0	0	0	0	0	0	0	
38	0.05006	0.02266	0.05077	0.02287	0.0005642	0.0004734	0.0005643	0.0004734	0.04949	0.02218	0.0502	0.02239	0	0	0	0	0	0	0	0	0	0	0	0	0	0	0	0	0	0	0	0	0	0	0	0	0	0	0	0	0	0	0	0	0	0	
39	0.05006	0.02266	0.05077	0.02287	0.0005642	0.0004734	0.0005643	0.0004734	0.04949	0.02218	0.0502	0.02239	0	0	0	0	0	0	0	0	0	0	0	0	0	0	0	0	0	0	0	0	0	0	0	0	0	0	0	0	0	0	0	0	0	0	
40	0.05006	0.02266	0.05077	0.02287	0.0005642	0.0004734	0.0005643	0.0004734	0.04949	0.02218	0.0502	0.02239	0	0	0	0	0	0	0	0	0	0	0	0	0	0	0	0	0	0	0	0	0	0	0	0	0	0	0	0	0	0	0	0	0	0	
41	0.05006	0.02266	0.05077	0.02287	0.0005642	0.0004734	0.0005643	0.0004734	0.04949	0.02218	0.0502	0.02239	0	0	0	0	0	0	0	0	0	0	0	0	0	0	0	0	0	0	0	0	0	0	0	0	0	0	0	0	0	0	0	0	0	0	
42	0.05006	0.02266	0.05077	0.02287	0.0005642	0.0004734	0.0005643	0.0004734	0.04949	0.02218	0.0502	0.02239	0	0	0	0	0	0	0	0	0	0	0	0	0	0	0	0	0	0	0	0	0	0	0	0	0	0	0	0	0	0	0	0	0	0	
43	0.05006	0.02266	0.05077	0.02287	0.0005642	0.0004734	0.0005643	0.0004734	0.04949	0.02218	0.0502	0.02239	0	0	0	0	0	0	0	0	0	0	0	0	0	0	0	0	0	0	0	0	0	0	0	0	0	0	0	0	0	0	0	0	0	0	
44	0.05006	0.02266	0.05077	0.02287	0.0005642	0.0004734	0.0005643	0.0004734	0.04949	0.02218	0.0502	0.02239	0	0	0	0	0	0	0	0	0	0	0	0	0	0	0	0	0	0	0	0	0	0	0	0	0	0	0	0	0	0	0	0	0	0	
45	0.05006	0.02266	0.05077	0.02287	0.0005642	0.0004734	0.0005643	0.0004734	0.04949	0.02218	0.0502	0.02239	0	0	0	0	0	0	0	0	0	0	0	0	0	0	0	0	0	0	0	0	0	0	0	0	0	0	0	0	0	0	0	0	0	0	
46	0.05006	0.02266	0.05077	0.02287	0.0005642	0.0004734	0.0005643	0.0004734	0.04949	0.02218	0.0502	0.02239	0	0	0	0	0	0	0	0	0	0	0	0	0	0	0	0	0	0	0	0	0	0	0	0	0	0	0	0	0	0	0	0	0	0	
47	0.05006	0.02266	0.05077	0.02287	0.0005642	0.0004734	0.0005643	0.0004734	0.04949	0.02218	0.0502	0.02239	0	0	0	0	0	0	0	0	0	0	0	0	0	0	0	0	0	0	0	0	0	0	0	0	0	0	0	0	0	0	0	0	0	0	
48	0.05006	0.02266	0.05077	0.02287	0.0005642	0.0004734	0.0005643	0.0004734	0.04949	0.02218	0.0502	0.02239	0	0	0	0	0	0	0	0	0	0	0	0	0	0	0	0	0	0	0	0	0	0	0	0	0	0	0	0	0	0	0	0	0	0	
49	0.05006	0.02266	0.05077	0.02287	0.0005642	0.0004734	0.0005643	0.0004734	0.04949	0.02218	0.0502	0.02239	0	0	0	0	0	0	0	0	0	0	0	0	0	0	0	0	0	0	0	0	0	0	0	0	0	0	0	0	0	0	0	0	0	0	
50	0.05006	0.02266	0.05077	0.02287	0.0005642	0.0004734	0.0005643	0.0004734	0.04949	0.02218	0.0502	0.02239	0	0	0	0	0	0	0	0	0	0	0	0	0	0	0	0	0	0	0	0	0	0	0	0	0	0	0	0	0	0	0	0	0	0	
51	0.4026	0.6953	0.406	0.7067	0.001762	0.001367	0.001762	0.001367	0.4009	0.694	0.4043	0.7053	1	1	1	1	1	1	1	1	1	1	1	1	0	1	0	1	0	1	0	1	0	1	0	1	0	0	0	0	0	0	0	0	0	0	
52	0.05006	0.02266	0.05077	0.02287	0.0005642	0.0004734	0.0005643	0.0004734	0.04949	0.02218	0.0502	0.02239	0	0	0	0	0	0	0	0	0	0	0	0	0	0	0	0	0	0	0	0	0	0	0	0	0	0	0	0	0	0	0	0	0	0	
53	0.05006	0.02266	0.05077	0.02287	0.0005642	0.0004734	0.0005643	0.0004734	0.04949	0.02218	0.0502	0.02239	0	0	0	0	0	0	0	0	0	0	0	0	0	0	0	0	0	0	0	0	0	0	0	0	0	0	0	0	0	0	0	0	0	0	
54	0.05006	0.02266	0.05077	0.02287	0.0005642	0.0004734	0.0005643	0.0004734	0.04949	0.02218	0.0502	0.02239	0	0	0	0	0	0	0	0	0	0	0	0	0	0	0	0	0	0	0	0	0	0	0	0	0	0	0	0	0	0	0	0	0	0	
55	0.05006	0.02266	0.05077	0.02287	0.0005642	0.0004734	0.0005643	0.0004734	0.04949	0.02218	0.0502	0.02239	0	0	0	0	0	0	0	0	0	0	0	0	0	0	0	0	0	0	0	0	0	0	0	0	0	0	0	0	0	0	0	0	0	0	
56	0.05006	0.02266	0.05077	0.02287	0.0005642	0.0004734	0.0005643	0.0004734	0.04949	0.02218	0.0502	0.02239	0	0	0	0	0	0	0	0	0	0	0	0	0	0	0	0	0	0	0	0	0	0	0	0	0	0	0	0	0	0	0	0	0	0	
57	0.5022	0.5879	0.5086	0.5937	0.001325	0.00137	0.001325	0.00137	0.5009	0.5865	0.5073	0.5923	1	1	1	1	1	1	1	1	1	1	1	1	1	1	1	1	0	1	0	1	0	0	0	0	0	0	0	0	0	0	0	0	0	0	
58	0.8812	0.6381	0.8832	0.6456	0.004031	0.004189	0.004031	0.00419	0.8772	0.6339	0.8791	0.6414	2	2	1	2	1	2	1	2	1	0	1	0	1	0	1	0	1	0	1	0	1	0	1	0	1	0	0	0	0	0	0	0	0	0	
59	0.05891	0.03493	0.05969	0.03519	0.00124	0.002932	0.00124	0.002933	0.05767	0.032	0.05845	0.03226	0	0	0	0	0	0	0	0	0	0	0	0	0	0	0	0	0	0	0	0	0	0	0	0	0	0	0	0	0	0	0	0	0	0	
60	0.05006	0.02266	0.05077	0.02287	0.0005642	0.0004734	0.0005643	0.0004734	0.04949	0.02218	0.0502	0.02239	0	0	0	0	0	0	0	0	0	0	0	0	0	0	0	0	0	0	0	0	0	0	0	0	0	0	0	0	0	0	0	0	0	0	
61	1.056	0.3135	1.056	0.3178	0.9446	0.05747	0.9446	0.05748	0.111	0.256	0.1118	0.2603	1	2	1	0	1	0	1	0	1	0	1	0	1	0	1	0	1	0	1	0	1	0	1	0	1	0	1	0	1	0	1	0	1	0	
62	0.0522	0.02822	0.05292	0.02843	0.001611	0.004939	0.001611	0.004939	0.05059	0.02328	0.05131	0.0235	0	0	0	0	0	0	0	0	0	0	0	0	0	0	0	0	0	0	0	0	0	0	0	0	0	0	0	0	0	0	0	0	0	0	
63	0.5562	0.5972	0.5627	0.6032	0.05498	0.005878	0.05498	0.00588	0.5012	0.5913	0.5077	0.5973	1	1	1	1	1	1	1	1	1	1	1	1	1	1	1	1	0	1	0	1	0	0	0	0	0	0	0	0	0	0	0	0	0	0	
64	0.0805	0.07634	0.08139	0.07717	0.008497	0.01482	0.008498	0.01482	0.072	0.06152	0.0729	0.06235	0	0	0	0	0	0	0	0	0	0	0	0	0	0	0	0	0	0	0	0	0	0	0	0	0	0	0	0	0	0	0	0	0	0	
65	0.4026	0.6953	0.406	0.7067	0.001762	0.001367	0.001762	0.001367	0.4009	0.694	0.4043	0.7053	1	1	1	1	1	1	1	1	1	1	1	1	0	1	0	1	0	1	0	1	0	1	0	1	0	0	0	0	0	0	0	0	0	0	
66	0.05006	0.02266	0.05077	0.02287	0.0005642	0.0004734	0.0005643	0.0004734	0.04949	0.02218	0.0502	0.02239	0	0	0	0	0	0	0	0	0	0	0	0	0	0	0	0	0	0	0	0	0	0	0	0	0	0	0	0	0	0	0	0	0	0	
67	1.061	0.2323	1.062	0.2362	0.9963	0.005748	0.9963	0.005748	0.06466	0.2266	0.06534	0.2305	1	2	1	0	1	0	1	0	1	0	1	0	1	0	1	0	1	0	1	0	1	0	1	0	1	0	1	0	1	0	1	0	1	0	
68	0.05006	0.02266	0.05077	0.02287	0.0005642	0.0004734	0.0005643	0.0004734	0.04949	0.02218	0.0502	0.02239	0	0	0	0	0	0	0	0	0	0	0	0	0	0	0	0	0	0	0	0	0	0	0	0	0	0	0	0	0	0	0	0	0	0	
69	0.05006	0.02266	0.05077	0.02287	0.0005642	0.0004734	0.0005643	0.0004734	0.04949	0.02218	0.0502	0.02239	0	0	0	0	0	0	0	0	0	0	0	0	0	0	0	0	0	0	0	0	0	0	0	0	0	0	0	0	0	0	0	0	0	0	
70	0.05006	0.02266	0.05077	0.02287	0.0005642	0.0004734	0.0005643	0.0004734	0.04949	0.02218	0.0502	0.02239	0	0	0	0	0	0	0	0	0	0	0	0	0	0	0	0	0	0	0	0	0	0	0	0	0	0	0	0	0	0	0	0	0	0	
71	0.05006	0.02266	0.05077	0.02287	0.0005642	0.0004734	0.0005643	0.0004734	0.04949	0.02218	0.0502	0.02239	0	0	0	0	0	0	0	0	0	0	0	0	0	0	0	0	0	0	0	0	0	0	0	0	0	0	0	0	0	0	0	0	0	0	
72	0.05006	0.02266	0.05077	0.02287	0.0005642	0.0004734	0.0005643	0.0004734	0.04949	0.02218	0.0502	0.02239	0	0	0	0	0	0	0	0	0	0	0	0	0	0	0	0	0	0	0	0	0	0	0	0	0	0	0	0	0	0	0	0	0	0	
73	0.4026	0.6953	0.406	0.7067	0.001762	0.001367	0.001762	0.001367	0.4009	0.694	0.4043	0.7053	1	1	1	1	1	1	1	1	1	1	1	1	0	1	0	1	0	1	0	1	0	1	0	1	0	0	0	0	0	0	0	0	0	0	
74	0.09231	0.07882	0.09341	0.07938	0.009092	0.0124	0.009093	0.01241	0.08322	0.06642	0.08432	0.06698	0	0	0	0	0	0	0	0	0	0	0	0	0	0	0	0	0	0	0	0	0	0	0	0	0	0	0	0	0	0	0	0	0	0	
75	0.05006	0.02266	0.05077	0.02287	0.0005642	0.0004734	0.0005643	0.0004734	0.04949	0.02218	0.0502	0.02239	0	0	0	0	0	0	0	0	0	0	0	0	0	0	0	0	0	0	0	0	0	0	0	0	0	0	0	0	0	0	0	0	0	0	
76	0.05006	0.02266	0.05077	0.02287	0.0005642	0.0004734	0.0005643	0.0004734	0.04949	0.02218	0.0502	0.02239	0	0	0	0	0	0	0	0	0	0	0	0	0	0	0	0	0	0	0	0	0	0	0	0	0	0	0	0	0	0	0	0	0	0	
77	0.05006	0.02266	0.05077	0.02287	0.0005642	0.0004734	0.0005643	0.0004734	0.04949	0.02218	0.0502	0.02239	0	0	0	0	0	0	0	0	0	0	0	0	0	0	0	0	0	0	0	0	0	0	0	0	0	0	0	0	0	0	0	0	0	0	
78	0.05006	0.02266	0.05077	0.02287	0.0005642	0.0004734	0.0005643	0.0004734	0.04949	0.02218	0.0502	0.02239	0	0	0	0	0	0	0	0	0	0	0	0	0	0	0	0	0	0	0	0	0	0	0	0	0	0	0	0	0	0	0	0	0	0	
79	0.05006	0.02266	0.05077	0.02287	0.0005642	0.0004734	0.0005643	0.0004734	0.04949	0.02218	0.0502	0.02239	0	0	0	0	0	0	0	0	0	0	0	0	0	0	0	0	0	0	0	0	0	0	0	0	0	0	0	0	0	0	0	0	0	0	
80	0.05006	0.02266	0.05077	0.02287	0.0005642	0.0004734	0.0005643	0.0004734	0.04949	0.02218	0.0502	0.02239	0	0	0	0	0	0	0	0	0	0	0	0	0	0	0	0	0	0	0	0	0	0	0	0	0	0	0	0	0	0	0	0	0	0	
81	0.05006	0.02266	0.05077	0.02287	0.0005642	0.0004734	0.0005643	0.0004734	0.04949	0.02218	0.0502	0.02239	0	0	0	0	0	0	0	0	0	0	0	0	0	0	0	0	0	0	0	0	0	0	0	0	0	0	0	0	0	0	0	0	0	0	
82	0.05006	0.02266	0.05077	0.02287	0.0005642	0.0004734	0.0005643	0.0004734	0.04949	0.02218	0.0502	0.02239	0	0	0	0	0	0	0	0	0	0	0	0	0	0	0	0	0	0	0	0	0	0	0	0	0	0	0	0	0	0	0	0	0	0	
83	0.05006	0.02266	0.05077	0.02287	0.0005642	0.0004734	0.0005643	0.0004734	0.04949	0.02218	0.0502	0.02239	0	0	0	0	0	0	0	0	0	0	0	0	0	0	0	0	0	0	0	0	0	0	0	0	0	0	0	0	0	0	0	0	0	0	
84	0.05006	0.02266	0.05077	0.02287	0.0005642	0.0004734	0.0005643	0.0004734	0.04949	0.02218	0.0502	0.02239	0	0	0	0	0	0	0	0	0	0	0	0	0	0	0	0	0	0	0	0	0	0	0	0	0	0	0	0	0	0	0	0	0	0	
85	0.05006	0.02266	0.05077	0.02287	0.0005642	0.0004734	0.0005643	0.0004734	0.04949	0.02218	0.0502	0.02239	0	0	0	0	0	0	0	0	0	0	0	0	0	0	0	0	0	0	0	0	0	0	0	0	0	0	0	0	0	0	0	0	0	0	
86	0.05006	0.02266	0.05077	0.02287	0.0005642	0.0004734	0.0005643	0.0004734	0.04949	0.02218	0.0502	0.02239	0	0	0	0	0	0	0	0	0	0	0	0	0	0	0	0	0	0	0	0	0	0	0	0	0	0	0	0	0	0	0	0	0	0	
87	0.05006	0.02266	0.05077	0.02287	0.0005642	0.0004734	0.0005643	0.0004734	0.04949	0.02218	0.0502	0.02239	0	0	0	0	0	0	0	0	0	0	0	0	0	0	0	0	0	0	0	0	0	0	0	0	0	0	0	0	0	0	0	0	0	0	
88	0.05006	0.02266	0.05077	0.02287	0.0005642	0.0004734	0.0005643	0.0004734	0.04949	0.02218	0.0502	0.02239	0	0	0	0	0	0	0	0	0	0	0	0	0	0	0	0	0	0	0	0	0	0	0	0	0	0	0	0	0	0	0	0	0	0	
89	0.05006	0.02266	0.05077	0.02287	0.0005642	0.0004734	0.0005643	0.0004734	0.04949	0.02218	0.0502	0.02239	0	0	0	0	0	0	0	0	0	0	0	0	0	0	0	0	0	0	0	0	0	0	0	0	0	0	0	0	0	0	0	0	0	0	
90	0.05006	0.02266	0.05077	0.02287	0.0005642	0.0004734	0.0005643	0.0004734	0.04949	0.02218	0.0502	0.02239	0	0	0	0	0	0	0	0	0	0	0	0	0	0	0	0	0	0	0	0	0	0	0	0	0	0	0	0	0	0	0	0	0	0	
91	0.05006	0.02266	0.05077	0.02287	0.0005642	0.0004734	0.0005643	0.0004734	0.04949	0.02218	0.0502	0.02239	0	0	0	0	0	0	0	0	0	0	0	0	0	0	0	0	0	0	0	0	0	0	0	0	0	0	0	0	0	0	0	0	0	0	
92	0.05006	0.02266	0.05077	0.02287	0.0005642	0.0004734	0.0005643	0.0004734	0.04949	0.02218	0.0502	0.02239	0	0	0	0	0	0	0	0	0	0	0	0	0	0	0	0	0	0	0	0	0	0	0	0	0	0	0	0	0	0	0	0	0	0	
93	0.05006	0.02266	0.05077	0.02287	0.0005642	0.0004734	0.0005643	0.0004734	0.04949	0.02218	0.0502	0.02239	0	0	0	0	0	0	0	0	0	0	0	0	0	0	0	0	0	0	0	0	0	0	0	0	0	0	0	0	0	0	0	0	0	0	
94	0.05006	0.02266	0.05077	0.02287	0.0005642	0.0004734	0.0005643	0.0004734	0.04949	0.02218	0.0502	0.02239	0	0	0	0	0	0	0	0	0	0	0	0	0	0	0	0	0	0	0	0	0	0	0	0	0	0	0	0	0	0	0	0	0	0	
95	0.05006	0.02266	0.05077	0.02287	0.0005642	0.0004734	0.0005643	0.0004734	0.04949	0.02218	0.0502	0.02239	0	0	0	0	0	0	0	0	0	0	0	0	0	0	0	0	0	0	0	0	0	0	0	0	0	0	0	0	0	0	0	0	0	0	
96	0.05006	0.02266	0.05077	0.02287	0.0005642	0.0004734	0.0005643	0.0004734	0.04949	0.02218	0.0502	0.02239	0	0	0	0	0	0	0	0	0	0	0	0	0	0	0	0	0	0	0	0	0	0	0	0	0	0	0	0	0	0	0	0	0	0	
97	0.05006	0.02266	0.05077	0.02287	0.0005642	0.0004734	0.0005643	0.0004734	0.04949	0.02218	0.0502	0.02239	0	0	0	0	0	0	0	0	0	0	0	0	0	0	0	0	0	0	0	0	0	0	0	0	0	0	0	0	0	0	0	0	0	0	
98	0.05006	0.02266	0.05077	0.02287	0.0005642	0.0004734	0.0005643	0.0004734	0.04949	0.02218	0.0502	0.02239	0	0	0	0	0	0	0	0	0	0	0	0	0	0	0	0	0	0	0	0	0	0	0	0	0	0	0	0	0	0	0	0	0	0	
99	0.05006	0.02266	0.05077	0.02287	0.0005642	0.0004734	0.0005643	0.0004734	0.04949	0.02218	0.0502	0.02239	0	0	0	0	0	0	0	0	0	0	0	0	0	0	0	0	0	0	0	0	0	0	0	0	0	0	0	0	0	0	0	0	0	0	
100	0.05006	0.02266	0.05077	0.02287	0.0005642	0.0004734	0.0005643	0.0004734	0.04949	0.02218	0.0502	0.02239	0	0	0	0	0	0	0	0	0	0	0	0	0	0	0	0	0	0	0	0	0	0	0	0	0	0	0	0	0	0	0	0	0	0	
101	0.05006	0.02266	0.05077	0.02287	0.0005642	0.0004734	0.0005643	0.0004734	0.04949	0.02218	0.0502	0.02239	0	0	0	0	0	0	0	0	0	0	0	0	0	0	0	0	0	0	0	0	0	0	0	0	0	0	0	0	0	0	0	0	0	0	
102	0.05006	0.02266	0.05077	0.02287	0.0005642	0.0004734	0.0005643	0.0004734	0.04949	0.02218	0.0502	0.02239	0	0	0	0	0	0	0	0	0	0	0	0	0	0	0	0	0	0	0	0	0	0	0	0	0	0	0	0	0	0	0	0	0	0	
103	0.05006	0.02266	0.05077	0.02287	0.0005642	0.0004734	0.0005643	0.0004734	0.04949	0.02218	0.0502	0.02239	0	0	0	0	0	0	0	0	0	0	0	0	0	0	0	0	0	0	0	0	0	0	0	0	0	0	0	0	0	0	0	0	0	0	
104	0.05006	0.02266	0.05077	0.02287	0.0005642	0.0004734	0.0005643	0.0004734	0.04949	0.02218	0.0502	0.02239	0	0	0	0	0	0	0	0	0	0	0	0	0	0	0	0	0	0	0	0	0	0	0	0	0	0	0	0	0	0	0	0	0	0	
105	0.05006	0.02266	0.05077	0.02287	0.0005642	0.0004734	0.0005643	0.0004734	0.04949	0.02218	0.0502	0.02239	0	0	0	0	0	0	0	0	0	0	0	0	0	0	0	0	0	0	0	0	0	0	0	0	0	0	0	0	0	0	0	0	0	0	
106	0.05006	0.02266	0.05077	0.02287	0.0005642	0.0004734	0.0005643	0.0004734	0.04949	0.02218	0.0502	0.02239	0	0	0	0	0	0	0	0	0	0	0	0	0	0	0	0	0	0	0	0	0	0	0	0	0	0	0	0	0	0	0	0	0	0	
107	0.05006	0.02266	0.05077	0.02287	0.0005642	0.0004734	0.0005643	0.0004734	0.04949	0.02218	0.0502	0.02239	0	0	0	0	0	0	0	0	0	0	0	0	0	0	0	0	0	0	0	0	0	0	0	0	0	0	0	0	0	0	0	0	0	0	
108	0.05006	0.02266	0.05077	0.02287	0.0005642	0.0004734	0.0005643	0.0004734	0.04949	0.02218	0.0502	0.02239	0	0	0	0	0	0	0	0	0	0	0	0	0	0	0	0	0	0	0	0	0	0	0	0	0	0	0	0	0	0	0	0	0	0	
109	0.05006	0.02266	0.05077	0.02287	0.0005642	0.0004734	0.0005643	0.0004734	0.04949	0.02218	0.0502	0.02239	0	0	0	0	0	0	0	0	0	0	0	0	0	0	0	0	0	0	0	0	0	0	0	0	0	0	0	0	0	0	0	0	0	0	
110	0.05006	0.02266	0.05077	0.02287	0.0005642	0.0004734	0.0005643	0.0004734	0.04949	0.02218	0.0502	0.02239	0	0	0	0	0	0	0	0	0	0	0	0	0	0	0	0	0	0	0	0	0	0	0	0	0	0	0	0	0	0	0	0	0	0	
111	0.05006	0.02266	0.05077	0.02287	0.0005642	0.0004734	0.0005643	0.0004734	0.04949	0.02218	0.0502	0.02239	0	0	0	0	0	0	0	0	0	0	0	0	0	0	0	0	0	0	0	0	0	0	0	0	0	0	0	0	0	0	0	0	0	0	
112	0.05006	0.02266	0.05077	0.02287	0.0005642	0.0004734	0.0005643	0.0004734	0.04949	0.02218	0.0502	0.02239	0	0	0	0	0	0	0	0	0	0	0	0	0	0	0	0	0	0	0	0	0	0	0	0	0	0	0	0	0	0	0	0	0	0	
113	0.05006	0.02266	0.05077	0.02287	0.0005642	0.0004734	0.0005643	0.0004734	0.04949	0.02218	0.0502	0.02239	0	0	0	0	0	0	0	0	0	0	0	0	0	0	0	0	0	0	0	0	0	0	0	0	0	0	0	0	0	0	0	0	0	0	
114	0.05006	0.02266	0.05077	0.02287	0.0005642	0.0004734	0.0005643	0.0004734	0.04949	0.02218	0.0502	0.02239	0	0	0	0	0	0	0	0	0	0	0	0	0	0	0	0	0	0	0	0	0	0	0	0	0	0	0	0	0	0	0	0	0	0	
115	0.4026	0.6953	0.406	0.7067	0.001762	0.001367	0.001762	0.001367	0.4009	0.694	0.4043	0.7053	1	1	1	1	1	1	1	1	1	1	1	1	0	1	0	1	0	1	0	1	0	1	0	1	0	0	0	0	0	0	0	0	0	0	
116	0.09231	0.07882	0.09341	0.07938	0.009092	0.0124	0.009093	0.01241	0.08322	0.06642	0.08432	0.06698	0	0	0	0	0	0	0	0	0	0	0	0	0	0	0	0	0	0	0	0	0	0	0	0	0	0	0	0	0	0	0	0	0	0	
117	0.09231	0.07882	0.09341	0.07938	0.009092	0.0124	0.009093	0.01241	0.08322	0.06642	0.08432	0.06698	0	0	0	0	0	0	0	0	0	0	0	0	0	0	0	0	0	0	0	0	0	0	0	0	0	0	0	0	0	0	0	0	0	0	
118	0.05006	0.02266	0.05077	0.02287	0.0005642	0.0004734	0.0005643	0.0004734	0.04949	0.02218	0.0502	0.02239	0	0	0	0	0	0	0	0	0	0	0	0	0	0	0	0	0	0	0	0	0	0	0	0	0	0	0	0	0	0	0	0	0	0	
119	0.4026	0.6953	0.406	0.7067	0.001762	0.001367	0.001762	0.001367	0.4009	0.694	0.4043	0.7053	1	1	1	1	1	1	1	1	1	1	1	1	0	1	0	1	0	1	0	1	0	1	0	1	0	0	0	0	0	0	0	0	0	0	
120	0.09231	0.07882	0.09341	0.07938	0.009092	0.0124	0.009093	0.01241	0.08322	0.06642	0.08432	0.06698	0	0	0	0	0	0	0	0	0	0	0	0	0	0	0	0	0	0	0	0	0	0	0	0	0	0	0	0	0	0	0	0	0	0	
121	0.05006	0.02266	0.05077	0.02287	0.0005642	0.0004734	0.0005643	0.0004734	0.04949	0.02218	0.0502	0.02239	0	0	0	0	0	0	0	0	0	0	0	0	0	0	0	0	0	0	0	0	0	0	0	0	0	0	0	0	0	0	0	0	0	0	
122	0.05006	0.02266	0.05077	0.02287	0.0005642	0.0004734	0.0005643	0.0004734	0.04949	0.02218	0.0502	0.02239	0	0	0	0	0	0	0	0	0	0	0	0	0	0	0	0	0	0	0	0	0	0	0	0	0	0	0	0	0	0	0	0	0	0	
123	0.05006	0.02266	0.05077	0.02287	0.0005642	0.0004734	0.0005643	0.0004734	0.04949	0.02218	0.0502	0.02239	0	0	0	0	0	0	0	0	0	0	0	0	0	0	0	0	0	0	0	0	0	0	0	0	0	0	0	0	0	0	0	0	0	0	
124	0.05006	0.02266	0.05077	0.02287	0.0005642	0.0004734	0.0005643	0.0004734	0.04949	0.02218	0.0502	0.02239	0	0	0	0	0	0	0	0	0	0	0	0	0	0	0	0	0	0	0	0	0	0	0	0	0	0	0	0	0	0	0	0	0	0	
125	0.05006	0.02266	0.05077	0.02287	0.0005642	0.0004734	0.0005643	0.0004734	0.04949	0.02218	0.0502	0.02239	0	0	0	0	0	0	0	0	0	0	0	0	0	0	0	0	0	0	0	0	0	0	0	0	0	0	0	0	0	0	0	0	0	0	
126	0.05006	0.02266	0.05077	0.02287	0.0005642	0.0004734	0.0005643	0.0004734	0.04949	0.02218	0.0502	0.02239	0	0	0	0	0	0	0	0	0	0	0	0	0	0	0	0	0	0	0	0	0	0	0	0	0	0	0	0	0	0	0	0	0	0	
127	0.05006	0.02266	0.05077	0.02287	0.0005642	0.0004734	0.0005643	0.0004734	0.04949	0.02218	0.0502	0.02239	0	0	0	0	0	0	0	0	0	0	0	0	0	0	0	0	0	0	0	0	0	0	0	0	0	0	0	0	0	0	0	0	0	0	
128	0.05006	0.02266	0.05077	0.02287	0.0005642	0.0004734	0.0005643	0.0004734	0.04949	0.02218	0.0502	0.02239	0	0	0	0	0	0	0	0	0	0	0	0	0	0	0	0	0	0	0	0	0	0	0	0	0	0	0	0	0	0	0	0	0	0	
129	0.5022	0.5879	0.5086	0.5937	0.001325	0.00137	0.001325	0.00137	0.5009	0.5865	0.5073	0.5923	1	1	1	1	1	1	1	1	1	1	1	1	1	1	1	1	0	1	0	1	0	0	0	0	0	0	0	0	0	0	0	0	0	0	
130	0.6871	0.9106	0.6914	0.9155	0.03295	0.02907	0.03295	0.02907	0.6542	0.8816	0.6585	0.8864	2	3	2	2	1	1	1	1	1	1	1	1	1	1	0	1	0	1	0	1	0	0	0	0	0	0	0	0	0	0	0	0	0	0	
131	0.05006	0.02266	0.05077	0.02287	0.0005642	0.0004734	0.0005643	0.0004734	0.04949	0.02218	0.0502	0.02239	0	0	0	0	0	0	0	0	0	0	0	0	0	0	0	0	0	0	0	0	0	0	0	0	0	0	0	0	0	0	0	0	0	0	
132	0.05006	0.02266	0.05077	0.02287	0.0005642	0.0004734	0.0005643	0.0004734	0.04949	0.02218	0.0502	0.02239	0	0	0	0	0	0	0	0	0	0	0	0	0	0	0	0	0	0	0	0	0	0	0	0	0	0	0	0	0	0	0	0	0	0	
133	0.4026	0.6953	0.406	0.7067	0.001762	0.001367	0.001762	0.001367	0.4009	0.694	0.4043	0.7053	1	1	1	1	1	1	1	1	1	1	1	1	0	1	0	1	0	1	0	1	0	1	0	1	0	0	0	0	0	0	0	0	0	0	
134	0.09231	0.07882	0.09341	0.07938	0.009092	0.0124	0.009093	0.01241	0.08322	0.06642	0.08432	0.06698	0	0	0	0	0	0	0	0	0	0	0	0	0	0	0	0	0	0	0	0	0	0	0	0	0	0	0	0	0	0	0	0	0	0	
135	1.062	0.2289	1.062	0.2328	0.9982	0.003836	0.9982	0.003837	0.06355	0.225	0.06421	0.2289	1	2	1	0	1	0	1	0	1	0	1	0	1	0	1	0	1	0	1	0	1	0	1	0	1	0	1	0	1	0	1	0	1	0	
136	0.05043	0.02484	0.05115	0.02505	0.0006306	0.00249	0.0006307	0.002491	0.0498	0.02235	0.05052	0.02256	0	0	0	0	0	0	0	0	0	0	0	0	0	0	0	0	0	0	0	0	0	0	0	0	0	0	0	0	0	0	0	0	0	0	
137	0.05043	0.02484	0.05115	0.02505	0.0006306	0.00249	0.0006307	0.002491	0.0498	0.02235	0.05052	0.02256	0	0	0	0	0	0	0	0	0	0	0	0	0	0	0	0	0	0	0	0	0	0	0	0	0	0	0	0	0	0	0	0	0	0	
138	0.05043	0.02484	0.05115	0.02505	0.0006306	0.00249	0.0006307	0.002491	0.0498	0.02235	0.05052	0.02256	0	0	0	0	0	0	0	0	0	0	0	0	0	0	0	0	0	0	0	0	0	0	0	0	0	0	0	0	0	0	0	0	0	0	
139	0.05043	0.02484	0.05115	0.02505	0.0006306	0.00249	0.0006307	0.002491	0.0498	0.02235	0.05052	0.02256	0	0	0	0	0	0	0	0	0	0	0	0	0	0	0	0	0	0	0	0	0	0	0	0	0	0	0	0	0	0	0	0	0	0	
140	0.4283	0.6971	0.4318	0.7086	0.02767	0.001672	0.02767	0.001672	0.4006	0.6954	0.4041	0.7069	1	1	1	1	1	1	1	1	1	1	1	1	0	1	0	1	0	1	0	1	0	1	0	1	0	0	0	0	0	0	0	0	0	0	
141	0.05043	0.02484	0.05115	0.02505	0.0006306	0.00249	0.0006307	0.002491	0.0498	0.02235	0.05052	0.02256	0	0	0	0	0	0	0	0	0	0	0	0	0	0	0	0	0	0	0	0	0	0	0	0	0	0	0	0	0	0	0	0	0	0	
142	0.05006	0.02266	0.05077	0.02287	0.0005642	0.0004734	0.0005643	0.0004734	0.04949	0.02218	0.0502	0.02239	0	0	0	0	0	0	0	0	0	0	0	0	0	0	0	0	0	0	0	0	0	0	0	0	0	0	0	0	0	0	0	0	0	0	
143	0.05006	0.02266	0.05077	0.02287	0.0005642	0.0004734	0.0005643	0.0004734	0.04949	0.02218	0.0502	0.02239	0	0	0	0	0	0	0	0	0	0	0	0	0	0	0	0	0	0	0	0	0	0	0	0	0	0	0	0	0	0	0	0	0	0	
144	0.05006	0.02266	0.05077	0.02287	0.0005642	0.0004734	0.0005643	0.0004734	0.04949	0.02218	0.0502	0.02239	0	0	0	0	0	0	0	0	0	0	0	0	0	0	0	0	0	0	0	0	0	0	0	0	0	0	0	0	0	0	0	0	0	0	
145	0.05006	0.02266	0.05077	0.02287	0.0005642	0.0004734	0.0005643	0.0004734	0.04949	0.02218	0.0502	0.02239	0	0	0	0	0	0	0	0	0	0	0	0	0	0	0	0	0	0	0	0	0	0	0	0	0	0	0	0	0	0	0	0	0	0	
146	1.062	0.2221	1.063	0.226	1.001	0.001078	1.001	0.001078	0.06144	0.221	0.06209	0.2249	1	2	1	0	1	0	1	0	1	0	1	0	1	0	1	0	1	0	1	0	1	0	1	0	1	0	1	0	1	0	1	0	1	0	
147	0.05006	0.02266	0.05077	0.02287	0.0005642	0.0004734	0.0005643	0.0004734	0.04949	0.02218	0.0502	0.02239	0	0	0	0	0	0	0	0	0	0	0	0	0	0	0	0	0	0	0	0	0	0	0	0	0	0	0	0	0	0	0	0	0	0	
148	0.05006	0.02266	0.05077	0.02287	0.0005642	0.0004734	0.0005643	0.0004734	0.04949	0.02218	0.0502	0.02239	0	0	0	0	0	0	0	0	0	0	0	0	0	0	0	0	0	0	0	0	0	0	0	0	0	0	0	0	0	0	0	0	0	0	
149	0.05006	0.02266	0.05077	0.02287	0.0005642	0.0004734	0.0005643	0.0004734	0.04949	0.02218	0.0502	0.02239	0	0	0	0	0	0	0	0	0	0	0	0	0	0	0	0	0	0	0	0	0	0	0	0	0	0	0	0	0	0	0	0	0	0	
150	0.05006	0.02266	0.05077	0.02287	0.0005642	0.0004734	0.0005643	0.0004734	0.04949	0.02218	0.0502	0.02239	0	0	0	0	0	0	0	0	0	0	0	0	0	0	0	0	0	0	0	0	0	0	0	0	0	0	0	0	0	0	0	0	0	0	
151	0.05006	0.02266	0.05077	0.02287	0.0005642	0.0004734	0.0005643	0.0004734	0.04949	0.02218	0.0502	0.02239	0	0	0	0	0	0	0	0	0	0	0	0	0	0	0	0	0	0	0	0	0	0	0	0	0	0	0	0	0	0	0	0	0	0	
152	0.05006	0.02266	0.05077	0.02287	0.0005642	0.0004734	0.0005643	0.0004734	0.04949	0.02218	0.0502	0.02239	0	0	0	0	0	0	0	0	0	0	0	0	0	0	0	0	0	0	0	0	0	0	0	0	0	0	0	0	0	0	0	0	0	0	
153	0.4026	0.6953	0.406	0.7067	0.001762	0.001367	0.001762	0.001367	0.4009	0.694	0.4043	0.7053	1	1	1	1	1	1	1	1	1	1	1	1	0	1	0	1	0	1	0	1	0	1	0	1	0	0	0	0	0	0	0	0	0	0	
154	0.09231	0.07882	0.09341	0.07938	0.009092	0.0124	0.009093	0.01241	0.08322	0.06642	0.08432	0.06698	0	0	0	0	0	0	0	0	0	0	0	0	0	0	0	0	0	0	0	0	0	0	0	0	0	0	0	0	0	0	0	0	0	0	
155	0.05006	0.02266	0.05077	0.02287	0.0005642	0.0004734	0.0005643	0.0004734	0.04949	0.02218	0.0502	0.02239	0	0	0	0	0	0	0	0	0	0	0	0	0	0	0	0	0	0	0	0	0	0	0	0	0	0	0	0	0	0	0	0	0	0	
156	0.05006	0.02266	0.05077	0.02287	0.0005642	0.0004734	0.0005643	0.0004734	0.04949	0.02218	0.0502	0.02239	0	0	0	0	0	0	0	0	0	0	0	0	0	0	0	0	0	0	0	0	0	0	0	0	0	0	0	0	0	0	0	0	0	0	
157	0.05006	0.02266	0.05077	0.02287	0.0005642	0.0004734	0.0005643	0.0004734	0.04949	0.02218	0.0502	0.02239	0	0	0	0	0	0	0	0	0	0	0	0	0	0	0	0	0	0	0	0	0	0	0	0	0	0	0	0	0	0	0	0	0	0	
158	0.05006	0.02266	0.05077	0.02287	0.0005642	0.0004734	0.0005643	0.0004734	0.04949	0.02218	0.0502	0.02239	0	0	0	0	0	0	0	0	0	0	0	0	0	0	0	0	0	0	0	0	0	0	0	0	0	0	0	0	0	0	0	0	0	0	
159	0.05006	0.02266	0.05077	0.02287	0.0005642	0.0004734	0.0005643	0.0004734	0.04949	0.02218	0.0502	0.02239	0	0	0	0	0	0	0	0	0	0	0	0	0	0	0	0	0	0	0	0	0	0	0	0	0	0	0	0	0	0	0	0	0	0	
160	0.05006	0.02266	0.05077	0.02287	0.0005642	0.0004734	0.0005643	0.0004734	0.04949	0.02218	0.0502	0.02239	0	0	0	0	0	0	0	0	0	0	0	0	0	0	0	0	0	0	0	0	0	0	0	0	0	0	0	0	0	0	0	0	0	0	
161	0.05006	0.02266	0.05077	0.02287	0.0005642	0.0004734	0.0005643	0.0004734	0.04949	0.02218	0.0502	0.02239	0	0	0	0	0	0	0	0	0	0	0	0	0	0	0	0	0	0	0	0	0	0	0	0	0	0	0	0	0	0	0	0	0	0	
162	0.05006	0.02266	0.05077	0.02287	0.0005642	0.0004734	0.0005643	0.0004734	0.04949	0.02218	0.0502	0.02239	0	0	0	0	0	0	0	0	0	0	0	0	0	0	0	0	0	0	0	0	0	0	0	0	0	0	0	0	0	0	0	0	0	0	
163	0.05006	0.02266	0.05077	0.02287	0.0005642	0.0004734	0.0005643	0.0004734	0.04949	0.02218	0.0502	0.02239	0	0	0	0	0	0	0	0	0	0	0	0	0	0	0	0	0	0	0	0	0	0	0	0	0	0	0	0	0	0	0	0	0	0	
164	0.05006	0.02266	0.05077	0.02287	0.0005642	0.0004734	0.0005643	0.0004734	0.04949	0.02218	0.0502	0.02239	0	0	0	0	0	0	0	0	0	0	0	0	0	0	0	0	0	0	0	0	0	0	0	0	0	0	0	0	0	0	0	0	0	0	
165	0.05006	0.02266	0.05077	0.02287	0.0005642	0.0004734	0.0005643	0.0004734	0.04949	0.02218	0.0502	0.02239	0	0	0	0	0	0	0	0	0	0	0	0	0	0	0	0	0	0	0	0	0	0	0	0	0	0	0	0	0	0	0	0	0	0	
166	3.335	0.8055	3.346	0.8149	2.858	0.1447	2.858	0.1447	0.4775	0.6608	0.4879	0.6702	4	1	4	1	4	1	4	1	4	1	4	1	4	1	3	1	3	1	3	1	3	0	3	0	3	0	3	0	3	0	3	0	3	0	
167	0.08036	0.08177	0.08126	0.08261	0.007957	0.02016	0.007958	0.02016	0.0724	0.06161	0.0733	0.06245	0	0	0	0	0	0	0	0	0	0	0	0	0	0	0	0	0	0	0	0	0	0	0	0	0	0	0	0	0	0	0	0	0	0	
