# Rates were calculated using the expectation of the posterior rate distribution
# Prior distribution is Gamma with 4 discrete categories
# The alpha parameter 0.3483
# sp.rates(j)  j= 0	0.01001	0.25
# sp.rates(j)  j= 1	0.1422	0.25
# sp.rates(j)  j= 2	0.6686	0.25
# sp.rates(j)  j= 3	3.179	0.25

=========================================================================================================================================================
# POS	RATE
1	0.8649
2	3.12
3	0.8649
4	0.8628
5	0.8628
6	3.077
7	0.8628
8	0.8628
9	0.8628
10	0.8628
11	0.8628
12	0.8628
13	0.8628
14	0.8628
15	0.8628
16	0.8628
17	0.8628
18	0.8628
19	0.8628
20	0.8628
21	0.8628
22	2.594
23	0.8628
24	0.8628
25	0.8628
26	0.8628
27	0.8628
28	0.8628
29	0.8628
30	0.8628
31	0.8628
32	0.8628
33	0.8628
34	0.8628
35	0.8628
36	2.028
37	0.9537
38	0.8628
39	0.8628
40	0.8628
41	0.8628
42	0.8628
43	0.8628
44	0.8628
45	0.8628
46	0.8628
47	0.8628
48	0.8628
49	0.8628
50	0.8628
51	2.145
52	0.8628
53	0.8628
54	0.8628
55	0.8628
56	0.8628
57	2.028
58	2.046
59	0.8877
60	0.8628
61	1.783
62	0.8723
63	2.079
64	0.9642
65	2.145
66	0.8628
67	1.702
68	0.8628
69	0.8628
70	0.8628
71	0.8628
72	0.8628
73	2.145
74	0.9759
75	0.8628
76	0.8628
77	0.8628
78	0.8628
79	0.8628
80	0.8628
81	0.8628
82	0.8628
83	0.8628
84	0.8628
85	0.8628
86	0.8628
87	0.8628
88	0.8628
89	0.8628
90	0.8628
91	0.8628
92	0.8628
93	0.8628
94	0.8628
95	0.8628
96	0.8628
97	0.8628
98	0.8628
99	0.8628
100	0.8628
101	0.8628
102	0.8628
103	0.8628
104	0.8628
105	0.8628
106	0.8628
107	0.8628
108	0.8628
109	0.8628
110	0.8628
111	0.8628
112	0.8628
113	0.8628
114	0.8628
115	2.145
116	0.9759
117	0.9759
118	0.8628
119	2.145
120	0.9759
121	0.8628
122	0.8628
123	0.8628
124	0.8628
125	0.8628
126	0.8628
127	0.8628
128	0.8628
129	2.028
130	2.508
131	0.8628
132	0.8628
133	2.145
134	0.9759
135	1.702
136	0.8663
137	0.8663
138	0.8663
139	0.8663
140	2.166
141	0.8663
142	0.8628
143	0.8628
144	0.8628
145	0.8628
146	1.691
147	0.8628
148	0.8628
149	0.8628
150	0.8628
151	0.8628
152	0.8628
153	2.145
154	0.9759
155	0.8628
156	0.8628
157	0.8628
158	0.8628
159	0.8628
160	0.8628
161	0.8628
162	0.8628
163	0.8628
164	0.8628
165	0.8628
166	3.166
167	0.9717
# Average = 1.047
# Standard Deviation = 0.4818
