# Rate values were normalized to Z score (mean rate=0, +/-1 rat= +/-standard error)
# Rates were calculated using the expectation of the posterior rate distribution
# Prior distribution is Gamma with 4 discrete categories
# The alpha parameter 0.3483
# sp.rates(j)  j= 0	0.01001	0.25
# sp.rates(j)  j= 1	0.1422	0.25
# sp.rates(j)  j= 2	0.6686	0.25
# sp.rates(j)  j= 3	3.179	0.25

=========================================================================================================================================================
# POS	RATE
1	-0.3782
2	4.302
3	-0.3782
4	-0.3826
5	-0.3826
6	4.212
7	-0.3826
8	-0.3826
9	-0.3826
10	-0.3826
11	-0.3826
12	-0.3826
13	-0.3826
14	-0.3826
15	-0.3826
16	-0.3826
17	-0.3826
18	-0.3826
19	-0.3826
20	-0.3826
21	-0.3826
22	3.21
23	-0.3826
24	-0.3826
25	-0.3826
26	-0.3826
27	-0.3826
28	-0.3826
29	-0.3826
30	-0.3826
31	-0.3826
32	-0.3826
33	-0.3826
34	-0.3826
35	-0.3826
36	2.036
37	-0.194
38	-0.3826
39	-0.3826
40	-0.3826
41	-0.3826
42	-0.3826
43	-0.3826
44	-0.3826
45	-0.3826
46	-0.3826
47	-0.3826
48	-0.3826
49	-0.3826
50	-0.3826
51	2.279
52	-0.3826
53	-0.3826
54	-0.3826
55	-0.3826
56	-0.3826
57	2.036
58	2.073
59	-0.3309
60	-0.3826
61	1.527
62	-0.3629
63	2.141
64	-0.1721
65	2.279
66	-0.3826
67	1.359
68	-0.3826
69	-0.3826
70	-0.3826
71	-0.3826
72	-0.3826
73	2.279
74	-0.1478
75	-0.3826
76	-0.3826
77	-0.3826
78	-0.3826
79	-0.3826
80	-0.3826
81	-0.3826
82	-0.3826
83	-0.3826
84	-0.3826
85	-0.3826
86	-0.3826
87	-0.3826
88	-0.3826
89	-0.3826
90	-0.3826
91	-0.3826
92	-0.3826
93	-0.3826
94	-0.3826
95	-0.3826
96	-0.3826
97	-0.3826
98	-0.3826
99	-0.3826
100	-0.3826
101	-0.3826
102	-0.3826
103	-0.3826
104	-0.3826
105	-0.3826
106	-0.3826
107	-0.3826
108	-0.3826
109	-0.3826
110	-0.3826
111	-0.3826
112	-0.3826
113	-0.3826
114	-0.3826
115	2.279
116	-0.1478
117	-0.1478
118	-0.3826
119	2.279
120	-0.1478
121	-0.3826
122	-0.3826
123	-0.3826
124	-0.3826
125	-0.3826
126	-0.3826
127	-0.3826
128	-0.3826
129	2.036
130	3.032
131	-0.3826
132	-0.3826
133	2.279
134	-0.1478
135	1.358
136	-0.3753
137	-0.3753
138	-0.3753
139	-0.3753
140	2.321
141	-0.3753
142	-0.3826
143	-0.3826
144	-0.3826
145	-0.3826
146	1.337
147	-0.3826
148	-0.3826
149	-0.3826
150	-0.3826
151	-0.3826
152	-0.3826
153	2.279
154	-0.1478
155	-0.3826
156	-0.3826
157	-0.3826
158	-0.3826
159	-0.3826
160	-0.3826
161	-0.3826
162	-0.3826
163	-0.3826
164	-0.3826
165	-0.3826
166	4.397
167	-0.1566
# Average = 1.047
# Standard Deviation = 0.4818
