# Rates were calculated using the expectation of the posterior rate distribution
# Prior distribution is Gamma with 4 discrete categories
# The alpha parameter 0.1081
# sp.rates(j)  j= 0	1.484e-06	0.25
# sp.rates(j)  j= 1	0.001808	0.25
# sp.rates(j)  j= 2	0.1162	0.25
# sp.rates(j)  j= 3	3.882	0.25

=========================================================================================================================================================
# POS	RATE
1	0.9323
2	3.734
3	0.9284
4	0.9284
5	0.9284
6	0.9284
7	0.9284
8	0.9284
9	0.9284
10	0.9284
11	0.9284
12	0.9284
13	0.9284
14	0.9284
15	0.9284
16	0.9284
17	0.9284
18	0.9284
19	0.9284
20	0.9284
21	0.9284
22	0.9284
23	0.9284
24	0.9284
25	0.9284
26	0.9284
27	0.9284
28	0.9284
29	0.9284
30	0.9284
31	0.9284
32	0.9284
33	0.9284
34	0.9284
35	0.9284
36	0.9284
37	0.9284
38	0.9284
39	0.9284
40	0.9284
41	0.9284
42	0.9284
43	0.9284
44	0.9284
45	0.9284
46	0.9284
47	0.9284
48	0.9284
49	0.9284
50	0.9284
51	0.9284
52	0.9284
53	0.9284
54	0.9284
55	0.9284
56	0.9284
57	0.9284
58	0.9284
59	0.9284
60	0.9284
61	0.9284
62	0.9284
63	0.9284
64	0.9284
65	0.9284
66	3.739
67	0.9284
68	0.9284
69	0.9284
70	0.9284
71	0.9284
72	0.9284
73	0.9284
74	0.9284
75	0.9284
76	0.9284
77	0.9284
78	0.9284
79	0.9284
80	0.9284
81	0.9284
82	0.9284
83	0.9284
84	0.9284
85	0.9284
86	0.9284
87	0.9284
88	0.9284
89	0.9284
90	0.9284
91	0.9284
92	0.9284
93	0.9284
94	0.9284
95	0.9284
96	0.9284
97	0.9284
98	0.9284
99	0.9284
100	0.9284
101	0.9284
102	0.9284
103	0.9284
104	0.9284
105	0.9284
106	0.9284
107	0.9284
108	0.9284
109	0.9284
110	0.9284
111	0.9284
112	0.9284
113	0.9284
114	0.9284
115	0.9284
116	3.76
117	0.9284
118	0.9284
119	0.9284
120	0.9284
121	3.875
122	0.9284
123	0.9284
124	0.9284
125	0.9284
126	0.9284
127	0.9284
128	0.9284
129	0.9284
130	0.9284
131	0.9284
132	0.9284
133	0.9284
134	3.781
135	3.878
136	1
137	0.9284
138	0.9284
139	0.9284
140	0.9284
141	0.9284
142	0.9284
143	0.9284
144	0.9284
145	0.9284
146	0.9284
147	0.9284
148	0.9284
149	0.9284
150	0.9284
151	0.9284
152	0.9284
153	0.9284
154	0.9284
155	0.9284
156	0.9284
157	0.9284
158	0.9284
159	0.9284
160	0.9284
161	0.9284
162	0.9284
163	0.9284
164	0.9284
165	0.9284
166	0.9284
167	3.734
168	0.9323
169	0.9323
# Average = 1.047
# Standard Deviation = 0.5711
