# print count over countCutOffLow=0.1 to countCutOffHigh=0.9 with increment=0.05
POS	prob01	prob10	exp01	exp10	prob01_Rec	prob10_Rec	exp01_Rec	exp10_Rec	prob01_Anc	prob10_Anc	exp01_Anc	exp10_Anc	count01_0.1	count10_0.1	count01_0.15	count10_0.15	count01_0.2	count10_0.2	count01_0.25	count10_0.25	count01_0.3	count10_0.3	count01_0.35	count10_0.35	count01_0.4	count10_0.4	count01_0.45	count10_0.45	count01_0.5	count10_0.5	count01_0.55	count10_0.55	count01_0.6	count10_0.6	count01_0.65	count10_0.65	count01_0.7	count10_0.7	count01_0.75	count10_0.75	count01_0.8	count10_0.8	count01_0.85	count10_0.85	count01_0.9	count10_0.9	
1	9.639e-05	6.792e-05	9.639e-05	6.792e-05	2.015e-05	2.096e-05	2.015e-05	2.096e-05	7.624e-05	4.696e-05	7.624e-05	4.696e-05	0	0	0	0	0	0	0	0	0	0	0	0	0	0	0	0	0	0	0	0	0	0	0	0	0	0	0	0	0	0	0	0	0	0	
2	1	0.0003567	1	0.0003567	0.9998	0.0002792	0.9998	0.0002792	0.0002928	7.747e-05	0.0002928	7.747e-05	1	0	1	0	1	0	1	0	1	0	1	0	1	0	1	0	1	0	1	0	1	0	1	0	1	0	1	0	1	0	1	0	1	0	
3	9.639e-05	6.792e-05	9.639e-05	6.792e-05	2.015e-05	2.096e-05	2.015e-05	2.096e-05	7.624e-05	4.696e-05	7.624e-05	4.696e-05	0	0	0	0	0	0	0	0	0	0	0	0	0	0	0	0	0	0	0	0	0	0	0	0	0	0	0	0	0	0	0	0	0	0	
4	9.639e-05	6.702e-05	9.639e-05	6.702e-05	2.015e-05	2.006e-05	2.015e-05	2.006e-05	7.624e-05	4.696e-05	7.624e-05	4.696e-05	0	0	0	0	0	0	0	0	0	0	0	0	0	0	0	0	0	0	0	0	0	0	0	0	0	0	0	0	0	0	0	0	0	0	
5	9.639e-05	6.702e-05	9.639e-05	6.702e-05	2.015e-05	2.006e-05	2.015e-05	2.006e-05	7.624e-05	4.696e-05	7.624e-05	4.696e-05	0	0	0	0	0	0	0	0	0	0	0	0	0	0	0	0	0	0	0	0	0	0	0	0	0	0	0	0	0	0	0	0	0	0	
6	9.639e-05	6.702e-05	9.639e-05	6.702e-05	2.015e-05	2.006e-05	2.015e-05	2.006e-05	7.624e-05	4.696e-05	7.624e-05	4.696e-05	0	0	0	0	0	0	0	0	0	0	0	0	0	0	0	0	0	0	0	0	0	0	0	0	0	0	0	0	0	0	0	0	0	0	
7	9.639e-05	6.702e-05	9.639e-05	6.702e-05	2.015e-05	2.006e-05	2.015e-05	2.006e-05	7.624e-05	4.696e-05	7.624e-05	4.696e-05	0	0	0	0	0	0	0	0	0	0	0	0	0	0	0	0	0	0	0	0	0	0	0	0	0	0	0	0	0	0	0	0	0	0	
8	9.639e-05	6.702e-05	9.639e-05	6.702e-05	2.015e-05	2.006e-05	2.015e-05	2.006e-05	7.624e-05	4.696e-05	7.624e-05	4.696e-05	0	0	0	0	0	0	0	0	0	0	0	0	0	0	0	0	0	0	0	0	0	0	0	0	0	0	0	0	0	0	0	0	0	0	
9	9.639e-05	6.702e-05	9.639e-05	6.702e-05	2.015e-05	2.006e-05	2.015e-05	2.006e-05	7.624e-05	4.696e-05	7.624e-05	4.696e-05	0	0	0	0	0	0	0	0	0	0	0	0	0	0	0	0	0	0	0	0	0	0	0	0	0	0	0	0	0	0	0	0	0	0	
10	9.639e-05	6.702e-05	9.639e-05	6.702e-05	2.015e-05	2.006e-05	2.015e-05	2.006e-05	7.624e-05	4.696e-05	7.624e-05	4.696e-05	0	0	0	0	0	0	0	0	0	0	0	0	0	0	0	0	0	0	0	0	0	0	0	0	0	0	0	0	0	0	0	0	0	0	
11	9.639e-05	6.702e-05	9.639e-05	6.702e-05	2.015e-05	2.006e-05	2.015e-05	2.006e-05	7.624e-05	4.696e-05	7.624e-05	4.696e-05	0	0	0	0	0	0	0	0	0	0	0	0	0	0	0	0	0	0	0	0	0	0	0	0	0	0	0	0	0	0	0	0	0	0	
12	9.639e-05	6.702e-05	9.639e-05	6.702e-05	2.015e-05	2.006e-05	2.015e-05	2.006e-05	7.624e-05	4.696e-05	7.624e-05	4.696e-05	0	0	0	0	0	0	0	0	0	0	0	0	0	0	0	0	0	0	0	0	0	0	0	0	0	0	0	0	0	0	0	0	0	0	
13	9.639e-05	6.702e-05	9.639e-05	6.702e-05	2.015e-05	2.006e-05	2.015e-05	2.006e-05	7.624e-05	4.696e-05	7.624e-05	4.696e-05	0	0	0	0	0	0	0	0	0	0	0	0	0	0	0	0	0	0	0	0	0	0	0	0	0	0	0	0	0	0	0	0	0	0	
14	9.639e-05	6.702e-05	9.639e-05	6.702e-05	2.015e-05	2.006e-05	2.015e-05	2.006e-05	7.624e-05	4.696e-05	7.624e-05	4.696e-05	0	0	0	0	0	0	0	0	0	0	0	0	0	0	0	0	0	0	0	0	0	0	0	0	0	0	0	0	0	0	0	0	0	0	
15	9.639e-05	6.702e-05	9.639e-05	6.702e-05	2.015e-05	2.006e-05	2.015e-05	2.006e-05	7.624e-05	4.696e-05	7.624e-05	4.696e-05	0	0	0	0	0	0	0	0	0	0	0	0	0	0	0	0	0	0	0	0	0	0	0	0	0	0	0	0	0	0	0	0	0	0	
16	9.639e-05	6.702e-05	9.639e-05	6.702e-05	2.015e-05	2.006e-05	2.015e-05	2.006e-05	7.624e-05	4.696e-05	7.624e-05	4.696e-05	0	0	0	0	0	0	0	0	0	0	0	0	0	0	0	0	0	0	0	0	0	0	0	0	0	0	0	0	0	0	0	0	0	0	
17	9.639e-05	6.702e-05	9.639e-05	6.702e-05	2.015e-05	2.006e-05	2.015e-05	2.006e-05	7.624e-05	4.696e-05	7.624e-05	4.696e-05	0	0	0	0	0	0	0	0	0	0	0	0	0	0	0	0	0	0	0	0	0	0	0	0	0	0	0	0	0	0	0	0	0	0	
18	9.639e-05	6.702e-05	9.639e-05	6.702e-05	2.015e-05	2.006e-05	2.015e-05	2.006e-05	7.624e-05	4.696e-05	7.624e-05	4.696e-05	0	0	0	0	0	0	0	0	0	0	0	0	0	0	0	0	0	0	0	0	0	0	0	0	0	0	0	0	0	0	0	0	0	0	
19	9.639e-05	6.702e-05	9.639e-05	6.702e-05	2.015e-05	2.006e-05	2.015e-05	2.006e-05	7.624e-05	4.696e-05	7.624e-05	4.696e-05	0	0	0	0	0	0	0	0	0	0	0	0	0	0	0	0	0	0	0	0	0	0	0	0	0	0	0	0	0	0	0	0	0	0	
20	9.639e-05	6.702e-05	9.639e-05	6.702e-05	2.015e-05	2.006e-05	2.015e-05	2.006e-05	7.624e-05	4.696e-05	7.624e-05	4.696e-05	0	0	0	0	0	0	0	0	0	0	0	0	0	0	0	0	0	0	0	0	0	0	0	0	0	0	0	0	0	0	0	0	0	0	
21	9.639e-05	6.702e-05	9.639e-05	6.702e-05	2.015e-05	2.006e-05	2.015e-05	2.006e-05	7.624e-05	4.696e-05	7.624e-05	4.696e-05	0	0	0	0	0	0	0	0	0	0	0	0	0	0	0	0	0	0	0	0	0	0	0	0	0	0	0	0	0	0	0	0	0	0	
22	9.639e-05	6.702e-05	9.639e-05	6.702e-05	2.015e-05	2.006e-05	2.015e-05	2.006e-05	7.624e-05	4.696e-05	7.624e-05	4.696e-05	0	0	0	0	0	0	0	0	0	0	0	0	0	0	0	0	0	0	0	0	0	0	0	0	0	0	0	0	0	0	0	0	0	0	
23	9.639e-05	6.702e-05	9.639e-05	6.702e-05	2.015e-05	2.006e-05	2.015e-05	2.006e-05	7.624e-05	4.696e-05	7.624e-05	4.696e-05	0	0	0	0	0	0	0	0	0	0	0	0	0	0	0	0	0	0	0	0	0	0	0	0	0	0	0	0	0	0	0	0	0	0	
24	9.639e-05	6.702e-05	9.639e-05	6.702e-05	2.015e-05	2.006e-05	2.015e-05	2.006e-05	7.624e-05	4.696e-05	7.624e-05	4.696e-05	0	0	0	0	0	0	0	0	0	0	0	0	0	0	0	0	0	0	0	0	0	0	0	0	0	0	0	0	0	0	0	0	0	0	
25	1	0.0007415	1	0.0007415	0.9994	2.144e-05	0.9994	2.144e-05	0.0006903	0.00072	0.0006903	0.00072	1	0	1	0	1	0	1	0	1	0	1	0	1	0	1	0	1	0	1	0	1	0	1	0	1	0	1	0	1	0	1	0	1	0	
26	9.639e-05	6.702e-05	9.639e-05	6.702e-05	2.015e-05	2.006e-05	2.015e-05	2.006e-05	7.624e-05	4.696e-05	7.624e-05	4.696e-05	0	0	0	0	0	0	0	0	0	0	0	0	0	0	0	0	0	0	0	0	0	0	0	0	0	0	0	0	0	0	0	0	0	0	
27	9.639e-05	6.702e-05	9.639e-05	6.702e-05	2.015e-05	2.006e-05	2.015e-05	2.006e-05	7.624e-05	4.696e-05	7.624e-05	4.696e-05	0	0	0	0	0	0	0	0	0	0	0	0	0	0	0	0	0	0	0	0	0	0	0	0	0	0	0	0	0	0	0	0	0	0	
28	9.639e-05	6.702e-05	9.639e-05	6.702e-05	2.015e-05	2.006e-05	2.015e-05	2.006e-05	7.624e-05	4.696e-05	7.624e-05	4.696e-05	0	0	0	0	0	0	0	0	0	0	0	0	0	0	0	0	0	0	0	0	0	0	0	0	0	0	0	0	0	0	0	0	0	0	
29	9.639e-05	6.702e-05	9.639e-05	6.702e-05	2.015e-05	2.006e-05	2.015e-05	2.006e-05	7.624e-05	4.696e-05	7.624e-05	4.696e-05	0	0	0	0	0	0	0	0	0	0	0	0	0	0	0	0	0	0	0	0	0	0	0	0	0	0	0	0	0	0	0	0	0	0	
30	9.639e-05	6.702e-05	9.639e-05	6.702e-05	2.015e-05	2.006e-05	2.015e-05	2.006e-05	7.624e-05	4.696e-05	7.624e-05	4.696e-05	0	0	0	0	0	0	0	0	0	0	0	0	0	0	0	0	0	0	0	0	0	0	0	0	0	0	0	0	0	0	0	0	0	0	
31	9.639e-05	6.702e-05	9.639e-05	6.702e-05	2.015e-05	2.006e-05	2.015e-05	2.006e-05	7.624e-05	4.696e-05	7.624e-05	4.696e-05	0	0	0	0	0	0	0	0	0	0	0	0	0	0	0	0	0	0	0	0	0	0	0	0	0	0	0	0	0	0	0	0	0	0	
32	9.679e-05	0.0005262	9.679e-05	0.0005262	2.015e-05	0.0004789	2.015e-05	0.0004789	7.664e-05	4.736e-05	7.664e-05	4.736e-05	0	0	0	0	0	0	0	0	0	0	0	0	0	0	0	0	0	0	0	0	0	0	0	0	0	0	0	0	0	0	0	0	0	0	
33	1	0.0007415	1	0.0007415	0.9994	2.144e-05	0.9994	2.144e-05	0.0006903	0.00072	0.0006903	0.00072	1	0	1	0	1	0	1	0	1	0	1	0	1	0	1	0	1	0	1	0	1	0	1	0	1	0	1	0	1	0	1	0	1	0	
34	9.639e-05	6.702e-05	9.639e-05	6.702e-05	2.015e-05	2.006e-05	2.015e-05	2.006e-05	7.624e-05	4.696e-05	7.624e-05	4.696e-05	0	0	0	0	0	0	0	0	0	0	0	0	0	0	0	0	0	0	0	0	0	0	0	0	0	0	0	0	0	0	0	0	0	0	
35	9.639e-05	6.702e-05	9.639e-05	6.702e-05	2.015e-05	2.006e-05	2.015e-05	2.006e-05	7.624e-05	4.696e-05	7.624e-05	4.696e-05	0	0	0	0	0	0	0	0	0	0	0	0	0	0	0	0	0	0	0	0	0	0	0	0	0	0	0	0	0	0	0	0	0	0	
36	9.639e-05	6.702e-05	9.639e-05	6.702e-05	2.015e-05	2.006e-05	2.015e-05	2.006e-05	7.624e-05	4.696e-05	7.624e-05	4.696e-05	0	0	0	0	0	0	0	0	0	0	0	0	0	0	0	0	0	0	0	0	0	0	0	0	0	0	0	0	0	0	0	0	0	0	
37	9.639e-05	6.702e-05	9.639e-05	6.702e-05	2.015e-05	2.006e-05	2.015e-05	2.006e-05	7.624e-05	4.696e-05	7.624e-05	4.696e-05	0	0	0	0	0	0	0	0	0	0	0	0	0	0	0	0	0	0	0	0	0	0	0	0	0	0	0	0	0	0	0	0	0	0	
38	9.639e-05	6.702e-05	9.639e-05	6.702e-05	2.015e-05	2.006e-05	2.015e-05	2.006e-05	7.624e-05	4.696e-05	7.624e-05	4.696e-05	0	0	0	0	0	0	0	0	0	0	0	0	0	0	0	0	0	0	0	0	0	0	0	0	0	0	0	0	0	0	0	0	0	0	
39	9.639e-05	6.702e-05	9.639e-05	6.702e-05	2.015e-05	2.006e-05	2.015e-05	2.006e-05	7.624e-05	4.696e-05	7.624e-05	4.696e-05	0	0	0	0	0	0	0	0	0	0	0	0	0	0	0	0	0	0	0	0	0	0	0	0	0	0	0	0	0	0	0	0	0	0	
40	1	0.0007415	1	0.0007415	0.9994	2.144e-05	0.9994	2.144e-05	0.0006903	0.00072	0.0006903	0.00072	1	0	1	0	1	0	1	0	1	0	1	0	1	0	1	0	1	0	1	0	1	0	1	0	1	0	1	0	1	0	1	0	1	0	
41	9.639e-05	6.702e-05	9.639e-05	6.702e-05	2.015e-05	2.006e-05	2.015e-05	2.006e-05	7.624e-05	4.696e-05	7.624e-05	4.696e-05	0	0	0	0	0	0	0	0	0	0	0	0	0	0	0	0	0	0	0	0	0	0	0	0	0	0	0	0	0	0	0	0	0	0	
42	9.639e-05	6.702e-05	9.639e-05	6.702e-05	2.015e-05	2.006e-05	2.015e-05	2.006e-05	7.624e-05	4.696e-05	7.624e-05	4.696e-05	0	0	0	0	0	0	0	0	0	0	0	0	0	0	0	0	0	0	0	0	0	0	0	0	0	0	0	0	0	0	0	0	0	0	
43	9.639e-05	6.702e-05	9.639e-05	6.702e-05	2.015e-05	2.006e-05	2.015e-05	2.006e-05	7.624e-05	4.696e-05	7.624e-05	4.696e-05	0	0	0	0	0	0	0	0	0	0	0	0	0	0	0	0	0	0	0	0	0	0	0	0	0	0	0	0	0	0	0	0	0	0	
44	9.639e-05	6.702e-05	9.639e-05	6.702e-05	2.015e-05	2.006e-05	2.015e-05	2.006e-05	7.624e-05	4.696e-05	7.624e-05	4.696e-05	0	0	0	0	0	0	0	0	0	0	0	0	0	0	0	0	0	0	0	0	0	0	0	0	0	0	0	0	0	0	0	0	0	0	
45	9.639e-05	6.702e-05	9.639e-05	6.702e-05	2.015e-05	2.006e-05	2.015e-05	2.006e-05	7.624e-05	4.696e-05	7.624e-05	4.696e-05	0	0	0	0	0	0	0	0	0	0	0	0	0	0	0	0	0	0	0	0	0	0	0	0	0	0	0	0	0	0	0	0	0	0	
46	9.639e-05	6.702e-05	9.639e-05	6.702e-05	2.015e-05	2.006e-05	2.015e-05	2.006e-05	7.624e-05	4.696e-05	7.624e-05	4.696e-05	0	0	0	0	0	0	0	0	0	0	0	0	0	0	0	0	0	0	0	0	0	0	0	0	0	0	0	0	0	0	0	0	0	0	
47	9.639e-05	6.702e-05	9.639e-05	6.702e-05	2.015e-05	2.006e-05	2.015e-05	2.006e-05	7.624e-05	4.696e-05	7.624e-05	4.696e-05	0	0	0	0	0	0	0	0	0	0	0	0	0	0	0	0	0	0	0	0	0	0	0	0	0	0	0	0	0	0	0	0	0	0	
48	9.639e-05	6.702e-05	9.639e-05	6.702e-05	2.015e-05	2.006e-05	2.015e-05	2.006e-05	7.624e-05	4.696e-05	7.624e-05	4.696e-05	0	0	0	0	0	0	0	0	0	0	0	0	0	0	0	0	0	0	0	0	0	0	0	0	0	0	0	0	0	0	0	0	0	0	
49	9.639e-05	6.702e-05	9.639e-05	6.702e-05	2.015e-05	2.006e-05	2.015e-05	2.006e-05	7.624e-05	4.696e-05	7.624e-05	4.696e-05	0	0	0	0	0	0	0	0	0	0	0	0	0	0	0	0	0	0	0	0	0	0	0	0	0	0	0	0	0	0	0	0	0	0	
50	9.639e-05	6.702e-05	9.639e-05	6.702e-05	2.015e-05	2.006e-05	2.015e-05	2.006e-05	7.624e-05	4.696e-05	7.624e-05	4.696e-05	0	0	0	0	0	0	0	0	0	0	0	0	0	0	0	0	0	0	0	0	0	0	0	0	0	0	0	0	0	0	0	0	0	0	
51	9.639e-05	6.702e-05	9.639e-05	6.702e-05	2.015e-05	2.006e-05	2.015e-05	2.006e-05	7.624e-05	4.696e-05	7.624e-05	4.696e-05	0	0	0	0	0	0	0	0	0	0	0	0	0	0	0	0	0	0	0	0	0	0	0	0	0	0	0	0	0	0	0	0	0	0	
52	9.639e-05	6.702e-05	9.639e-05	6.702e-05	2.015e-05	2.006e-05	2.015e-05	2.006e-05	7.624e-05	4.696e-05	7.624e-05	4.696e-05	0	0	0	0	0	0	0	0	0	0	0	0	0	0	0	0	0	0	0	0	0	0	0	0	0	0	0	0	0	0	0	0	0	0	
53	9.639e-05	6.702e-05	9.639e-05	6.702e-05	2.015e-05	2.006e-05	2.015e-05	2.006e-05	7.624e-05	4.696e-05	7.624e-05	4.696e-05	0	0	0	0	0	0	0	0	0	0	0	0	0	0	0	0	0	0	0	0	0	0	0	0	0	0	0	0	0	0	0	0	0	0	
54	9.639e-05	6.702e-05	9.639e-05	6.702e-05	2.015e-05	2.006e-05	2.015e-05	2.006e-05	7.624e-05	4.696e-05	7.624e-05	4.696e-05	0	0	0	0	0	0	0	0	0	0	0	0	0	0	0	0	0	0	0	0	0	0	0	0	0	0	0	0	0	0	0	0	0	0	
55	9.639e-05	6.702e-05	9.639e-05	6.702e-05	2.015e-05	2.006e-05	2.015e-05	2.006e-05	7.624e-05	4.696e-05	7.624e-05	4.696e-05	0	0	0	0	0	0	0	0	0	0	0	0	0	0	0	0	0	0	0	0	0	0	0	0	0	0	0	0	0	0	0	0	0	0	
56	9.639e-05	6.702e-05	9.639e-05	6.702e-05	2.015e-05	2.006e-05	2.015e-05	2.006e-05	7.624e-05	4.696e-05	7.624e-05	4.696e-05	0	0	0	0	0	0	0	0	0	0	0	0	0	0	0	0	0	0	0	0	0	0	0	0	0	0	0	0	0	0	0	0	0	0	
57	9.639e-05	6.702e-05	9.639e-05	6.702e-05	2.015e-05	2.006e-05	2.015e-05	2.006e-05	7.624e-05	4.696e-05	7.624e-05	4.696e-05	0	0	0	0	0	0	0	0	0	0	0	0	0	0	0	0	0	0	0	0	0	0	0	0	0	0	0	0	0	0	0	0	0	0	
58	9.639e-05	6.702e-05	9.639e-05	6.702e-05	2.015e-05	2.006e-05	2.015e-05	2.006e-05	7.624e-05	4.696e-05	7.624e-05	4.696e-05	0	0	0	0	0	0	0	0	0	0	0	0	0	0	0	0	0	0	0	0	0	0	0	0	0	0	0	0	0	0	0	0	0	0	
59	9.639e-05	6.702e-05	9.639e-05	6.702e-05	2.015e-05	2.006e-05	2.015e-05	2.006e-05	7.624e-05	4.696e-05	7.624e-05	4.696e-05	0	0	0	0	0	0	0	0	0	0	0	0	0	0	0	0	0	0	0	0	0	0	0	0	0	0	0	0	0	0	0	0	0	0	
60	9.639e-05	6.702e-05	9.639e-05	6.702e-05	2.015e-05	2.006e-05	2.015e-05	2.006e-05	7.624e-05	4.696e-05	7.624e-05	4.696e-05	0	0	0	0	0	0	0	0	0	0	0	0	0	0	0	0	0	0	0	0	0	0	0	0	0	0	0	0	0	0	0	0	0	0	
61	9.639e-05	6.702e-05	9.639e-05	6.702e-05	2.015e-05	2.006e-05	2.015e-05	2.006e-05	7.624e-05	4.696e-05	7.624e-05	4.696e-05	0	0	0	0	0	0	0	0	0	0	0	0	0	0	0	0	0	0	0	0	0	0	0	0	0	0	0	0	0	0	0	0	0	0	
62	9.639e-05	6.702e-05	9.639e-05	6.702e-05	2.015e-05	2.006e-05	2.015e-05	2.006e-05	7.624e-05	4.696e-05	7.624e-05	4.696e-05	0	0	0	0	0	0	0	0	0	0	0	0	0	0	0	0	0	0	0	0	0	0	0	0	0	0	0	0	0	0	0	0	0	0	
63	9.639e-05	6.702e-05	9.639e-05	6.702e-05	2.015e-05	2.006e-05	2.015e-05	2.006e-05	7.624e-05	4.696e-05	7.624e-05	4.696e-05	0	0	0	0	0	0	0	0	0	0	0	0	0	0	0	0	0	0	0	0	0	0	0	0	0	0	0	0	0	0	0	0	0	0	
64	0.4529	0.5511	0.4529	0.5511	3.4e-05	0.0001036	3.4e-05	0.0001036	0.4529	0.551	0.4529	0.551	1	1	1	1	1	1	1	1	1	1	1	1	1	1	0	1	0	1	0	1	0	0	0	0	0	0	0	0	0	0	0	0	0	0	
65	9.639e-05	6.702e-05	9.639e-05	6.702e-05	2.015e-05	2.006e-05	2.015e-05	2.006e-05	7.624e-05	4.696e-05	7.624e-05	4.696e-05	0	0	0	0	0	0	0	0	0	0	0	0	0	0	0	0	0	0	0	0	0	0	0	0	0	0	0	0	0	0	0	0	0	0	
66	9.639e-05	6.702e-05	9.639e-05	6.702e-05	2.015e-05	2.006e-05	2.015e-05	2.006e-05	7.624e-05	4.696e-05	7.624e-05	4.696e-05	0	0	0	0	0	0	0	0	0	0	0	0	0	0	0	0	0	0	0	0	0	0	0	0	0	0	0	0	0	0	0	0	0	0	
67	9.639e-05	6.702e-05	9.639e-05	6.702e-05	2.015e-05	2.006e-05	2.015e-05	2.006e-05	7.624e-05	4.696e-05	7.624e-05	4.696e-05	0	0	0	0	0	0	0	0	0	0	0	0	0	0	0	0	0	0	0	0	0	0	0	0	0	0	0	0	0	0	0	0	0	0	
68	9.639e-05	6.702e-05	9.639e-05	6.702e-05	2.015e-05	2.006e-05	2.015e-05	2.006e-05	7.624e-05	4.696e-05	7.624e-05	4.696e-05	0	0	0	0	0	0	0	0	0	0	0	0	0	0	0	0	0	0	0	0	0	0	0	0	0	0	0	0	0	0	0	0	0	0	
69	9.639e-05	6.702e-05	9.639e-05	6.702e-05	2.015e-05	2.006e-05	2.015e-05	2.006e-05	7.624e-05	4.696e-05	7.624e-05	4.696e-05	0	0	0	0	0	0	0	0	0	0	0	0	0	0	0	0	0	0	0	0	0	0	0	0	0	0	0	0	0	0	0	0	0	0	
70	9.639e-05	6.702e-05	9.639e-05	6.702e-05	2.015e-05	2.006e-05	2.015e-05	2.006e-05	7.624e-05	4.696e-05	7.624e-05	4.696e-05	0	0	0	0	0	0	0	0	0	0	0	0	0	0	0	0	0	0	0	0	0	0	0	0	0	0	0	0	0	0	0	0	0	0	
71	9.639e-05	6.702e-05	9.639e-05	6.702e-05	2.015e-05	2.006e-05	2.015e-05	2.006e-05	7.624e-05	4.696e-05	7.624e-05	4.696e-05	0	0	0	0	0	0	0	0	0	0	0	0	0	0	0	0	0	0	0	0	0	0	0	0	0	0	0	0	0	0	0	0	0	0	
72	9.639e-05	6.702e-05	9.639e-05	6.702e-05	2.015e-05	2.006e-05	2.015e-05	2.006e-05	7.624e-05	4.696e-05	7.624e-05	4.696e-05	0	0	0	0	0	0	0	0	0	0	0	0	0	0	0	0	0	0	0	0	0	0	0	0	0	0	0	0	0	0	0	0	0	0	
73	9.639e-05	6.702e-05	9.639e-05	6.702e-05	2.015e-05	2.006e-05	2.015e-05	2.006e-05	7.624e-05	4.696e-05	7.624e-05	4.696e-05	0	0	0	0	0	0	0	0	0	0	0	0	0	0	0	0	0	0	0	0	0	0	0	0	0	0	0	0	0	0	0	0	0	0	
74	9.639e-05	6.702e-05	9.639e-05	6.702e-05	2.015e-05	2.006e-05	2.015e-05	2.006e-05	7.624e-05	4.696e-05	7.624e-05	4.696e-05	0	0	0	0	0	0	0	0	0	0	0	0	0	0	0	0	0	0	0	0	0	0	0	0	0	0	0	0	0	0	0	0	0	0	
75	9.639e-05	6.702e-05	9.639e-05	6.702e-05	2.015e-05	2.006e-05	2.015e-05	2.006e-05	7.624e-05	4.696e-05	7.624e-05	4.696e-05	0	0	0	0	0	0	0	0	0	0	0	0	0	0	0	0	0	0	0	0	0	0	0	0	0	0	0	0	0	0	0	0	0	0	
76	9.639e-05	6.702e-05	9.639e-05	6.702e-05	2.015e-05	2.006e-05	2.015e-05	2.006e-05	7.624e-05	4.696e-05	7.624e-05	4.696e-05	0	0	0	0	0	0	0	0	0	0	0	0	0	0	0	0	0	0	0	0	0	0	0	0	0	0	0	0	0	0	0	0	0	0	
77	9.639e-05	6.702e-05	9.639e-05	6.702e-05	2.015e-05	2.006e-05	2.015e-05	2.006e-05	7.624e-05	4.696e-05	7.624e-05	4.696e-05	0	0	0	0	0	0	0	0	0	0	0	0	0	0	0	0	0	0	0	0	0	0	0	0	0	0	0	0	0	0	0	0	0	0	
78	9.639e-05	6.702e-05	9.639e-05	6.702e-05	2.015e-05	2.006e-05	2.015e-05	2.006e-05	7.624e-05	4.696e-05	7.624e-05	4.696e-05	0	0	0	0	0	0	0	0	0	0	0	0	0	0	0	0	0	0	0	0	0	0	0	0	0	0	0	0	0	0	0	0	0	0	
79	9.639e-05	6.702e-05	9.639e-05	6.702e-05	2.015e-05	2.006e-05	2.015e-05	2.006e-05	7.624e-05	4.696e-05	7.624e-05	4.696e-05	0	0	0	0	0	0	0	0	0	0	0	0	0	0	0	0	0	0	0	0	0	0	0	0	0	0	0	0	0	0	0	0	0	0	
80	9.639e-05	6.702e-05	9.639e-05	6.702e-05	2.015e-05	2.006e-05	2.015e-05	2.006e-05	7.624e-05	4.696e-05	7.624e-05	4.696e-05	0	0	0	0	0	0	0	0	0	0	0	0	0	0	0	0	0	0	0	0	0	0	0	0	0	0	0	0	0	0	0	0	0	0	
81	9.639e-05	6.702e-05	9.639e-05	6.702e-05	2.015e-05	2.006e-05	2.015e-05	2.006e-05	7.624e-05	4.696e-05	7.624e-05	4.696e-05	0	0	0	0	0	0	0	0	0	0	0	0	0	0	0	0	0	0	0	0	0	0	0	0	0	0	0	0	0	0	0	0	0	0	
82	9.639e-05	6.702e-05	9.639e-05	6.702e-05	2.015e-05	2.006e-05	2.015e-05	2.006e-05	7.624e-05	4.696e-05	7.624e-05	4.696e-05	0	0	0	0	0	0	0	0	0	0	0	0	0	0	0	0	0	0	0	0	0	0	0	0	0	0	0	0	0	0	0	0	0	0	
83	9.639e-05	6.702e-05	9.639e-05	6.702e-05	2.015e-05	2.006e-05	2.015e-05	2.006e-05	7.624e-05	4.696e-05	7.624e-05	4.696e-05	0	0	0	0	0	0	0	0	0	0	0	0	0	0	0	0	0	0	0	0	0	0	0	0	0	0	0	0	0	0	0	0	0	0	
84	9.639e-05	6.702e-05	9.639e-05	6.702e-05	2.015e-05	2.006e-05	2.015e-05	2.006e-05	7.624e-05	4.696e-05	7.624e-05	4.696e-05	0	0	0	0	0	0	0	0	0	0	0	0	0	0	0	0	0	0	0	0	0	0	0	0	0	0	0	0	0	0	0	0	0	0	
85	9.639e-05	6.702e-05	9.639e-05	6.702e-05	2.015e-05	2.006e-05	2.015e-05	2.006e-05	7.624e-05	4.696e-05	7.624e-05	4.696e-05	0	0	0	0	0	0	0	0	0	0	0	0	0	0	0	0	0	0	0	0	0	0	0	0	0	0	0	0	0	0	0	0	0	0	
86	9.639e-05	6.702e-05	9.639e-05	6.702e-05	2.015e-05	2.006e-05	2.015e-05	2.006e-05	7.624e-05	4.696e-05	7.624e-05	4.696e-05	0	0	0	0	0	0	0	0	0	0	0	0	0	0	0	0	0	0	0	0	0	0	0	0	0	0	0	0	0	0	0	0	0	0	
87	9.639e-05	6.702e-05	9.639e-05	6.702e-05	2.015e-05	2.006e-05	2.015e-05	2.006e-05	7.624e-05	4.696e-05	7.624e-05	4.696e-05	0	0	0	0	0	0	0	0	0	0	0	0	0	0	0	0	0	0	0	0	0	0	0	0	0	0	0	0	0	0	0	0	0	0	
88	9.639e-05	6.702e-05	9.639e-05	6.702e-05	2.015e-05	2.006e-05	2.015e-05	2.006e-05	7.624e-05	4.696e-05	7.624e-05	4.696e-05	0	0	0	0	0	0	0	0	0	0	0	0	0	0	0	0	0	0	0	0	0	0	0	0	0	0	0	0	0	0	0	0	0	0	
89	9.639e-05	6.702e-05	9.639e-05	6.702e-05	2.015e-05	2.006e-05	2.015e-05	2.006e-05	7.624e-05	4.696e-05	7.624e-05	4.696e-05	0	0	0	0	0	0	0	0	0	0	0	0	0	0	0	0	0	0	0	0	0	0	0	0	0	0	0	0	0	0	0	0	0	0	
90	9.639e-05	6.702e-05	9.639e-05	6.702e-05	2.015e-05	2.006e-05	2.015e-05	2.006e-05	7.624e-05	4.696e-05	7.624e-05	4.696e-05	0	0	0	0	0	0	0	0	0	0	0	0	0	0	0	0	0	0	0	0	0	0	0	0	0	0	0	0	0	0	0	0	0	0	
91	9.639e-05	6.702e-05	9.639e-05	6.702e-05	2.015e-05	2.006e-05	2.015e-05	2.006e-05	7.624e-05	4.696e-05	7.624e-05	4.696e-05	0	0	0	0	0	0	0	0	0	0	0	0	0	0	0	0	0	0	0	0	0	0	0	0	0	0	0	0	0	0	0	0	0	0	
92	9.639e-05	6.702e-05	9.639e-05	6.702e-05	2.015e-05	2.006e-05	2.015e-05	2.006e-05	7.624e-05	4.696e-05	7.624e-05	4.696e-05	0	0	0	0	0	0	0	0	0	0	0	0	0	0	0	0	0	0	0	0	0	0	0	0	0	0	0	0	0	0	0	0	0	0	
93	9.639e-05	6.702e-05	9.639e-05	6.702e-05	2.015e-05	2.006e-05	2.015e-05	2.006e-05	7.624e-05	4.696e-05	7.624e-05	4.696e-05	0	0	0	0	0	0	0	0	0	0	0	0	0	0	0	0	0	0	0	0	0	0	0	0	0	0	0	0	0	0	0	0	0	0	
94	9.639e-05	6.702e-05	9.639e-05	6.702e-05	2.015e-05	2.006e-05	2.015e-05	2.006e-05	7.624e-05	4.696e-05	7.624e-05	4.696e-05	0	0	0	0	0	0	0	0	0	0	0	0	0	0	0	0	0	0	0	0	0	0	0	0	0	0	0	0	0	0	0	0	0	0	
95	9.639e-05	6.702e-05	9.639e-05	6.702e-05	2.015e-05	2.006e-05	2.015e-05	2.006e-05	7.624e-05	4.696e-05	7.624e-05	4.696e-05	0	0	0	0	0	0	0	0	0	0	0	0	0	0	0	0	0	0	0	0	0	0	0	0	0	0	0	0	0	0	0	0	0	0	
96	9.639e-05	6.702e-05	9.639e-05	6.702e-05	2.015e-05	2.006e-05	2.015e-05	2.006e-05	7.624e-05	4.696e-05	7.624e-05	4.696e-05	0	0	0	0	0	0	0	0	0	0	0	0	0	0	0	0	0	0	0	0	0	0	0	0	0	0	0	0	0	0	0	0	0	0	
97	9.639e-05	6.702e-05	9.639e-05	6.702e-05	2.015e-05	2.006e-05	2.015e-05	2.006e-05	7.624e-05	4.696e-05	7.624e-05	4.696e-05	0	0	0	0	0	0	0	0	0	0	0	0	0	0	0	0	0	0	0	0	0	0	0	0	0	0	0	0	0	0	0	0	0	0	
98	9.639e-05	6.702e-05	9.639e-05	6.702e-05	2.015e-05	2.006e-05	2.015e-05	2.006e-05	7.624e-05	4.696e-05	7.624e-05	4.696e-05	0	0	0	0	0	0	0	0	0	0	0	0	0	0	0	0	0	0	0	0	0	0	0	0	0	0	0	0	0	0	0	0	0	0	
99	9.639e-05	6.702e-05	9.639e-05	6.702e-05	2.015e-05	2.006e-05	2.015e-05	2.006e-05	7.624e-05	4.696e-05	7.624e-05	4.696e-05	0	0	0	0	0	0	0	0	0	0	0	0	0	0	0	0	0	0	0	0	0	0	0	0	0	0	0	0	0	0	0	0	0	0	
100	9.639e-05	6.702e-05	9.639e-05	6.702e-05	2.015e-05	2.006e-05	2.015e-05	2.006e-05	7.624e-05	4.696e-05	7.624e-05	4.696e-05	0	0	0	0	0	0	0	0	0	0	0	0	0	0	0	0	0	0	0	0	0	0	0	0	0	0	0	0	0	0	0	0	0	0	
101	9.639e-05	6.702e-05	9.639e-05	6.702e-05	2.015e-05	2.006e-05	2.015e-05	2.006e-05	7.624e-05	4.696e-05	7.624e-05	4.696e-05	0	0	0	0	0	0	0	0	0	0	0	0	0	0	0	0	0	0	0	0	0	0	0	0	0	0	0	0	0	0	0	0	0	0	
102	9.639e-05	6.702e-05	9.639e-05	6.702e-05	2.015e-05	2.006e-05	2.015e-05	2.006e-05	7.624e-05	4.696e-05	7.624e-05	4.696e-05	0	0	0	0	0	0	0	0	0	0	0	0	0	0	0	0	0	0	0	0	0	0	0	0	0	0	0	0	0	0	0	0	0	0	
103	9.639e-05	6.702e-05	9.639e-05	6.702e-05	2.015e-05	2.006e-05	2.015e-05	2.006e-05	7.624e-05	4.696e-05	7.624e-05	4.696e-05	0	0	0	0	0	0	0	0	0	0	0	0	0	0	0	0	0	0	0	0	0	0	0	0	0	0	0	0	0	0	0	0	0	0	
104	9.639e-05	6.702e-05	9.639e-05	6.702e-05	2.015e-05	2.006e-05	2.015e-05	2.006e-05	7.624e-05	4.696e-05	7.624e-05	4.696e-05	0	0	0	0	0	0	0	0	0	0	0	0	0	0	0	0	0	0	0	0	0	0	0	0	0	0	0	0	0	0	0	0	0	0	
105	9.639e-05	6.702e-05	9.639e-05	6.702e-05	2.015e-05	2.006e-05	2.015e-05	2.006e-05	7.624e-05	4.696e-05	7.624e-05	4.696e-05	0	0	0	0	0	0	0	0	0	0	0	0	0	0	0	0	0	0	0	0	0	0	0	0	0	0	0	0	0	0	0	0	0	0	
106	9.639e-05	6.702e-05	9.639e-05	6.702e-05	2.015e-05	2.006e-05	2.015e-05	2.006e-05	7.624e-05	4.696e-05	7.624e-05	4.696e-05	0	0	0	0	0	0	0	0	0	0	0	0	0	0	0	0	0	0	0	0	0	0	0	0	0	0	0	0	0	0	0	0	0	0	
107	9.639e-05	6.702e-05	9.639e-05	6.702e-05	2.015e-05	2.006e-05	2.015e-05	2.006e-05	7.624e-05	4.696e-05	7.624e-05	4.696e-05	0	0	0	0	0	0	0	0	0	0	0	0	0	0	0	0	0	0	0	0	0	0	0	0	0	0	0	0	0	0	0	0	0	0	
108	9.639e-05	6.702e-05	9.639e-05	6.702e-05	2.015e-05	2.006e-05	2.015e-05	2.006e-05	7.624e-05	4.696e-05	7.624e-05	4.696e-05	0	0	0	0	0	0	0	0	0	0	0	0	0	0	0	0	0	0	0	0	0	0	0	0	0	0	0	0	0	0	0	0	0	0	
109	9.639e-05	6.702e-05	9.639e-05	6.702e-05	2.015e-05	2.006e-05	2.015e-05	2.006e-05	7.624e-05	4.696e-05	7.624e-05	4.696e-05	0	0	0	0	0	0	0	0	0	0	0	0	0	0	0	0	0	0	0	0	0	0	0	0	0	0	0	0	0	0	0	0	0	0	
110	9.639e-05	6.702e-05	9.639e-05	6.702e-05	2.015e-05	2.006e-05	2.015e-05	2.006e-05	7.624e-05	4.696e-05	7.624e-05	4.696e-05	0	0	0	0	0	0	0	0	0	0	0	0	0	0	0	0	0	0	0	0	0	0	0	0	0	0	0	0	0	0	0	0	0	0	
111	9.639e-05	6.702e-05	9.639e-05	6.702e-05	2.015e-05	2.006e-05	2.015e-05	2.006e-05	7.624e-05	4.696e-05	7.624e-05	4.696e-05	0	0	0	0	0	0	0	0	0	0	0	0	0	0	0	0	0	0	0	0	0	0	0	0	0	0	0	0	0	0	0	0	0	0	
112	9.639e-05	6.702e-05	9.639e-05	6.702e-05	2.015e-05	2.006e-05	2.015e-05	2.006e-05	7.624e-05	4.696e-05	7.624e-05	4.696e-05	0	0	0	0	0	0	0	0	0	0	0	0	0	0	0	0	0	0	0	0	0	0	0	0	0	0	0	0	0	0	0	0	0	0	
113	9.639e-05	6.702e-05	9.639e-05	6.702e-05	2.015e-05	2.006e-05	2.015e-05	2.006e-05	7.624e-05	4.696e-05	7.624e-05	4.696e-05	0	0	0	0	0	0	0	0	0	0	0	0	0	0	0	0	0	0	0	0	0	0	0	0	0	0	0	0	0	0	0	0	0	0	
114	9.639e-05	6.702e-05	9.639e-05	6.702e-05	2.015e-05	2.006e-05	2.015e-05	2.006e-05	7.624e-05	4.696e-05	7.624e-05	4.696e-05	0	0	0	0	0	0	0	0	0	0	0	0	0	0	0	0	0	0	0	0	0	0	0	0	0	0	0	0	0	0	0	0	0	0	
115	9.639e-05	6.702e-05	9.639e-05	6.702e-05	2.015e-05	2.006e-05	2.015e-05	2.006e-05	7.624e-05	4.696e-05	7.624e-05	4.696e-05	0	0	0	0	0	0	0	0	0	0	0	0	0	0	0	0	0	0	0	0	0	0	0	0	0	0	0	0	0	0	0	0	0	0	
116	9.639e-05	6.702e-05	9.639e-05	6.702e-05	2.015e-05	2.006e-05	2.015e-05	2.006e-05	7.624e-05	4.696e-05	7.624e-05	4.696e-05	0	0	0	0	0	0	0	0	0	0	0	0	0	0	0	0	0	0	0	0	0	0	0	0	0	0	0	0	0	0	0	0	0	0	
117	9.639e-05	6.702e-05	9.639e-05	6.702e-05	2.015e-05	2.006e-05	2.015e-05	2.006e-05	7.624e-05	4.696e-05	7.624e-05	4.696e-05	0	0	0	0	0	0	0	0	0	0	0	0	0	0	0	0	0	0	0	0	0	0	0	0	0	0	0	0	0	0	0	0	0	0	
118	9.639e-05	6.702e-05	9.639e-05	6.702e-05	2.015e-05	2.006e-05	2.015e-05	2.006e-05	7.624e-05	4.696e-05	7.624e-05	4.696e-05	0	0	0	0	0	0	0	0	0	0	0	0	0	0	0	0	0	0	0	0	0	0	0	0	0	0	0	0	0	0	0	0	0	0	
119	9.639e-05	6.702e-05	9.639e-05	6.702e-05	2.015e-05	2.006e-05	2.015e-05	2.006e-05	7.624e-05	4.696e-05	7.624e-05	4.696e-05	0	0	0	0	0	0	0	0	0	0	0	0	0	0	0	0	0	0	0	0	0	0	0	0	0	0	0	0	0	0	0	0	0	0	
120	9.639e-05	6.702e-05	9.639e-05	6.702e-05	2.015e-05	2.006e-05	2.015e-05	2.006e-05	7.624e-05	4.696e-05	7.624e-05	4.696e-05	0	0	0	0	0	0	0	0	0	0	0	0	0	0	0	0	0	0	0	0	0	0	0	0	0	0	0	0	0	0	0	0	0	0	
121	9.639e-05	6.702e-05	9.639e-05	6.702e-05	2.015e-05	2.006e-05	2.015e-05	2.006e-05	7.624e-05	4.696e-05	7.624e-05	4.696e-05	0	0	0	0	0	0	0	0	0	0	0	0	0	0	0	0	0	0	0	0	0	0	0	0	0	0	0	0	0	0	0	0	0	0	
122	9.639e-05	6.702e-05	9.639e-05	6.702e-05	2.015e-05	2.006e-05	2.015e-05	2.006e-05	7.624e-05	4.696e-05	7.624e-05	4.696e-05	0	0	0	0	0	0	0	0	0	0	0	0	0	0	0	0	0	0	0	0	0	0	0	0	0	0	0	0	0	0	0	0	0	0	
123	9.639e-05	6.702e-05	9.639e-05	6.702e-05	2.015e-05	2.006e-05	2.015e-05	2.006e-05	7.624e-05	4.696e-05	7.624e-05	4.696e-05	0	0	0	0	0	0	0	0	0	0	0	0	0	0	0	0	0	0	0	0	0	0	0	0	0	0	0	0	0	0	0	0	0	0	
124	9.639e-05	6.702e-05	9.639e-05	6.702e-05	2.015e-05	2.006e-05	2.015e-05	2.006e-05	7.624e-05	4.696e-05	7.624e-05	4.696e-05	0	0	0	0	0	0	0	0	0	0	0	0	0	0	0	0	0	0	0	0	0	0	0	0	0	0	0	0	0	0	0	0	0	0	
125	9.639e-05	6.702e-05	9.639e-05	6.702e-05	2.015e-05	2.006e-05	2.015e-05	2.006e-05	7.624e-05	4.696e-05	7.624e-05	4.696e-05	0	0	0	0	0	0	0	0	0	0	0	0	0	0	0	0	0	0	0	0	0	0	0	0	0	0	0	0	0	0	0	0	0	0	
126	9.639e-05	6.702e-05	9.639e-05	6.702e-05	2.015e-05	2.006e-05	2.015e-05	2.006e-05	7.624e-05	4.696e-05	7.624e-05	4.696e-05	0	0	0	0	0	0	0	0	0	0	0	0	0	0	0	0	0	0	0	0	0	0	0	0	0	0	0	0	0	0	0	0	0	0	
127	9.639e-05	6.702e-05	9.639e-05	6.702e-05	2.015e-05	2.006e-05	2.015e-05	2.006e-05	7.624e-05	4.696e-05	7.624e-05	4.696e-05	0	0	0	0	0	0	0	0	0	0	0	0	0	0	0	0	0	0	0	0	0	0	0	0	0	0	0	0	0	0	0	0	0	0	
128	9.639e-05	6.702e-05	9.639e-05	6.702e-05	2.015e-05	2.006e-05	2.015e-05	2.006e-05	7.624e-05	4.696e-05	7.624e-05	4.696e-05	0	0	0	0	0	0	0	0	0	0	0	0	0	0	0	0	0	0	0	0	0	0	0	0	0	0	0	0	0	0	0	0	0	0	
129	9.639e-05	6.702e-05	9.639e-05	6.702e-05	2.015e-05	2.006e-05	2.015e-05	2.006e-05	7.624e-05	4.696e-05	7.624e-05	4.696e-05	0	0	0	0	0	0	0	0	0	0	0	0	0	0	0	0	0	0	0	0	0	0	0	0	0	0	0	0	0	0	0	0	0	0	
130	9.639e-05	6.702e-05	9.639e-05	6.702e-05	2.015e-05	2.006e-05	2.015e-05	2.006e-05	7.624e-05	4.696e-05	7.624e-05	4.696e-05	0	0	0	0	0	0	0	0	0	0	0	0	0	0	0	0	0	0	0	0	0	0	0	0	0	0	0	0	0	0	0	0	0	0	
131	9.639e-05	6.702e-05	9.639e-05	6.702e-05	2.015e-05	2.006e-05	2.015e-05	2.006e-05	7.624e-05	4.696e-05	7.624e-05	4.696e-05	0	0	0	0	0	0	0	0	0	0	0	0	0	0	0	0	0	0	0	0	0	0	0	0	0	0	0	0	0	0	0	0	0	0	
132	9.639e-05	6.702e-05	9.639e-05	6.702e-05	2.015e-05	2.006e-05	2.015e-05	2.006e-05	7.624e-05	4.696e-05	7.624e-05	4.696e-05	0	0	0	0	0	0	0	0	0	0	0	0	0	0	0	0	0	0	0	0	0	0	0	0	0	0	0	0	0	0	0	0	0	0	
133	9.639e-05	6.702e-05	9.639e-05	6.702e-05	2.015e-05	2.006e-05	2.015e-05	2.006e-05	7.624e-05	4.696e-05	7.624e-05	4.696e-05	0	0	0	0	0	0	0	0	0	0	0	0	0	0	0	0	0	0	0	0	0	0	0	0	0	0	0	0	0	0	0	0	0	0	
134	9.639e-05	6.702e-05	9.639e-05	6.702e-05	2.015e-05	2.006e-05	2.015e-05	2.006e-05	7.624e-05	4.696e-05	7.624e-05	4.696e-05	0	0	0	0	0	0	0	0	0	0	0	0	0	0	0	0	0	0	0	0	0	0	0	0	0	0	0	0	0	0	0	0	0	0	
135	9.639e-05	6.702e-05	9.639e-05	6.702e-05	2.015e-05	2.006e-05	2.015e-05	2.006e-05	7.624e-05	4.696e-05	7.624e-05	4.696e-05	0	0	0	0	0	0	0	0	0	0	0	0	0	0	0	0	0	0	0	0	0	0	0	0	0	0	0	0	0	0	0	0	0	0	
136	9.639e-05	6.702e-05	9.639e-05	6.702e-05	2.015e-05	2.006e-05	2.015e-05	2.006e-05	7.624e-05	4.696e-05	7.624e-05	4.696e-05	0	0	0	0	0	0	0	0	0	0	0	0	0	0	0	0	0	0	0	0	0	0	0	0	0	0	0	0	0	0	0	0	0	0	
137	9.639e-05	6.702e-05	9.639e-05	6.702e-05	2.015e-05	2.006e-05	2.015e-05	2.006e-05	7.624e-05	4.696e-05	7.624e-05	4.696e-05	0	0	0	0	0	0	0	0	0	0	0	0	0	0	0	0	0	0	0	0	0	0	0	0	0	0	0	0	0	0	0	0	0	0	
138	9.639e-05	6.702e-05	9.639e-05	6.702e-05	2.015e-05	2.006e-05	2.015e-05	2.006e-05	7.624e-05	4.696e-05	7.624e-05	4.696e-05	0	0	0	0	0	0	0	0	0	0	0	0	0	0	0	0	0	0	0	0	0	0	0	0	0	0	0	0	0	0	0	0	0	0	
139	9.639e-05	6.702e-05	9.639e-05	6.702e-05	2.015e-05	2.006e-05	2.015e-05	2.006e-05	7.624e-05	4.696e-05	7.624e-05	4.696e-05	0	0	0	0	0	0	0	0	0	0	0	0	0	0	0	0	0	0	0	0	0	0	0	0	0	0	0	0	0	0	0	0	0	0	
140	9.639e-05	6.702e-05	9.639e-05	6.702e-05	2.015e-05	2.006e-05	2.015e-05	2.006e-05	7.624e-05	4.696e-05	7.624e-05	4.696e-05	0	0	0	0	0	0	0	0	0	0	0	0	0	0	0	0	0	0	0	0	0	0	0	0	0	0	0	0	0	0	0	0	0	0	
141	9.639e-05	6.702e-05	9.639e-05	6.702e-05	2.015e-05	2.006e-05	2.015e-05	2.006e-05	7.624e-05	4.696e-05	7.624e-05	4.696e-05	0	0	0	0	0	0	0	0	0	0	0	0	0	0	0	0	0	0	0	0	0	0	0	0	0	0	0	0	0	0	0	0	0	0	
142	9.639e-05	6.702e-05	9.639e-05	6.702e-05	2.015e-05	2.006e-05	2.015e-05	2.006e-05	7.624e-05	4.696e-05	7.624e-05	4.696e-05	0	0	0	0	0	0	0	0	0	0	0	0	0	0	0	0	0	0	0	0	0	0	0	0	0	0	0	0	0	0	0	0	0	0	
143	9.639e-05	6.702e-05	9.639e-05	6.702e-05	2.015e-05	2.006e-05	2.015e-05	2.006e-05	7.624e-05	4.696e-05	7.624e-05	4.696e-05	0	0	0	0	0	0	0	0	0	0	0	0	0	0	0	0	0	0	0	0	0	0	0	0	0	0	0	0	0	0	0	0	0	0	
144	9.639e-05	6.702e-05	9.639e-05	6.702e-05	2.015e-05	2.006e-05	2.015e-05	2.006e-05	7.624e-05	4.696e-05	7.624e-05	4.696e-05	0	0	0	0	0	0	0	0	0	0	0	0	0	0	0	0	0	0	0	0	0	0	0	0	0	0	0	0	0	0	0	0	0	0	
145	9.639e-05	6.702e-05	9.639e-05	6.702e-05	2.015e-05	2.006e-05	2.015e-05	2.006e-05	7.624e-05	4.696e-05	7.624e-05	4.696e-05	0	0	0	0	0	0	0	0	0	0	0	0	0	0	0	0	0	0	0	0	0	0	0	0	0	0	0	0	0	0	0	0	0	0	
146	9.639e-05	6.702e-05	9.639e-05	6.702e-05	2.015e-05	2.006e-05	2.015e-05	2.006e-05	7.624e-05	4.696e-05	7.624e-05	4.696e-05	0	0	0	0	0	0	0	0	0	0	0	0	0	0	0	0	0	0	0	0	0	0	0	0	0	0	0	0	0	0	0	0	0	0	
147	0.9974	0.008267	0.9974	0.008267	0.000283	3.352e-05	0.000283	3.352e-05	0.9971	0.008233	0.9971	0.008233	1	0	1	0	1	0	1	0	1	0	1	0	1	0	1	0	1	0	1	0	1	0	1	0	1	0	1	0	1	0	1	0	1	0	
148	9.639e-05	6.702e-05	9.639e-05	6.702e-05	2.015e-05	2.006e-05	2.015e-05	2.006e-05	7.624e-05	4.696e-05	7.624e-05	4.696e-05	0	0	0	0	0	0	0	0	0	0	0	0	0	0	0	0	0	0	0	0	0	0	0	0	0	0	0	0	0	0	0	0	0	0	
149	9.639e-05	6.702e-05	9.639e-05	6.702e-05	2.015e-05	2.006e-05	2.015e-05	2.006e-05	7.624e-05	4.696e-05	7.624e-05	4.696e-05	0	0	0	0	0	0	0	0	0	0	0	0	0	0	0	0	0	0	0	0	0	0	0	0	0	0	0	0	0	0	0	0	0	0	
150	9.639e-05	6.702e-05	9.639e-05	6.702e-05	2.015e-05	2.006e-05	2.015e-05	2.006e-05	7.624e-05	4.696e-05	7.624e-05	4.696e-05	0	0	0	0	0	0	0	0	0	0	0	0	0	0	0	0	0	0	0	0	0	0	0	0	0	0	0	0	0	0	0	0	0	0	
151	9.639e-05	6.702e-05	9.639e-05	6.702e-05	2.015e-05	2.006e-05	2.015e-05	2.006e-05	7.624e-05	4.696e-05	7.624e-05	4.696e-05	0	0	0	0	0	0	0	0	0	0	0	0	0	0	0	0	0	0	0	0	0	0	0	0	0	0	0	0	0	0	0	0	0	0	
152	9.639e-05	6.702e-05	9.639e-05	6.702e-05	2.015e-05	2.006e-05	2.015e-05	2.006e-05	7.624e-05	4.696e-05	7.624e-05	4.696e-05	0	0	0	0	0	0	0	0	0	0	0	0	0	0	0	0	0	0	0	0	0	0	0	0	0	0	0	0	0	0	0	0	0	0	
153	9.639e-05	6.702e-05	9.639e-05	6.702e-05	2.015e-05	2.006e-05	2.015e-05	2.006e-05	7.624e-05	4.696e-05	7.624e-05	4.696e-05	0	0	0	0	0	0	0	0	0	0	0	0	0	0	0	0	0	0	0	0	0	0	0	0	0	0	0	0	0	0	0	0	0	0	
154	9.639e-05	6.702e-05	9.639e-05	6.702e-05	2.015e-05	2.006e-05	2.015e-05	2.006e-05	7.624e-05	4.696e-05	7.624e-05	4.696e-05	0	0	0	0	0	0	0	0	0	0	0	0	0	0	0	0	0	0	0	0	0	0	0	0	0	0	0	0	0	0	0	0	0	0	
155	9.639e-05	6.702e-05	9.639e-05	6.702e-05	2.015e-05	2.006e-05	2.015e-05	2.006e-05	7.624e-05	4.696e-05	7.624e-05	4.696e-05	0	0	0	0	0	0	0	0	0	0	0	0	0	0	0	0	0	0	0	0	0	0	0	0	0	0	0	0	0	0	0	0	0	0	
156	9.639e-05	6.702e-05	9.639e-05	6.702e-05	2.015e-05	2.006e-05	2.015e-05	2.006e-05	7.624e-05	4.696e-05	7.624e-05	4.696e-05	0	0	0	0	0	0	0	0	0	0	0	0	0	0	0	0	0	0	0	0	0	0	0	0	0	0	0	0	0	0	0	0	0	0	
157	9.639e-05	6.702e-05	9.639e-05	6.702e-05	2.015e-05	2.006e-05	2.015e-05	2.006e-05	7.624e-05	4.696e-05	7.624e-05	4.696e-05	0	0	0	0	0	0	0	0	0	0	0	0	0	0	0	0	0	0	0	0	0	0	0	0	0	0	0	0	0	0	0	0	0	0	
158	9.639e-05	6.702e-05	9.639e-05	6.702e-05	2.015e-05	2.006e-05	2.015e-05	2.006e-05	7.624e-05	4.696e-05	7.624e-05	4.696e-05	0	0	0	0	0	0	0	0	0	0	0	0	0	0	0	0	0	0	0	0	0	0	0	0	0	0	0	0	0	0	0	0	0	0	
159	9.639e-05	6.702e-05	9.639e-05	6.702e-05	2.015e-05	2.006e-05	2.015e-05	2.006e-05	7.624e-05	4.696e-05	7.624e-05	4.696e-05	0	0	0	0	0	0	0	0	0	0	0	0	0	0	0	0	0	0	0	0	0	0	0	0	0	0	0	0	0	0	0	0	0	0	
160	9.639e-05	6.702e-05	9.639e-05	6.702e-05	2.015e-05	2.006e-05	2.015e-05	2.006e-05	7.624e-05	4.696e-05	7.624e-05	4.696e-05	0	0	0	0	0	0	0	0	0	0	0	0	0	0	0	0	0	0	0	0	0	0	0	0	0	0	0	0	0	0	0	0	0	0	
161	9.639e-05	6.702e-05	9.639e-05	6.702e-05	2.015e-05	2.006e-05	2.015e-05	2.006e-05	7.624e-05	4.696e-05	7.624e-05	4.696e-05	0	0	0	0	0	0	0	0	0	0	0	0	0	0	0	0	0	0	0	0	0	0	0	0	0	0	0	0	0	0	0	0	0	0	
162	9.639e-05	6.702e-05	9.639e-05	6.702e-05	2.015e-05	2.006e-05	2.015e-05	2.006e-05	7.624e-05	4.696e-05	7.624e-05	4.696e-05	0	0	0	0	0	0	0	0	0	0	0	0	0	0	0	0	0	0	0	0	0	0	0	0	0	0	0	0	0	0	0	0	0	0	
163	9.639e-05	6.702e-05	9.639e-05	6.702e-05	2.015e-05	2.006e-05	2.015e-05	2.006e-05	7.624e-05	4.696e-05	7.624e-05	4.696e-05	0	0	0	0	0	0	0	0	0	0	0	0	0	0	0	0	0	0	0	0	0	0	0	0	0	0	0	0	0	0	0	0	0	0	
164	0.05576	0.9846	0.05576	0.9846	0.03833	0.003526	0.03833	0.003526	0.01743	0.9811	0.01743	0.9811	0	1	0	1	0	1	0	1	0	1	0	1	0	1	0	1	0	1	0	1	0	1	0	1	0	1	0	1	0	1	0	1	0	1	
165	9.639e-05	6.702e-05	9.639e-05	6.702e-05	2.015e-05	2.006e-05	2.015e-05	2.006e-05	7.624e-05	4.696e-05	7.624e-05	4.696e-05	0	0	0	0	0	0	0	0	0	0	0	0	0	0	0	0	0	0	0	0	0	0	0	0	0	0	0	0	0	0	0	0	0	0	
166	1	0.1603	1	0.1603	0.8399	3.637e-05	0.8399	3.637e-05	0.1602	0.1602	0.1602	0.1602	2	1	2	1	1	0	1	0	1	0	1	0	1	0	1	0	1	0	1	0	1	0	1	0	1	0	1	0	1	0	0	0	0	0	
167	0.0004843	1	0.0004843	1	0.0004001	0.9997	0.0004001	0.9997	8.42e-05	0.0004075	8.42e-05	0.0004075	0	1	0	1	0	1	0	1	0	1	0	1	0	1	0	1	0	1	0	1	0	1	0	1	0	1	0	1	0	1	0	1	0	1	
168	9.684e-05	0.0001834	9.684e-05	0.0001834	2.015e-05	0.000136	2.015e-05	0.000136	7.669e-05	4.741e-05	7.669e-05	4.741e-05	0	0	0	0	0	0	0	0	0	0	0	0	0	0	0	0	0	0	0	0	0	0	0	0	0	0	0	0	0	0	0	0	0	0	
169	1	0.001483	1	0.001483	0.9986	2.241e-05	0.9986	2.241e-05	0.001431	0.00146	0.001431	0.00146	1	0	1	0	1	0	1	0	1	0	1	0	1	0	1	0	1	0	1	0	1	0	1	0	1	0	1	0	1	0	1	0	1	0	
170	9.684e-05	0.0001834	9.684e-05	0.0001834	2.015e-05	0.000136	2.015e-05	0.000136	7.669e-05	4.741e-05	7.669e-05	4.741e-05	0	0	0	0	0	0	0	0	0	0	0	0	0	0	0	0	0	0	0	0	0	0	0	0	0	0	0	0	0	0	0	0	0	0	
171	1	0.0003572	1	0.0003572	0.9999	0.0002792	0.9999	0.0002792	0.0002932	7.793e-05	0.0002932	7.793e-05	1	0	1	0	1	0	1	0	1	0	1	0	1	0	1	0	1	0	1	0	1	0	1	0	1	0	1	0	1	0	1	0	1	0	
172	9.684e-05	0.0001843	9.684e-05	0.0001843	2.015e-05	0.0001369	2.015e-05	0.0001369	7.669e-05	4.741e-05	7.669e-05	4.741e-05	0	0	0	0	0	0	0	0	0	0	0	0	0	0	0	0	0	0	0	0	0	0	0	0	0	0	0	0	0	0	0	0	0	0	
