# Rates were calculated using the expectation of the posterior rate distribution
# Prior distribution is Gamma with 4 discrete categories
# The alpha parameter 99.98
# sp.rates(j)  j= 0	0.8759	0.25
# sp.rates(j)  j= 1	0.9647	0.25
# sp.rates(j)  j= 2	1.03	0.25
# sp.rates(j)  j= 3	1.13	0.25

=========================================================================================================================================================
# POS	RATE
1	0.9997
2	1.008
3	0.9997
4	0.9997
5	0.9997
6	0.9997
7	0.9997
8	0.9997
9	0.9997
10	0.9997
11	0.9997
12	0.9997
13	0.9997
14	0.9997
15	0.9997
16	0.9997
17	0.9997
18	0.9997
19	0.9997
20	0.9997
21	0.9997
22	0.9997
23	0.9997
24	0.9997
25	1.008
26	0.9997
27	0.9997
28	0.9997
29	0.9997
30	0.9997
31	0.9997
32	0.9997
33	1.008
34	0.9997
35	0.9997
36	0.9997
37	0.9997
38	0.9997
39	0.9997
40	1.008
41	0.9997
42	0.9997
43	0.9997
44	0.9997
45	0.9997
46	0.9997
47	0.9997
48	0.9997
49	0.9997
50	0.9997
51	0.9997
52	0.9997
53	0.9997
54	0.9997
55	0.9997
56	0.9997
57	0.9997
58	0.9997
59	0.9997
60	0.9997
61	0.9997
62	0.9997
63	0.9997
64	1.008
65	0.9997
66	0.9997
67	0.9997
68	0.9997
69	0.9997
70	0.9997
71	0.9997
72	0.9997
73	0.9997
74	0.9997
75	0.9997
76	0.9997
77	0.9997
78	0.9997
79	0.9997
80	0.9997
81	0.9997
82	0.9997
83	0.9997
84	0.9997
85	0.9997
86	0.9997
87	0.9997
88	0.9997
89	0.9997
90	0.9997
91	0.9997
92	0.9997
93	0.9997
94	0.9997
95	0.9997
96	0.9997
97	0.9997
98	0.9997
99	0.9997
100	0.9997
101	0.9997
102	0.9997
103	0.9997
104	0.9997
105	0.9997
106	0.9997
107	0.9997
108	0.9997
109	0.9997
110	0.9997
111	0.9997
112	0.9997
113	0.9997
114	0.9997
115	0.9997
116	0.9997
117	0.9997
118	0.9997
119	0.9997
120	0.9997
121	0.9997
122	0.9997
123	0.9997
124	0.9997
125	0.9997
126	0.9997
127	0.9997
128	0.9997
129	0.9997
130	0.9997
131	0.9997
132	0.9997
133	0.9997
134	0.9997
135	0.9997
136	0.9997
137	0.9997
138	0.9997
139	0.9997
140	0.9997
141	0.9997
142	0.9997
143	0.9997
144	0.9997
145	0.9997
146	0.9997
147	1.008
148	0.9997
149	0.9997
150	0.9997
151	0.9997
152	0.9997
153	0.9997
154	0.9997
155	0.9997
156	0.9997
157	0.9997
158	0.9997
159	0.9997
160	0.9997
161	0.9997
162	0.9997
163	0.9997
164	1.009
165	0.9997
166	1.01
167	1.008
168	0.9997
169	1.008
170	0.9997
171	1.008
172	0.9997
# Average = 1
# Standard Deviation = 0.00213
