# Rate values were normalized to Z score (mean rate=0, +/-1 rat= +/-standard error)
# Rates were calculated using the expectation of the posterior rate distribution
# Prior distribution is Gamma with 4 discrete categories
# The alpha parameter 92.49
# sp.rates(j)  j= 0	0.8711	0.25
# sp.rates(j)  j= 1	0.9632	0.25
# sp.rates(j)  j= 2	1.031	0.25
# sp.rates(j)  j= 3	1.135	0.25

=========================================================================================================================================================
# POS	RATE
1	-0.1934
2	-0.1934
3	-0.1934
4	-0.1934
5	-0.1934
6	-0.1934
7	-0.1934
8	-0.1934
9	-0.1934
10	-0.1934
11	-0.1934
12	-0.1934
13	-0.1934
14	-0.1934
15	-0.1934
16	-0.1934
17	-0.1934
18	-0.1934
19	5.109
20	-0.1934
21	-0.1934
22	-0.1934
23	-0.1934
24	-0.1934
25	-0.1934
26	-0.1934
27	-0.1934
28	-0.1934
29	-0.1934
30	-0.1934
31	-0.1934
32	-0.1934
33	-0.1934
34	-0.1934
35	-0.1934
36	-0.1934
37	-0.1934
38	-0.1934
39	-0.1934
40	-0.1934
41	-0.1934
42	-0.1934
43	-0.1934
44	-0.1934
45	-0.1934
46	-0.1934
47	-0.1934
48	-0.1934
49	-0.1934
50	-0.1934
51	-0.1934
52	-0.1934
53	-0.1934
54	-0.1934
55	-0.1934
56	-0.1934
57	-0.1934
58	-0.1934
59	-0.1934
60	-0.1934
61	-0.1934
62	-0.1934
63	-0.1934
64	-0.1934
65	-0.1934
66	-0.1934
67	-0.1934
68	-0.1934
69	-0.1934
70	-0.1934
71	-0.1934
72	-0.1934
73	-0.1934
74	-0.1934
75	-0.1934
76	-0.1934
77	-0.1934
78	-0.1934
79	-0.1934
80	-0.1934
81	-0.1934
82	-0.1934
83	-0.1934
84	-0.1934
85	-0.1934
86	-0.1934
87	-0.1934
88	-0.1934
89	-0.1934
90	-0.1934
91	-0.1934
92	-0.1934
93	-0.1934
94	-0.1934
95	-0.1934
96	-0.1934
97	-0.1934
98	-0.1934
99	-0.1934
100	-0.1934
101	-0.1934
102	-0.1934
103	-0.1934
104	-0.1934
105	-0.1934
106	-0.1934
107	-0.1934
108	-0.1934
109	-0.1934
110	-0.1934
111	-0.1934
112	-0.1934
113	-0.1934
114	-0.1934
115	-0.1934
116	-0.1934
117	5.262
118	-0.1934
119	-0.1934
120	-0.1934
121	-0.1934
122	-0.1934
123	-0.1934
124	-0.07228
125	5.262
126	-0.07228
127	-0.1934
128	-0.1934
129	-0.1934
130	-0.1934
131	-0.1934
132	-0.1934
133	-0.1934
134	-0.1934
135	-0.1934
136	5.147
137	-0.1132
138	-0.1132
139	-0.1934
140	-0.1934
141	5.293
142	-0.1793
# Average = 1
# Standard Deviation = 0.001673
