# print count over countCutOffLow=0.1 to countCutOffHigh=0.9 with increment=0.05
POS	prob01	prob10	exp01	exp10	prob01_Rec	prob10_Rec	exp01_Rec	exp10_Rec	prob01_Anc	prob10_Anc	exp01_Anc	exp10_Anc	count01_0.1	count10_0.1	count01_0.15	count10_0.15	count01_0.2	count10_0.2	count01_0.25	count10_0.25	count01_0.3	count10_0.3	count01_0.35	count10_0.35	count01_0.4	count10_0.4	count01_0.45	count10_0.45	count01_0.5	count10_0.5	count01_0.55	count10_0.55	count01_0.6	count10_0.6	count01_0.65	count10_0.65	count01_0.7	count10_0.7	count01_0.75	count10_0.75	count01_0.8	count10_0.8	count01_0.85	count10_0.85	count01_0.9	count10_0.9	
1	1	0.0007767	1	0.0007767	0.9993	0.0007161	0.9993	0.0007161	0.0007351	6.068e-05	0.0007351	6.068e-05	1	0	1	0	1	0	1	0	1	0	1	0	1	0	1	0	1	0	1	0	1	0	1	0	1	0	1	0	1	0	1	0	1	0	
2	6.206e-05	0.0001654	6.206e-05	0.0001654	2.611e-06	0.000142	2.611e-06	0.000142	5.945e-05	2.334e-05	5.945e-05	2.334e-05	0	0	0	0	0	0	0	0	0	0	0	0	0	0	0	0	0	0	0	0	0	0	0	0	0	0	0	0	0	0	0	0	0	0	
3	6.206e-05	0.0001654	6.206e-05	0.0001654	2.611e-06	0.000142	2.611e-06	0.000142	5.945e-05	2.334e-05	5.945e-05	2.334e-05	0	0	0	0	0	0	0	0	0	0	0	0	0	0	0	0	0	0	0	0	0	0	0	0	0	0	0	0	0	0	0	0	0	0	
4	6.191e-05	2.564e-05	6.191e-05	2.564e-05	2.46e-06	2.452e-06	2.46e-06	2.452e-06	5.945e-05	2.319e-05	5.945e-05	2.319e-05	0	0	0	0	0	0	0	0	0	0	0	0	0	0	0	0	0	0	0	0	0	0	0	0	0	0	0	0	0	0	0	0	0	0	
5	6.191e-05	2.564e-05	6.191e-05	2.564e-05	2.46e-06	2.452e-06	2.46e-06	2.452e-06	5.945e-05	2.319e-05	5.945e-05	2.319e-05	0	0	0	0	0	0	0	0	0	0	0	0	0	0	0	0	0	0	0	0	0	0	0	0	0	0	0	0	0	0	0	0	0	0	
6	6.191e-05	2.564e-05	6.191e-05	2.564e-05	2.46e-06	2.452e-06	2.46e-06	2.452e-06	5.945e-05	2.319e-05	5.945e-05	2.319e-05	0	0	0	0	0	0	0	0	0	0	0	0	0	0	0	0	0	0	0	0	0	0	0	0	0	0	0	0	0	0	0	0	0	0	
7	6.191e-05	2.564e-05	6.191e-05	2.564e-05	2.46e-06	2.452e-06	2.46e-06	2.452e-06	5.945e-05	2.319e-05	5.945e-05	2.319e-05	0	0	0	0	0	0	0	0	0	0	0	0	0	0	0	0	0	0	0	0	0	0	0	0	0	0	0	0	0	0	0	0	0	0	
8	6.191e-05	2.564e-05	6.191e-05	2.564e-05	2.46e-06	2.452e-06	2.46e-06	2.452e-06	5.945e-05	2.319e-05	5.945e-05	2.319e-05	0	0	0	0	0	0	0	0	0	0	0	0	0	0	0	0	0	0	0	0	0	0	0	0	0	0	0	0	0	0	0	0	0	0	
9	6.191e-05	2.564e-05	6.191e-05	2.564e-05	2.46e-06	2.452e-06	2.46e-06	2.452e-06	5.945e-05	2.319e-05	5.945e-05	2.319e-05	0	0	0	0	0	0	0	0	0	0	0	0	0	0	0	0	0	0	0	0	0	0	0	0	0	0	0	0	0	0	0	0	0	0	
10	6.191e-05	2.564e-05	6.191e-05	2.564e-05	2.46e-06	2.452e-06	2.46e-06	2.452e-06	5.945e-05	2.319e-05	5.945e-05	2.319e-05	0	0	0	0	0	0	0	0	0	0	0	0	0	0	0	0	0	0	0	0	0	0	0	0	0	0	0	0	0	0	0	0	0	0	
11	6.191e-05	2.564e-05	6.191e-05	2.564e-05	2.46e-06	2.452e-06	2.46e-06	2.452e-06	5.945e-05	2.319e-05	5.945e-05	2.319e-05	0	0	0	0	0	0	0	0	0	0	0	0	0	0	0	0	0	0	0	0	0	0	0	0	0	0	0	0	0	0	0	0	0	0	
12	6.191e-05	2.564e-05	6.191e-05	2.564e-05	2.46e-06	2.452e-06	2.46e-06	2.452e-06	5.945e-05	2.319e-05	5.945e-05	2.319e-05	0	0	0	0	0	0	0	0	0	0	0	0	0	0	0	0	0	0	0	0	0	0	0	0	0	0	0	0	0	0	0	0	0	0	
13	6.191e-05	2.564e-05	6.191e-05	2.564e-05	2.46e-06	2.452e-06	2.46e-06	2.452e-06	5.945e-05	2.319e-05	5.945e-05	2.319e-05	0	0	0	0	0	0	0	0	0	0	0	0	0	0	0	0	0	0	0	0	0	0	0	0	0	0	0	0	0	0	0	0	0	0	
14	6.191e-05	2.564e-05	6.191e-05	2.564e-05	2.46e-06	2.452e-06	2.46e-06	2.452e-06	5.945e-05	2.319e-05	5.945e-05	2.319e-05	0	0	0	0	0	0	0	0	0	0	0	0	0	0	0	0	0	0	0	0	0	0	0	0	0	0	0	0	0	0	0	0	0	0	
15	6.191e-05	2.564e-05	6.191e-05	2.564e-05	2.46e-06	2.452e-06	2.46e-06	2.452e-06	5.945e-05	2.319e-05	5.945e-05	2.319e-05	0	0	0	0	0	0	0	0	0	0	0	0	0	0	0	0	0	0	0	0	0	0	0	0	0	0	0	0	0	0	0	0	0	0	
16	6.191e-05	2.564e-05	6.191e-05	2.564e-05	2.46e-06	2.452e-06	2.46e-06	2.452e-06	5.945e-05	2.319e-05	5.945e-05	2.319e-05	0	0	0	0	0	0	0	0	0	0	0	0	0	0	0	0	0	0	0	0	0	0	0	0	0	0	0	0	0	0	0	0	0	0	
17	6.191e-05	2.564e-05	6.191e-05	2.564e-05	2.46e-06	2.452e-06	2.46e-06	2.452e-06	5.945e-05	2.319e-05	5.945e-05	2.319e-05	0	0	0	0	0	0	0	0	0	0	0	0	0	0	0	0	0	0	0	0	0	0	0	0	0	0	0	0	0	0	0	0	0	0	
18	6.191e-05	2.564e-05	6.191e-05	2.564e-05	2.46e-06	2.452e-06	2.46e-06	2.452e-06	5.945e-05	2.319e-05	5.945e-05	2.319e-05	0	0	0	0	0	0	0	0	0	0	0	0	0	0	0	0	0	0	0	0	0	0	0	0	0	0	0	0	0	0	0	0	0	0	
19	6.191e-05	2.564e-05	6.191e-05	2.564e-05	2.46e-06	2.452e-06	2.46e-06	2.452e-06	5.945e-05	2.319e-05	5.945e-05	2.319e-05	0	0	0	0	0	0	0	0	0	0	0	0	0	0	0	0	0	0	0	0	0	0	0	0	0	0	0	0	0	0	0	0	0	0	
20	6.191e-05	2.564e-05	6.191e-05	2.564e-05	2.46e-06	2.452e-06	2.46e-06	2.452e-06	5.945e-05	2.319e-05	5.945e-05	2.319e-05	0	0	0	0	0	0	0	0	0	0	0	0	0	0	0	0	0	0	0	0	0	0	0	0	0	0	0	0	0	0	0	0	0	0	
21	6.191e-05	2.564e-05	6.191e-05	2.564e-05	2.46e-06	2.452e-06	2.46e-06	2.452e-06	5.945e-05	2.319e-05	5.945e-05	2.319e-05	0	0	0	0	0	0	0	0	0	0	0	0	0	0	0	0	0	0	0	0	0	0	0	0	0	0	0	0	0	0	0	0	0	0	
22	6.191e-05	2.564e-05	6.191e-05	2.564e-05	2.46e-06	2.452e-06	2.46e-06	2.452e-06	5.945e-05	2.319e-05	5.945e-05	2.319e-05	0	0	0	0	0	0	0	0	0	0	0	0	0	0	0	0	0	0	0	0	0	0	0	0	0	0	0	0	0	0	0	0	0	0	
23	6.191e-05	2.564e-05	6.191e-05	2.564e-05	2.46e-06	2.452e-06	2.46e-06	2.452e-06	5.945e-05	2.319e-05	5.945e-05	2.319e-05	0	0	0	0	0	0	0	0	0	0	0	0	0	0	0	0	0	0	0	0	0	0	0	0	0	0	0	0	0	0	0	0	0	0	
24	6.191e-05	2.564e-05	6.191e-05	2.564e-05	2.46e-06	2.452e-06	2.46e-06	2.452e-06	5.945e-05	2.319e-05	5.945e-05	2.319e-05	0	0	0	0	0	0	0	0	0	0	0	0	0	0	0	0	0	0	0	0	0	0	0	0	0	0	0	0	0	0	0	0	0	0	
25	6.191e-05	2.564e-05	6.191e-05	2.564e-05	2.46e-06	2.452e-06	2.46e-06	2.452e-06	5.945e-05	2.319e-05	5.945e-05	2.319e-05	0	0	0	0	0	0	0	0	0	0	0	0	0	0	0	0	0	0	0	0	0	0	0	0	0	0	0	0	0	0	0	0	0	0	
26	6.191e-05	2.564e-05	6.191e-05	2.564e-05	2.46e-06	2.452e-06	2.46e-06	2.452e-06	5.945e-05	2.319e-05	5.945e-05	2.319e-05	0	0	0	0	0	0	0	0	0	0	0	0	0	0	0	0	0	0	0	0	0	0	0	0	0	0	0	0	0	0	0	0	0	0	
27	6.191e-05	2.564e-05	6.191e-05	2.564e-05	2.46e-06	2.452e-06	2.46e-06	2.452e-06	5.945e-05	2.319e-05	5.945e-05	2.319e-05	0	0	0	0	0	0	0	0	0	0	0	0	0	0	0	0	0	0	0	0	0	0	0	0	0	0	0	0	0	0	0	0	0	0	
28	6.191e-05	2.564e-05	6.191e-05	2.564e-05	2.46e-06	2.452e-06	2.46e-06	2.452e-06	5.945e-05	2.319e-05	5.945e-05	2.319e-05	0	0	0	0	0	0	0	0	0	0	0	0	0	0	0	0	0	0	0	0	0	0	0	0	0	0	0	0	0	0	0	0	0	0	
29	6.191e-05	2.564e-05	6.191e-05	2.564e-05	2.46e-06	2.452e-06	2.46e-06	2.452e-06	5.945e-05	2.319e-05	5.945e-05	2.319e-05	0	0	0	0	0	0	0	0	0	0	0	0	0	0	0	0	0	0	0	0	0	0	0	0	0	0	0	0	0	0	0	0	0	0	
30	6.191e-05	2.564e-05	6.191e-05	2.564e-05	2.46e-06	2.452e-06	2.46e-06	2.452e-06	5.945e-05	2.319e-05	5.945e-05	2.319e-05	0	0	0	0	0	0	0	0	0	0	0	0	0	0	0	0	0	0	0	0	0	0	0	0	0	0	0	0	0	0	0	0	0	0	
31	6.191e-05	2.564e-05	6.191e-05	2.564e-05	2.46e-06	2.452e-06	2.46e-06	2.452e-06	5.945e-05	2.319e-05	5.945e-05	2.319e-05	0	0	0	0	0	0	0	0	0	0	0	0	0	0	0	0	0	0	0	0	0	0	0	0	0	0	0	0	0	0	0	0	0	0	
32	6.191e-05	2.564e-05	6.191e-05	2.564e-05	2.46e-06	2.452e-06	2.46e-06	2.452e-06	5.945e-05	2.319e-05	5.945e-05	2.319e-05	0	0	0	0	0	0	0	0	0	0	0	0	0	0	0	0	0	0	0	0	0	0	0	0	0	0	0	0	0	0	0	0	0	0	
33	6.191e-05	2.564e-05	6.191e-05	2.564e-05	2.46e-06	2.452e-06	2.46e-06	2.452e-06	5.945e-05	2.319e-05	5.945e-05	2.319e-05	0	0	0	0	0	0	0	0	0	0	0	0	0	0	0	0	0	0	0	0	0	0	0	0	0	0	0	0	0	0	0	0	0	0	
34	6.191e-05	2.564e-05	6.191e-05	2.564e-05	2.46e-06	2.452e-06	2.46e-06	2.452e-06	5.945e-05	2.319e-05	5.945e-05	2.319e-05	0	0	0	0	0	0	0	0	0	0	0	0	0	0	0	0	0	0	0	0	0	0	0	0	0	0	0	0	0	0	0	0	0	0	
35	6.191e-05	2.564e-05	6.191e-05	2.564e-05	2.46e-06	2.452e-06	2.46e-06	2.452e-06	5.945e-05	2.319e-05	5.945e-05	2.319e-05	0	0	0	0	0	0	0	0	0	0	0	0	0	0	0	0	0	0	0	0	0	0	0	0	0	0	0	0	0	0	0	0	0	0	
36	6.191e-05	2.564e-05	6.191e-05	2.564e-05	2.46e-06	2.452e-06	2.46e-06	2.452e-06	5.945e-05	2.319e-05	5.945e-05	2.319e-05	0	0	0	0	0	0	0	0	0	0	0	0	0	0	0	0	0	0	0	0	0	0	0	0	0	0	0	0	0	0	0	0	0	0	
37	6.191e-05	2.564e-05	6.191e-05	2.564e-05	2.46e-06	2.452e-06	2.46e-06	2.452e-06	5.945e-05	2.319e-05	5.945e-05	2.319e-05	0	0	0	0	0	0	0	0	0	0	0	0	0	0	0	0	0	0	0	0	0	0	0	0	0	0	0	0	0	0	0	0	0	0	
38	6.191e-05	2.564e-05	6.191e-05	2.564e-05	2.46e-06	2.452e-06	2.46e-06	2.452e-06	5.945e-05	2.319e-05	5.945e-05	2.319e-05	0	0	0	0	0	0	0	0	0	0	0	0	0	0	0	0	0	0	0	0	0	0	0	0	0	0	0	0	0	0	0	0	0	0	
39	6.191e-05	2.564e-05	6.191e-05	2.564e-05	2.46e-06	2.452e-06	2.46e-06	2.452e-06	5.945e-05	2.319e-05	5.945e-05	2.319e-05	0	0	0	0	0	0	0	0	0	0	0	0	0	0	0	0	0	0	0	0	0	0	0	0	0	0	0	0	0	0	0	0	0	0	
40	6.191e-05	2.564e-05	6.191e-05	2.564e-05	2.46e-06	2.452e-06	2.46e-06	2.452e-06	5.945e-05	2.319e-05	5.945e-05	2.319e-05	0	0	0	0	0	0	0	0	0	0	0	0	0	0	0	0	0	0	0	0	0	0	0	0	0	0	0	0	0	0	0	0	0	0	
41	6.191e-05	2.564e-05	6.191e-05	2.564e-05	2.46e-06	2.452e-06	2.46e-06	2.452e-06	5.945e-05	2.319e-05	5.945e-05	2.319e-05	0	0	0	0	0	0	0	0	0	0	0	0	0	0	0	0	0	0	0	0	0	0	0	0	0	0	0	0	0	0	0	0	0	0	
42	6.191e-05	2.564e-05	6.191e-05	2.564e-05	2.46e-06	2.452e-06	2.46e-06	2.452e-06	5.945e-05	2.319e-05	5.945e-05	2.319e-05	0	0	0	0	0	0	0	0	0	0	0	0	0	0	0	0	0	0	0	0	0	0	0	0	0	0	0	0	0	0	0	0	0	0	
43	6.191e-05	2.564e-05	6.191e-05	2.564e-05	2.46e-06	2.452e-06	2.46e-06	2.452e-06	5.945e-05	2.319e-05	5.945e-05	2.319e-05	0	0	0	0	0	0	0	0	0	0	0	0	0	0	0	0	0	0	0	0	0	0	0	0	0	0	0	0	0	0	0	0	0	0	
44	6.191e-05	2.564e-05	6.191e-05	2.564e-05	2.46e-06	2.452e-06	2.46e-06	2.452e-06	5.945e-05	2.319e-05	5.945e-05	2.319e-05	0	0	0	0	0	0	0	0	0	0	0	0	0	0	0	0	0	0	0	0	0	0	0	0	0	0	0	0	0	0	0	0	0	0	
45	6.191e-05	2.564e-05	6.191e-05	2.564e-05	2.46e-06	2.452e-06	2.46e-06	2.452e-06	5.945e-05	2.319e-05	5.945e-05	2.319e-05	0	0	0	0	0	0	0	0	0	0	0	0	0	0	0	0	0	0	0	0	0	0	0	0	0	0	0	0	0	0	0	0	0	0	
46	6.191e-05	2.564e-05	6.191e-05	2.564e-05	2.46e-06	2.452e-06	2.46e-06	2.452e-06	5.945e-05	2.319e-05	5.945e-05	2.319e-05	0	0	0	0	0	0	0	0	0	0	0	0	0	0	0	0	0	0	0	0	0	0	0	0	0	0	0	0	0	0	0	0	0	0	
47	0.0008484	1.001	0.0008484	1.001	0.0007813	0.0009564	0.0007813	0.0009564	6.704e-05	1	6.704e-05	1	0	1	0	1	0	1	0	1	0	1	0	1	0	1	0	1	0	1	0	1	0	1	0	1	0	1	0	1	0	1	0	1	0	1	
48	0.004907	0.01121	0.004907	0.01121	2.04e-05	0.003787	2.04e-05	0.003787	0.004887	0.007424	0.004887	0.007424	0	0	0	0	0	0	0	0	0	0	0	0	0	0	0	0	0	0	0	0	0	0	0	0	0	0	0	0	0	0	0	0	0	0	
49	6.191e-05	2.564e-05	6.191e-05	2.564e-05	2.46e-06	2.452e-06	2.46e-06	2.452e-06	5.945e-05	2.319e-05	5.945e-05	2.319e-05	0	0	0	0	0	0	0	0	0	0	0	0	0	0	0	0	0	0	0	0	0	0	0	0	0	0	0	0	0	0	0	0	0	0	
50	6.191e-05	2.564e-05	6.191e-05	2.564e-05	2.46e-06	2.452e-06	2.46e-06	2.452e-06	5.945e-05	2.319e-05	5.945e-05	2.319e-05	0	0	0	0	0	0	0	0	0	0	0	0	0	0	0	0	0	0	0	0	0	0	0	0	0	0	0	0	0	0	0	0	0	0	
51	6.191e-05	2.564e-05	6.191e-05	2.564e-05	2.46e-06	2.452e-06	2.46e-06	2.452e-06	5.945e-05	2.319e-05	5.945e-05	2.319e-05	0	0	0	0	0	0	0	0	0	0	0	0	0	0	0	0	0	0	0	0	0	0	0	0	0	0	0	0	0	0	0	0	0	0	
52	6.191e-05	2.564e-05	6.191e-05	2.564e-05	2.46e-06	2.452e-06	2.46e-06	2.452e-06	5.945e-05	2.319e-05	5.945e-05	2.319e-05	0	0	0	0	0	0	0	0	0	0	0	0	0	0	0	0	0	0	0	0	0	0	0	0	0	0	0	0	0	0	0	0	0	0	
53	6.191e-05	2.564e-05	6.191e-05	2.564e-05	2.46e-06	2.452e-06	2.46e-06	2.452e-06	5.945e-05	2.319e-05	5.945e-05	2.319e-05	0	0	0	0	0	0	0	0	0	0	0	0	0	0	0	0	0	0	0	0	0	0	0	0	0	0	0	0	0	0	0	0	0	0	
54	0.9946	0.01843	0.9946	0.01843	3.965e-06	6.05e-06	3.965e-06	6.05e-06	0.9946	0.01842	0.9946	0.01842	1	0	1	0	1	0	1	0	1	0	1	0	1	0	1	0	1	0	1	0	1	0	1	0	1	0	1	0	1	0	1	0	1	0	
55	0.0001012	0.008379	0.0001012	0.008379	1.33e-05	0.003952	1.33e-05	0.003952	8.795e-05	0.004427	8.795e-05	0.004427	0	0	0	0	0	0	0	0	0	0	0	0	0	0	0	0	0	0	0	0	0	0	0	0	0	0	0	0	0	0	0	0	0	0	
56	6.191e-05	2.564e-05	6.191e-05	2.564e-05	2.46e-06	2.452e-06	2.46e-06	2.452e-06	5.945e-05	2.319e-05	5.945e-05	2.319e-05	0	0	0	0	0	0	0	0	0	0	0	0	0	0	0	0	0	0	0	0	0	0	0	0	0	0	0	0	0	0	0	0	0	0	
57	6.191e-05	2.564e-05	6.191e-05	2.564e-05	2.46e-06	2.452e-06	2.46e-06	2.452e-06	5.945e-05	2.319e-05	5.945e-05	2.319e-05	0	0	0	0	0	0	0	0	0	0	0	0	0	0	0	0	0	0	0	0	0	0	0	0	0	0	0	0	0	0	0	0	0	0	
58	6.191e-05	2.564e-05	6.191e-05	2.564e-05	2.46e-06	2.452e-06	2.46e-06	2.452e-06	5.945e-05	2.319e-05	5.945e-05	2.319e-05	0	0	0	0	0	0	0	0	0	0	0	0	0	0	0	0	0	0	0	0	0	0	0	0	0	0	0	0	0	0	0	0	0	0	
59	6.191e-05	2.564e-05	6.191e-05	2.564e-05	2.46e-06	2.452e-06	2.46e-06	2.452e-06	5.945e-05	2.319e-05	5.945e-05	2.319e-05	0	0	0	0	0	0	0	0	0	0	0	0	0	0	0	0	0	0	0	0	0	0	0	0	0	0	0	0	0	0	0	0	0	0	
60	6.191e-05	2.564e-05	6.191e-05	2.564e-05	2.46e-06	2.452e-06	2.46e-06	2.452e-06	5.945e-05	2.319e-05	5.945e-05	2.319e-05	0	0	0	0	0	0	0	0	0	0	0	0	0	0	0	0	0	0	0	0	0	0	0	0	0	0	0	0	0	0	0	0	0	0	
61	6.191e-05	2.564e-05	6.191e-05	2.564e-05	2.46e-06	2.452e-06	2.46e-06	2.452e-06	5.945e-05	2.319e-05	5.945e-05	2.319e-05	0	0	0	0	0	0	0	0	0	0	0	0	0	0	0	0	0	0	0	0	0	0	0	0	0	0	0	0	0	0	0	0	0	0	
62	6.191e-05	2.564e-05	6.191e-05	2.564e-05	2.46e-06	2.452e-06	2.46e-06	2.452e-06	5.945e-05	2.319e-05	5.945e-05	2.319e-05	0	0	0	0	0	0	0	0	0	0	0	0	0	0	0	0	0	0	0	0	0	0	0	0	0	0	0	0	0	0	0	0	0	0	
63	6.191e-05	2.564e-05	6.191e-05	2.564e-05	2.46e-06	2.452e-06	2.46e-06	2.452e-06	5.945e-05	2.319e-05	5.945e-05	2.319e-05	0	0	0	0	0	0	0	0	0	0	0	0	0	0	0	0	0	0	0	0	0	0	0	0	0	0	0	0	0	0	0	0	0	0	
64	6.191e-05	2.564e-05	6.191e-05	2.564e-05	2.46e-06	2.452e-06	2.46e-06	2.452e-06	5.945e-05	2.319e-05	5.945e-05	2.319e-05	0	0	0	0	0	0	0	0	0	0	0	0	0	0	0	0	0	0	0	0	0	0	0	0	0	0	0	0	0	0	0	0	0	0	
65	6.191e-05	2.564e-05	6.191e-05	2.564e-05	2.46e-06	2.452e-06	2.46e-06	2.452e-06	5.945e-05	2.319e-05	5.945e-05	2.319e-05	0	0	0	0	0	0	0	0	0	0	0	0	0	0	0	0	0	0	0	0	0	0	0	0	0	0	0	0	0	0	0	0	0	0	
66	6.191e-05	2.564e-05	6.191e-05	2.564e-05	2.46e-06	2.452e-06	2.46e-06	2.452e-06	5.945e-05	2.319e-05	5.945e-05	2.319e-05	0	0	0	0	0	0	0	0	0	0	0	0	0	0	0	0	0	0	0	0	0	0	0	0	0	0	0	0	0	0	0	0	0	0	
67	6.191e-05	2.564e-05	6.191e-05	2.564e-05	2.46e-06	2.452e-06	2.46e-06	2.452e-06	5.945e-05	2.319e-05	5.945e-05	2.319e-05	0	0	0	0	0	0	0	0	0	0	0	0	0	0	0	0	0	0	0	0	0	0	0	0	0	0	0	0	0	0	0	0	0	0	
68	6.191e-05	2.564e-05	6.191e-05	2.564e-05	2.46e-06	2.452e-06	2.46e-06	2.452e-06	5.945e-05	2.319e-05	5.945e-05	2.319e-05	0	0	0	0	0	0	0	0	0	0	0	0	0	0	0	0	0	0	0	0	0	0	0	0	0	0	0	0	0	0	0	0	0	0	
69	6.191e-05	2.564e-05	6.191e-05	2.564e-05	2.46e-06	2.452e-06	2.46e-06	2.452e-06	5.945e-05	2.319e-05	5.945e-05	2.319e-05	0	0	0	0	0	0	0	0	0	0	0	0	0	0	0	0	0	0	0	0	0	0	0	0	0	0	0	0	0	0	0	0	0	0	
70	6.191e-05	2.564e-05	6.191e-05	2.564e-05	2.46e-06	2.452e-06	2.46e-06	2.452e-06	5.945e-05	2.319e-05	5.945e-05	2.319e-05	0	0	0	0	0	0	0	0	0	0	0	0	0	0	0	0	0	0	0	0	0	0	0	0	0	0	0	0	0	0	0	0	0	0	
71	6.191e-05	2.564e-05	6.191e-05	2.564e-05	2.46e-06	2.452e-06	2.46e-06	2.452e-06	5.945e-05	2.319e-05	5.945e-05	2.319e-05	0	0	0	0	0	0	0	0	0	0	0	0	0	0	0	0	0	0	0	0	0	0	0	0	0	0	0	0	0	0	0	0	0	0	
72	6.191e-05	2.564e-05	6.191e-05	2.564e-05	2.46e-06	2.452e-06	2.46e-06	2.452e-06	5.945e-05	2.319e-05	5.945e-05	2.319e-05	0	0	0	0	0	0	0	0	0	0	0	0	0	0	0	0	0	0	0	0	0	0	0	0	0	0	0	0	0	0	0	0	0	0	
73	6.191e-05	2.564e-05	6.191e-05	2.564e-05	2.46e-06	2.452e-06	2.46e-06	2.452e-06	5.945e-05	2.319e-05	5.945e-05	2.319e-05	0	0	0	0	0	0	0	0	0	0	0	0	0	0	0	0	0	0	0	0	0	0	0	0	0	0	0	0	0	0	0	0	0	0	
74	6.191e-05	2.564e-05	6.191e-05	2.564e-05	2.46e-06	2.452e-06	2.46e-06	2.452e-06	5.945e-05	2.319e-05	5.945e-05	2.319e-05	0	0	0	0	0	0	0	0	0	0	0	0	0	0	0	0	0	0	0	0	0	0	0	0	0	0	0	0	0	0	0	0	0	0	
75	6.191e-05	2.564e-05	6.191e-05	2.564e-05	2.46e-06	2.452e-06	2.46e-06	2.452e-06	5.945e-05	2.319e-05	5.945e-05	2.319e-05	0	0	0	0	0	0	0	0	0	0	0	0	0	0	0	0	0	0	0	0	0	0	0	0	0	0	0	0	0	0	0	0	0	0	
76	6.191e-05	2.564e-05	6.191e-05	2.564e-05	2.46e-06	2.452e-06	2.46e-06	2.452e-06	5.945e-05	2.319e-05	5.945e-05	2.319e-05	0	0	0	0	0	0	0	0	0	0	0	0	0	0	0	0	0	0	0	0	0	0	0	0	0	0	0	0	0	0	0	0	0	0	
77	6.191e-05	2.564e-05	6.191e-05	2.564e-05	2.46e-06	2.452e-06	2.46e-06	2.452e-06	5.945e-05	2.319e-05	5.945e-05	2.319e-05	0	0	0	0	0	0	0	0	0	0	0	0	0	0	0	0	0	0	0	0	0	0	0	0	0	0	0	0	0	0	0	0	0	0	
78	6.191e-05	2.564e-05	6.191e-05	2.564e-05	2.46e-06	2.452e-06	2.46e-06	2.452e-06	5.945e-05	2.319e-05	5.945e-05	2.319e-05	0	0	0	0	0	0	0	0	0	0	0	0	0	0	0	0	0	0	0	0	0	0	0	0	0	0	0	0	0	0	0	0	0	0	
79	6.191e-05	2.564e-05	6.191e-05	2.564e-05	2.46e-06	2.452e-06	2.46e-06	2.452e-06	5.945e-05	2.319e-05	5.945e-05	2.319e-05	0	0	0	0	0	0	0	0	0	0	0	0	0	0	0	0	0	0	0	0	0	0	0	0	0	0	0	0	0	0	0	0	0	0	
80	6.191e-05	2.564e-05	6.191e-05	2.564e-05	2.46e-06	2.452e-06	2.46e-06	2.452e-06	5.945e-05	2.319e-05	5.945e-05	2.319e-05	0	0	0	0	0	0	0	0	0	0	0	0	0	0	0	0	0	0	0	0	0	0	0	0	0	0	0	0	0	0	0	0	0	0	
81	6.191e-05	2.564e-05	6.191e-05	2.564e-05	2.46e-06	2.452e-06	2.46e-06	2.452e-06	5.945e-05	2.319e-05	5.945e-05	2.319e-05	0	0	0	0	0	0	0	0	0	0	0	0	0	0	0	0	0	0	0	0	0	0	0	0	0	0	0	0	0	0	0	0	0	0	
82	6.191e-05	2.564e-05	6.191e-05	2.564e-05	2.46e-06	2.452e-06	2.46e-06	2.452e-06	5.945e-05	2.319e-05	5.945e-05	2.319e-05	0	0	0	0	0	0	0	0	0	0	0	0	0	0	0	0	0	0	0	0	0	0	0	0	0	0	0	0	0	0	0	0	0	0	
83	6.191e-05	2.564e-05	6.191e-05	2.564e-05	2.46e-06	2.452e-06	2.46e-06	2.452e-06	5.945e-05	2.319e-05	5.945e-05	2.319e-05	0	0	0	0	0	0	0	0	0	0	0	0	0	0	0	0	0	0	0	0	0	0	0	0	0	0	0	0	0	0	0	0	0	0	
84	6.191e-05	2.564e-05	6.191e-05	2.564e-05	2.46e-06	2.452e-06	2.46e-06	2.452e-06	5.945e-05	2.319e-05	5.945e-05	2.319e-05	0	0	0	0	0	0	0	0	0	0	0	0	0	0	0	0	0	0	0	0	0	0	0	0	0	0	0	0	0	0	0	0	0	0	
85	6.191e-05	2.564e-05	6.191e-05	2.564e-05	2.46e-06	2.452e-06	2.46e-06	2.452e-06	5.945e-05	2.319e-05	5.945e-05	2.319e-05	0	0	0	0	0	0	0	0	0	0	0	0	0	0	0	0	0	0	0	0	0	0	0	0	0	0	0	0	0	0	0	0	0	0	
86	6.191e-05	2.564e-05	6.191e-05	2.564e-05	2.46e-06	2.452e-06	2.46e-06	2.452e-06	5.945e-05	2.319e-05	5.945e-05	2.319e-05	0	0	0	0	0	0	0	0	0	0	0	0	0	0	0	0	0	0	0	0	0	0	0	0	0	0	0	0	0	0	0	0	0	0	
87	6.191e-05	2.564e-05	6.191e-05	2.564e-05	2.46e-06	2.452e-06	2.46e-06	2.452e-06	5.945e-05	2.319e-05	5.945e-05	2.319e-05	0	0	0	0	0	0	0	0	0	0	0	0	0	0	0	0	0	0	0	0	0	0	0	0	0	0	0	0	0	0	0	0	0	0	
88	6.191e-05	2.564e-05	6.191e-05	2.564e-05	2.46e-06	2.452e-06	2.46e-06	2.452e-06	5.945e-05	2.319e-05	5.945e-05	2.319e-05	0	0	0	0	0	0	0	0	0	0	0	0	0	0	0	0	0	0	0	0	0	0	0	0	0	0	0	0	0	0	0	0	0	0	
89	6.191e-05	2.564e-05	6.191e-05	2.564e-05	2.46e-06	2.452e-06	2.46e-06	2.452e-06	5.945e-05	2.319e-05	5.945e-05	2.319e-05	0	0	0	0	0	0	0	0	0	0	0	0	0	0	0	0	0	0	0	0	0	0	0	0	0	0	0	0	0	0	0	0	0	0	
90	6.191e-05	2.564e-05	6.191e-05	2.564e-05	2.46e-06	2.452e-06	2.46e-06	2.452e-06	5.945e-05	2.319e-05	5.945e-05	2.319e-05	0	0	0	0	0	0	0	0	0	0	0	0	0	0	0	0	0	0	0	0	0	0	0	0	0	0	0	0	0	0	0	0	0	0	
91	6.191e-05	2.564e-05	6.191e-05	2.564e-05	2.46e-06	2.452e-06	2.46e-06	2.452e-06	5.945e-05	2.319e-05	5.945e-05	2.319e-05	0	0	0	0	0	0	0	0	0	0	0	0	0	0	0	0	0	0	0	0	0	0	0	0	0	0	0	0	0	0	0	0	0	0	
92	6.191e-05	2.564e-05	6.191e-05	2.564e-05	2.46e-06	2.452e-06	2.46e-06	2.452e-06	5.945e-05	2.319e-05	5.945e-05	2.319e-05	0	0	0	0	0	0	0	0	0	0	0	0	0	0	0	0	0	0	0	0	0	0	0	0	0	0	0	0	0	0	0	0	0	0	
93	6.191e-05	2.564e-05	6.191e-05	2.564e-05	2.46e-06	2.452e-06	2.46e-06	2.452e-06	5.945e-05	2.319e-05	5.945e-05	2.319e-05	0	0	0	0	0	0	0	0	0	0	0	0	0	0	0	0	0	0	0	0	0	0	0	0	0	0	0	0	0	0	0	0	0	0	
94	6.191e-05	2.564e-05	6.191e-05	2.564e-05	2.46e-06	2.452e-06	2.46e-06	2.452e-06	5.945e-05	2.319e-05	5.945e-05	2.319e-05	0	0	0	0	0	0	0	0	0	0	0	0	0	0	0	0	0	0	0	0	0	0	0	0	0	0	0	0	0	0	0	0	0	0	
95	6.191e-05	2.564e-05	6.191e-05	2.564e-05	2.46e-06	2.452e-06	2.46e-06	2.452e-06	5.945e-05	2.319e-05	5.945e-05	2.319e-05	0	0	0	0	0	0	0	0	0	0	0	0	0	0	0	0	0	0	0	0	0	0	0	0	0	0	0	0	0	0	0	0	0	0	
96	6.191e-05	2.564e-05	6.191e-05	2.564e-05	2.46e-06	2.452e-06	2.46e-06	2.452e-06	5.945e-05	2.319e-05	5.945e-05	2.319e-05	0	0	0	0	0	0	0	0	0	0	0	0	0	0	0	0	0	0	0	0	0	0	0	0	0	0	0	0	0	0	0	0	0	0	
97	6.191e-05	2.564e-05	6.191e-05	2.564e-05	2.46e-06	2.452e-06	2.46e-06	2.452e-06	5.945e-05	2.319e-05	5.945e-05	2.319e-05	0	0	0	0	0	0	0	0	0	0	0	0	0	0	0	0	0	0	0	0	0	0	0	0	0	0	0	0	0	0	0	0	0	0	
98	6.191e-05	2.564e-05	6.191e-05	2.564e-05	2.46e-06	2.452e-06	2.46e-06	2.452e-06	5.945e-05	2.319e-05	5.945e-05	2.319e-05	0	0	0	0	0	0	0	0	0	0	0	0	0	0	0	0	0	0	0	0	0	0	0	0	0	0	0	0	0	0	0	0	0	0	
99	6.191e-05	2.564e-05	6.191e-05	2.564e-05	2.46e-06	2.452e-06	2.46e-06	2.452e-06	5.945e-05	2.319e-05	5.945e-05	2.319e-05	0	0	0	0	0	0	0	0	0	0	0	0	0	0	0	0	0	0	0	0	0	0	0	0	0	0	0	0	0	0	0	0	0	0	
100	6.191e-05	2.564e-05	6.191e-05	2.564e-05	2.46e-06	2.452e-06	2.46e-06	2.452e-06	5.945e-05	2.319e-05	5.945e-05	2.319e-05	0	0	0	0	0	0	0	0	0	0	0	0	0	0	0	0	0	0	0	0	0	0	0	0	0	0	0	0	0	0	0	0	0	0	
101	6.191e-05	2.564e-05	6.191e-05	2.564e-05	2.46e-06	2.452e-06	2.46e-06	2.452e-06	5.945e-05	2.319e-05	5.945e-05	2.319e-05	0	0	0	0	0	0	0	0	0	0	0	0	0	0	0	0	0	0	0	0	0	0	0	0	0	0	0	0	0	0	0	0	0	0	
102	6.191e-05	2.564e-05	6.191e-05	2.564e-05	2.46e-06	2.452e-06	2.46e-06	2.452e-06	5.945e-05	2.319e-05	5.945e-05	2.319e-05	0	0	0	0	0	0	0	0	0	0	0	0	0	0	0	0	0	0	0	0	0	0	0	0	0	0	0	0	0	0	0	0	0	0	
103	6.191e-05	2.564e-05	6.191e-05	2.564e-05	2.46e-06	2.452e-06	2.46e-06	2.452e-06	5.945e-05	2.319e-05	5.945e-05	2.319e-05	0	0	0	0	0	0	0	0	0	0	0	0	0	0	0	0	0	0	0	0	0	0	0	0	0	0	0	0	0	0	0	0	0	0	
104	6.191e-05	2.564e-05	6.191e-05	2.564e-05	2.46e-06	2.452e-06	2.46e-06	2.452e-06	5.945e-05	2.319e-05	5.945e-05	2.319e-05	0	0	0	0	0	0	0	0	0	0	0	0	0	0	0	0	0	0	0	0	0	0	0	0	0	0	0	0	0	0	0	0	0	0	
105	6.191e-05	2.564e-05	6.191e-05	2.564e-05	2.46e-06	2.452e-06	2.46e-06	2.452e-06	5.945e-05	2.319e-05	5.945e-05	2.319e-05	0	0	0	0	0	0	0	0	0	0	0	0	0	0	0	0	0	0	0	0	0	0	0	0	0	0	0	0	0	0	0	0	0	0	
106	6.191e-05	2.564e-05	6.191e-05	2.564e-05	2.46e-06	2.452e-06	2.46e-06	2.452e-06	5.945e-05	2.319e-05	5.945e-05	2.319e-05	0	0	0	0	0	0	0	0	0	0	0	0	0	0	0	0	0	0	0	0	0	0	0	0	0	0	0	0	0	0	0	0	0	0	
107	6.191e-05	2.564e-05	6.191e-05	2.564e-05	2.46e-06	2.452e-06	2.46e-06	2.452e-06	5.945e-05	2.319e-05	5.945e-05	2.319e-05	0	0	0	0	0	0	0	0	0	0	0	0	0	0	0	0	0	0	0	0	0	0	0	0	0	0	0	0	0	0	0	0	0	0	
108	6.191e-05	2.564e-05	6.191e-05	2.564e-05	2.46e-06	2.452e-06	2.46e-06	2.452e-06	5.945e-05	2.319e-05	5.945e-05	2.319e-05	0	0	0	0	0	0	0	0	0	0	0	0	0	0	0	0	0	0	0	0	0	0	0	0	0	0	0	0	0	0	0	0	0	0	
109	6.191e-05	2.564e-05	6.191e-05	2.564e-05	2.46e-06	2.452e-06	2.46e-06	2.452e-06	5.945e-05	2.319e-05	5.945e-05	2.319e-05	0	0	0	0	0	0	0	0	0	0	0	0	0	0	0	0	0	0	0	0	0	0	0	0	0	0	0	0	0	0	0	0	0	0	
110	6.191e-05	2.564e-05	6.191e-05	2.564e-05	2.46e-06	2.452e-06	2.46e-06	2.452e-06	5.945e-05	2.319e-05	5.945e-05	2.319e-05	0	0	0	0	0	0	0	0	0	0	0	0	0	0	0	0	0	0	0	0	0	0	0	0	0	0	0	0	0	0	0	0	0	0	
111	6.191e-05	2.564e-05	6.191e-05	2.564e-05	2.46e-06	2.452e-06	2.46e-06	2.452e-06	5.945e-05	2.319e-05	5.945e-05	2.319e-05	0	0	0	0	0	0	0	0	0	0	0	0	0	0	0	0	0	0	0	0	0	0	0	0	0	0	0	0	0	0	0	0	0	0	
112	6.191e-05	2.564e-05	6.191e-05	2.564e-05	2.46e-06	2.452e-06	2.46e-06	2.452e-06	5.945e-05	2.319e-05	5.945e-05	2.319e-05	0	0	0	0	0	0	0	0	0	0	0	0	0	0	0	0	0	0	0	0	0	0	0	0	0	0	0	0	0	0	0	0	0	0	
113	6.191e-05	2.564e-05	6.191e-05	2.564e-05	2.46e-06	2.452e-06	2.46e-06	2.452e-06	5.945e-05	2.319e-05	5.945e-05	2.319e-05	0	0	0	0	0	0	0	0	0	0	0	0	0	0	0	0	0	0	0	0	0	0	0	0	0	0	0	0	0	0	0	0	0	0	
114	6.191e-05	2.564e-05	6.191e-05	2.564e-05	2.46e-06	2.452e-06	2.46e-06	2.452e-06	5.945e-05	2.319e-05	5.945e-05	2.319e-05	0	0	0	0	0	0	0	0	0	0	0	0	0	0	0	0	0	0	0	0	0	0	0	0	0	0	0	0	0	0	0	0	0	0	
115	6.191e-05	2.564e-05	6.191e-05	2.564e-05	2.46e-06	2.452e-06	2.46e-06	2.452e-06	5.945e-05	2.319e-05	5.945e-05	2.319e-05	0	0	0	0	0	0	0	0	0	0	0	0	0	0	0	0	0	0	0	0	0	0	0	0	0	0	0	0	0	0	0	0	0	0	
116	6.191e-05	2.564e-05	6.191e-05	2.564e-05	2.46e-06	2.452e-06	2.46e-06	2.452e-06	5.945e-05	2.319e-05	5.945e-05	2.319e-05	0	0	0	0	0	0	0	0	0	0	0	0	0	0	0	0	0	0	0	0	0	0	0	0	0	0	0	0	0	0	0	0	0	0	
117	6.191e-05	2.564e-05	6.191e-05	2.564e-05	2.46e-06	2.452e-06	2.46e-06	2.452e-06	5.945e-05	2.319e-05	5.945e-05	2.319e-05	0	0	0	0	0	0	0	0	0	0	0	0	0	0	0	0	0	0	0	0	0	0	0	0	0	0	0	0	0	0	0	0	0	0	
118	6.191e-05	2.564e-05	6.191e-05	2.564e-05	2.46e-06	2.452e-06	2.46e-06	2.452e-06	5.945e-05	2.319e-05	5.945e-05	2.319e-05	0	0	0	0	0	0	0	0	0	0	0	0	0	0	0	0	0	0	0	0	0	0	0	0	0	0	0	0	0	0	0	0	0	0	
119	6.191e-05	2.564e-05	6.191e-05	2.564e-05	2.46e-06	2.452e-06	2.46e-06	2.452e-06	5.945e-05	2.319e-05	5.945e-05	2.319e-05	0	0	0	0	0	0	0	0	0	0	0	0	0	0	0	0	0	0	0	0	0	0	0	0	0	0	0	0	0	0	0	0	0	0	
120	0.9946	0.01843	0.9946	0.01843	3.965e-06	6.05e-06	3.965e-06	6.05e-06	0.9946	0.01842	0.9946	0.01842	1	0	1	0	1	0	1	0	1	0	1	0	1	0	1	0	1	0	1	0	1	0	1	0	1	0	1	0	1	0	1	0	1	0	
121	0.0001012	0.008379	0.0001012	0.008379	1.33e-05	0.003952	1.33e-05	0.003952	8.795e-05	0.004427	8.795e-05	0.004427	0	0	0	0	0	0	0	0	0	0	0	0	0	0	0	0	0	0	0	0	0	0	0	0	0	0	0	0	0	0	0	0	0	0	
122	0.0001012	0.008379	0.0001012	0.008379	1.33e-05	0.003952	1.33e-05	0.003952	8.795e-05	0.004427	8.795e-05	0.004427	0	0	0	0	0	0	0	0	0	0	0	0	0	0	0	0	0	0	0	0	0	0	0	0	0	0	0	0	0	0	0	0	0	0	
123	0.0001012	0.008379	0.0001012	0.008379	1.33e-05	0.003952	1.33e-05	0.003952	8.795e-05	0.004427	8.795e-05	0.004427	0	0	0	0	0	0	0	0	0	0	0	0	0	0	0	0	0	0	0	0	0	0	0	0	0	0	0	0	0	0	0	0	0	0	
124	6.191e-05	2.564e-05	6.191e-05	2.564e-05	2.46e-06	2.452e-06	2.46e-06	2.452e-06	5.945e-05	2.319e-05	5.945e-05	2.319e-05	0	0	0	0	0	0	0	0	0	0	0	0	0	0	0	0	0	0	0	0	0	0	0	0	0	0	0	0	0	0	0	0	0	0	
125	6.191e-05	2.564e-05	6.191e-05	2.564e-05	2.46e-06	2.452e-06	2.46e-06	2.452e-06	5.945e-05	2.319e-05	5.945e-05	2.319e-05	0	0	0	0	0	0	0	0	0	0	0	0	0	0	0	0	0	0	0	0	0	0	0	0	0	0	0	0	0	0	0	0	0	0	
126	6.191e-05	2.564e-05	6.191e-05	2.564e-05	2.46e-06	2.452e-06	2.46e-06	2.452e-06	5.945e-05	2.319e-05	5.945e-05	2.319e-05	0	0	0	0	0	0	0	0	0	0	0	0	0	0	0	0	0	0	0	0	0	0	0	0	0	0	0	0	0	0	0	0	0	0	
127	6.191e-05	2.564e-05	6.191e-05	2.564e-05	2.46e-06	2.452e-06	2.46e-06	2.452e-06	5.945e-05	2.319e-05	5.945e-05	2.319e-05	0	0	0	0	0	0	0	0	0	0	0	0	0	0	0	0	0	0	0	0	0	0	0	0	0	0	0	0	0	0	0	0	0	0	
128	6.191e-05	2.564e-05	6.191e-05	2.564e-05	2.46e-06	2.452e-06	2.46e-06	2.452e-06	5.945e-05	2.319e-05	5.945e-05	2.319e-05	0	0	0	0	0	0	0	0	0	0	0	0	0	0	0	0	0	0	0	0	0	0	0	0	0	0	0	0	0	0	0	0	0	0	
129	6.191e-05	2.564e-05	6.191e-05	2.564e-05	2.46e-06	2.452e-06	2.46e-06	2.452e-06	5.945e-05	2.319e-05	5.945e-05	2.319e-05	0	0	0	0	0	0	0	0	0	0	0	0	0	0	0	0	0	0	0	0	0	0	0	0	0	0	0	0	0	0	0	0	0	0	
130	6.191e-05	2.564e-05	6.191e-05	2.564e-05	2.46e-06	2.452e-06	2.46e-06	2.452e-06	5.945e-05	2.319e-05	5.945e-05	2.319e-05	0	0	0	0	0	0	0	0	0	0	0	0	0	0	0	0	0	0	0	0	0	0	0	0	0	0	0	0	0	0	0	0	0	0	
131	6.191e-05	2.564e-05	6.191e-05	2.564e-05	2.46e-06	2.452e-06	2.46e-06	2.452e-06	5.945e-05	2.319e-05	5.945e-05	2.319e-05	0	0	0	0	0	0	0	0	0	0	0	0	0	0	0	0	0	0	0	0	0	0	0	0	0	0	0	0	0	0	0	0	0	0	
132	6.191e-05	2.564e-05	6.191e-05	2.564e-05	2.46e-06	2.452e-06	2.46e-06	2.452e-06	5.945e-05	2.319e-05	5.945e-05	2.319e-05	0	0	0	0	0	0	0	0	0	0	0	0	0	0	0	0	0	0	0	0	0	0	0	0	0	0	0	0	0	0	0	0	0	0	
133	6.191e-05	2.564e-05	6.191e-05	2.564e-05	2.46e-06	2.452e-06	2.46e-06	2.452e-06	5.945e-05	2.319e-05	5.945e-05	2.319e-05	0	0	0	0	0	0	0	0	0	0	0	0	0	0	0	0	0	0	0	0	0	0	0	0	0	0	0	0	0	0	0	0	0	0	
134	6.191e-05	2.564e-05	6.191e-05	2.564e-05	2.46e-06	2.452e-06	2.46e-06	2.452e-06	5.945e-05	2.319e-05	5.945e-05	2.319e-05	0	0	0	0	0	0	0	0	0	0	0	0	0	0	0	0	0	0	0	0	0	0	0	0	0	0	0	0	0	0	0	0	0	0	
135	6.191e-05	2.564e-05	6.191e-05	2.564e-05	2.46e-06	2.452e-06	2.46e-06	2.452e-06	5.945e-05	2.319e-05	5.945e-05	2.319e-05	0	0	0	0	0	0	0	0	0	0	0	0	0	0	0	0	0	0	0	0	0	0	0	0	0	0	0	0	0	0	0	0	0	0	
136	6.191e-05	2.564e-05	6.191e-05	2.564e-05	2.46e-06	2.452e-06	2.46e-06	2.452e-06	5.945e-05	2.319e-05	5.945e-05	2.319e-05	0	0	0	0	0	0	0	0	0	0	0	0	0	0	0	0	0	0	0	0	0	0	0	0	0	0	0	0	0	0	0	0	0	0	
137	6.191e-05	2.564e-05	6.191e-05	2.564e-05	2.46e-06	2.452e-06	2.46e-06	2.452e-06	5.945e-05	2.319e-05	5.945e-05	2.319e-05	0	0	0	0	0	0	0	0	0	0	0	0	0	0	0	0	0	0	0	0	0	0	0	0	0	0	0	0	0	0	0	0	0	0	
138	6.191e-05	2.564e-05	6.191e-05	2.564e-05	2.46e-06	2.452e-06	2.46e-06	2.452e-06	5.945e-05	2.319e-05	5.945e-05	2.319e-05	0	0	0	0	0	0	0	0	0	0	0	0	0	0	0	0	0	0	0	0	0	0	0	0	0	0	0	0	0	0	0	0	0	0	
139	0.9946	0.01843	0.9946	0.01843	3.965e-06	6.05e-06	3.965e-06	6.05e-06	0.9946	0.01842	0.9946	0.01842	1	0	1	0	1	0	1	0	1	0	1	0	1	0	1	0	1	0	1	0	1	0	1	0	1	0	1	0	1	0	1	0	1	0	
140	0.0001012	0.008379	0.0001012	0.008379	1.33e-05	0.003952	1.33e-05	0.003952	8.795e-05	0.004427	8.795e-05	0.004427	0	0	0	0	0	0	0	0	0	0	0	0	0	0	0	0	0	0	0	0	0	0	0	0	0	0	0	0	0	0	0	0	0	0	
141	6.191e-05	2.564e-05	6.191e-05	2.564e-05	2.46e-06	2.452e-06	2.46e-06	2.452e-06	5.945e-05	2.319e-05	5.945e-05	2.319e-05	0	0	0	0	0	0	0	0	0	0	0	0	0	0	0	0	0	0	0	0	0	0	0	0	0	0	0	0	0	0	0	0	0	0	
142	6.191e-05	2.564e-05	6.191e-05	2.564e-05	2.46e-06	2.452e-06	2.46e-06	2.452e-06	5.945e-05	2.319e-05	5.945e-05	2.319e-05	0	0	0	0	0	0	0	0	0	0	0	0	0	0	0	0	0	0	0	0	0	0	0	0	0	0	0	0	0	0	0	0	0	0	
143	6.191e-05	2.564e-05	6.191e-05	2.564e-05	2.46e-06	2.452e-06	2.46e-06	2.452e-06	5.945e-05	2.319e-05	5.945e-05	2.319e-05	0	0	0	0	0	0	0	0	0	0	0	0	0	0	0	0	0	0	0	0	0	0	0	0	0	0	0	0	0	0	0	0	0	0	
144	6.191e-05	2.564e-05	6.191e-05	2.564e-05	2.46e-06	2.452e-06	2.46e-06	2.452e-06	5.945e-05	2.319e-05	5.945e-05	2.319e-05	0	0	0	0	0	0	0	0	0	0	0	0	0	0	0	0	0	0	0	0	0	0	0	0	0	0	0	0	0	0	0	0	0	0	
145	6.191e-05	2.564e-05	6.191e-05	2.564e-05	2.46e-06	2.452e-06	2.46e-06	2.452e-06	5.945e-05	2.319e-05	5.945e-05	2.319e-05	0	0	0	0	0	0	0	0	0	0	0	0	0	0	0	0	0	0	0	0	0	0	0	0	0	0	0	0	0	0	0	0	0	0	
146	6.191e-05	2.564e-05	6.191e-05	2.564e-05	2.46e-06	2.452e-06	2.46e-06	2.452e-06	5.945e-05	2.319e-05	5.945e-05	2.319e-05	0	0	0	0	0	0	0	0	0	0	0	0	0	0	0	0	0	0	0	0	0	0	0	0	0	0	0	0	0	0	0	0	0	0	
147	6.191e-05	2.564e-05	6.191e-05	2.564e-05	2.46e-06	2.452e-06	2.46e-06	2.452e-06	5.945e-05	2.319e-05	5.945e-05	2.319e-05	0	0	0	0	0	0	0	0	0	0	0	0	0	0	0	0	0	0	0	0	0	0	0	0	0	0	0	0	0	0	0	0	0	0	
148	6.191e-05	2.564e-05	6.191e-05	2.564e-05	2.46e-06	2.452e-06	2.46e-06	2.452e-06	5.945e-05	2.319e-05	5.945e-05	2.319e-05	0	0	0	0	0	0	0	0	0	0	0	0	0	0	0	0	0	0	0	0	0	0	0	0	0	0	0	0	0	0	0	0	0	0	
149	6.191e-05	2.564e-05	6.191e-05	2.564e-05	2.46e-06	2.452e-06	2.46e-06	2.452e-06	5.945e-05	2.319e-05	5.945e-05	2.319e-05	0	0	0	0	0	0	0	0	0	0	0	0	0	0	0	0	0	0	0	0	0	0	0	0	0	0	0	0	0	0	0	0	0	0	
150	6.191e-05	2.564e-05	6.191e-05	2.564e-05	2.46e-06	2.452e-06	2.46e-06	2.452e-06	5.945e-05	2.319e-05	5.945e-05	2.319e-05	0	0	0	0	0	0	0	0	0	0	0	0	0	0	0	0	0	0	0	0	0	0	0	0	0	0	0	0	0	0	0	0	0	0	
151	6.191e-05	2.564e-05	6.191e-05	2.564e-05	2.46e-06	2.452e-06	2.46e-06	2.452e-06	5.945e-05	2.319e-05	5.945e-05	2.319e-05	0	0	0	0	0	0	0	0	0	0	0	0	0	0	0	0	0	0	0	0	0	0	0	0	0	0	0	0	0	0	0	0	0	0	
152	6.191e-05	2.564e-05	6.191e-05	2.564e-05	2.46e-06	2.452e-06	2.46e-06	2.452e-06	5.945e-05	2.319e-05	5.945e-05	2.319e-05	0	0	0	0	0	0	0	0	0	0	0	0	0	0	0	0	0	0	0	0	0	0	0	0	0	0	0	0	0	0	0	0	0	0	
153	6.191e-05	2.564e-05	6.191e-05	2.564e-05	2.46e-06	2.452e-06	2.46e-06	2.452e-06	5.945e-05	2.319e-05	5.945e-05	2.319e-05	0	0	0	0	0	0	0	0	0	0	0	0	0	0	0	0	0	0	0	0	0	0	0	0	0	0	0	0	0	0	0	0	0	0	
154	6.191e-05	2.564e-05	6.191e-05	2.564e-05	2.46e-06	2.452e-06	2.46e-06	2.452e-06	5.945e-05	2.319e-05	5.945e-05	2.319e-05	0	0	0	0	0	0	0	0	0	0	0	0	0	0	0	0	0	0	0	0	0	0	0	0	0	0	0	0	0	0	0	0	0	0	
155	6.191e-05	2.564e-05	6.191e-05	2.564e-05	2.46e-06	2.452e-06	2.46e-06	2.452e-06	5.945e-05	2.319e-05	5.945e-05	2.319e-05	0	0	0	0	0	0	0	0	0	0	0	0	0	0	0	0	0	0	0	0	0	0	0	0	0	0	0	0	0	0	0	0	0	0	
156	6.191e-05	2.564e-05	6.191e-05	2.564e-05	2.46e-06	2.452e-06	2.46e-06	2.452e-06	5.945e-05	2.319e-05	5.945e-05	2.319e-05	0	0	0	0	0	0	0	0	0	0	0	0	0	0	0	0	0	0	0	0	0	0	0	0	0	0	0	0	0	0	0	0	0	0	
157	6.191e-05	2.564e-05	6.191e-05	2.564e-05	2.46e-06	2.452e-06	2.46e-06	2.452e-06	5.945e-05	2.319e-05	5.945e-05	2.319e-05	0	0	0	0	0	0	0	0	0	0	0	0	0	0	0	0	0	0	0	0	0	0	0	0	0	0	0	0	0	0	0	0	0	0	
158	6.191e-05	2.564e-05	6.191e-05	2.564e-05	2.46e-06	2.452e-06	2.46e-06	2.452e-06	5.945e-05	2.319e-05	5.945e-05	2.319e-05	0	0	0	0	0	0	0	0	0	0	0	0	0	0	0	0	0	0	0	0	0	0	0	0	0	0	0	0	0	0	0	0	0	0	
159	6.191e-05	2.564e-05	6.191e-05	2.564e-05	2.46e-06	2.452e-06	2.46e-06	2.452e-06	5.945e-05	2.319e-05	5.945e-05	2.319e-05	0	0	0	0	0	0	0	0	0	0	0	0	0	0	0	0	0	0	0	0	0	0	0	0	0	0	0	0	0	0	0	0	0	0	
160	6.191e-05	2.564e-05	6.191e-05	2.564e-05	2.46e-06	2.452e-06	2.46e-06	2.452e-06	5.945e-05	2.319e-05	5.945e-05	2.319e-05	0	0	0	0	0	0	0	0	0	0	0	0	0	0	0	0	0	0	0	0	0	0	0	0	0	0	0	0	0	0	0	0	0	0	
161	6.191e-05	2.564e-05	6.191e-05	2.564e-05	2.46e-06	2.452e-06	2.46e-06	2.452e-06	5.945e-05	2.319e-05	5.945e-05	2.319e-05	0	0	0	0	0	0	0	0	0	0	0	0	0	0	0	0	0	0	0	0	0	0	0	0	0	0	0	0	0	0	0	0	0	0	
162	6.191e-05	2.564e-05	6.191e-05	2.564e-05	2.46e-06	2.452e-06	2.46e-06	2.452e-06	5.945e-05	2.319e-05	5.945e-05	2.319e-05	0	0	0	0	0	0	0	0	0	0	0	0	0	0	0	0	0	0	0	0	0	0	0	0	0	0	0	0	0	0	0	0	0	0	
163	6.191e-05	2.564e-05	6.191e-05	2.564e-05	2.46e-06	2.452e-06	2.46e-06	2.452e-06	5.945e-05	2.319e-05	5.945e-05	2.319e-05	0	0	0	0	0	0	0	0	0	0	0	0	0	0	0	0	0	0	0	0	0	0	0	0	0	0	0	0	0	0	0	0	0	0	
164	6.191e-05	2.564e-05	6.191e-05	2.564e-05	2.46e-06	2.452e-06	2.46e-06	2.452e-06	5.945e-05	2.319e-05	5.945e-05	2.319e-05	0	0	0	0	0	0	0	0	0	0	0	0	0	0	0	0	0	0	0	0	0	0	0	0	0	0	0	0	0	0	0	0	0	0	
165	6.191e-05	2.564e-05	6.191e-05	2.564e-05	2.46e-06	2.452e-06	2.46e-06	2.452e-06	5.945e-05	2.319e-05	5.945e-05	2.319e-05	0	0	0	0	0	0	0	0	0	0	0	0	0	0	0	0	0	0	0	0	0	0	0	0	0	0	0	0	0	0	0	0	0	0	
166	6.191e-05	2.564e-05	6.191e-05	2.564e-05	2.46e-06	2.452e-06	2.46e-06	2.452e-06	5.945e-05	2.319e-05	5.945e-05	2.319e-05	0	0	0	0	0	0	0	0	0	0	0	0	0	0	0	0	0	0	0	0	0	0	0	0	0	0	0	0	0	0	0	0	0	0	
167	6.191e-05	2.564e-05	6.191e-05	2.564e-05	2.46e-06	2.452e-06	2.46e-06	2.452e-06	5.945e-05	2.319e-05	5.945e-05	2.319e-05	0	0	0	0	0	0	0	0	0	0	0	0	0	0	0	0	0	0	0	0	0	0	0	0	0	0	0	0	0	0	0	0	0	0	
168	6.191e-05	2.564e-05	6.191e-05	2.564e-05	2.46e-06	2.452e-06	2.46e-06	2.452e-06	5.945e-05	2.319e-05	5.945e-05	2.319e-05	0	0	0	0	0	0	0	0	0	0	0	0	0	0	0	0	0	0	0	0	0	0	0	0	0	0	0	0	0	0	0	0	0	0	
169	6.191e-05	2.564e-05	6.191e-05	2.564e-05	2.46e-06	2.452e-06	2.46e-06	2.452e-06	5.945e-05	2.319e-05	5.945e-05	2.319e-05	0	0	0	0	0	0	0	0	0	0	0	0	0	0	0	0	0	0	0	0	0	0	0	0	0	0	0	0	0	0	0	0	0	0	
170	6.191e-05	2.564e-05	6.191e-05	2.564e-05	2.46e-06	2.452e-06	2.46e-06	2.452e-06	5.945e-05	2.319e-05	5.945e-05	2.319e-05	0	0	0	0	0	0	0	0	0	0	0	0	0	0	0	0	0	0	0	0	0	0	0	0	0	0	0	0	0	0	0	0	0	0	
171	1	0.0007767	1	0.0007767	0.9993	0.0007161	0.9993	0.0007161	0.0007351	6.068e-05	0.0007351	6.068e-05	1	0	1	0	1	0	1	0	1	0	1	0	1	0	1	0	1	0	1	0	1	0	1	0	1	0	1	0	1	0	1	0	1	0	
172	6.206e-05	0.0001654	6.206e-05	0.0001654	2.611e-06	0.000142	2.611e-06	0.000142	5.945e-05	2.334e-05	5.945e-05	2.334e-05	0	0	0	0	0	0	0	0	0	0	0	0	0	0	0	0	0	0	0	0	0	0	0	0	0	0	0	0	0	0	0	0	0	0	
