# Rates were calculated using the expectation of the posterior rate distribution
# Prior distribution is Gamma with 4 discrete categories
# The alpha parameter 92.49
# sp.rates(j)  j= 0	0.8711	0.25
# sp.rates(j)  j= 1	0.9632	0.25
# sp.rates(j)  j= 2	1.031	0.25
# sp.rates(j)  j= 3	1.135	0.25

=========================================================================================================================================================
# POS	RATE
1	1.009
2	0.9998
3	0.9998
4	0.9998
5	0.9998
6	0.9998
7	0.9998
8	0.9998
9	0.9998
10	0.9998
11	0.9998
12	0.9998
13	0.9998
14	0.9998
15	0.9998
16	0.9998
17	0.9998
18	0.9998
19	0.9998
20	0.9998
21	0.9998
22	0.9998
23	0.9998
24	0.9998
25	0.9998
26	0.9998
27	0.9998
28	0.9998
29	0.9998
30	0.9998
31	0.9998
32	0.9998
33	0.9998
34	0.9998
35	0.9998
36	0.9998
37	0.9998
38	0.9998
39	0.9998
40	0.9998
41	0.9998
42	0.9998
43	0.9998
44	0.9998
45	0.9998
46	0.9998
47	1.009
48	1
49	0.9998
50	0.9998
51	0.9998
52	0.9998
53	0.9998
54	1.009
55	0.9999
56	0.9998
57	0.9998
58	0.9998
59	0.9998
60	0.9998
61	0.9998
62	0.9998
63	0.9998
64	0.9998
65	0.9998
66	0.9998
67	0.9998
68	0.9998
69	0.9998
70	0.9998
71	0.9998
72	0.9998
73	0.9998
74	0.9998
75	0.9998
76	0.9998
77	0.9998
78	0.9998
79	0.9998
80	0.9998
81	0.9998
82	0.9998
83	0.9998
84	0.9998
85	0.9998
86	0.9998
87	0.9998
88	0.9998
89	0.9998
90	0.9998
91	0.9998
92	0.9998
93	0.9998
94	0.9998
95	0.9998
96	0.9998
97	0.9998
98	0.9998
99	0.9998
100	0.9998
101	0.9998
102	0.9998
103	0.9998
104	0.9998
105	0.9998
106	0.9998
107	0.9998
108	0.9998
109	0.9998
110	0.9998
111	0.9998
112	0.9998
113	0.9998
114	0.9998
115	0.9998
116	0.9998
117	0.9998
118	0.9998
119	0.9998
120	1.009
121	0.9999
122	0.9999
123	0.9999
124	0.9998
125	0.9998
126	0.9998
127	0.9998
128	0.9998
129	0.9998
130	0.9998
131	0.9998
132	0.9998
133	0.9998
134	0.9998
135	0.9998
136	0.9998
137	0.9998
138	0.9998
139	1.009
140	0.9999
141	0.9998
142	0.9998
143	0.9998
144	0.9998
145	0.9998
146	0.9998
147	0.9998
148	0.9998
149	0.9998
150	0.9998
151	0.9998
152	0.9998
153	0.9998
154	0.9998
155	0.9998
156	0.9998
157	0.9998
158	0.9998
159	0.9998
160	0.9998
161	0.9998
162	0.9998
163	0.9998
164	0.9998
165	0.9998
166	0.9998
167	0.9998
168	0.9998
169	0.9998
170	0.9998
171	1.009
172	0.9998
# Average = 1
# Standard Deviation = 0.001709
