# Start coordinate are with the genome as reference (not MSA).
# Count starts from zero (first position = 1).
seqID	seqName	start	length
0	S1	1	66
0	S1	8	62
0	S1	37	23
0	S1	463	9
0	S1	482	7
0	S1	581	3
0	S1	584	3
0	S1	594	6
0	S1	599	4
0	S1	627	3
0	S1	639	3
0	S1	667	3
0	S1	692	3
0	S1	760	3
0	S1	832	3
0	S1	854	15
0	S1	942	7
0	S1	978	3
0	S1	1123	13
0	S1	1149	33
0	S1	1181	24
0	S1	1189	2
0	S1	1213	3
0	S1	1227	6
0	S1	1258	13
0	S1	1293	9
0	S1	1302	9
0	S1	1325	7
0	S1	1342	9
0	S1	2654	9
0	S1	2685	6
0	S1	2746	1
0	S1	3104	3
0	S1	3120	6
0	S1	3240	7
0	S1	3278	7
0	S1	3304	21
0	S1	3336	25
0	S1	3339	4
0	S1	3364	3
0	S1	3395	10
0	S1	3443	9
0	S1	3453	22
0	S1	3460	1
0	S1	3466	41
0	S1	3605	3
0	S1	3657	6
0	S1	3782	21
0	S1	3786	5
0	S1	3798	9
0	S1	3815	25
0	S1	3819	58
0	S1	3824	71
0	S1	3838	4
0	S1	3875	2
0	S1	3909	21
0	S1	3943	4
0	S1	3996	3
0	S1	4063	17
0	S1	4079	1
0	S1	4081	31
0	S1	4083	90
0	S1	4093	20
0	S1	4103	1
0	S1	4104	3
0	S1	4115	178
0	S1	4122	12
0	S1	4356	3
0	S1	4371	12
0	S1	4408	12
0	S1	4474	12
0	S1	4569	3
0	S1	4593	6
0	S1	4735	3
0	S1	4787	6
0	S1	4901	3
0	S1	4908	6
0	S1	4931	12
0	S1	5107	9
0	S1	5111	21
0	S1	5136	12
0	S1	5141	3
0	S1	5151	33
0	S1	5166	12
0	S1	5188	3
0	S1	5220	6
0	S1	5229	24
0	S1	5250	17
0	S1	5263	6
0	S1	5299	6
0	S1	5347	9
0	S1	5410	9
0	S1	5560	3
0	S1	5678	6
0	S1	5686	3
0	S1	5938	12
0	S1	6353	6
0	S1	6572	3
0	S1	6812	3
0	S1	6936	11
0	S1	6959	9
0	S1	6984	18
0	S1	7033	22
0	S1	7052	22
0	S1	7061	7
0	S1	7066	4
0	S1	7079	22
0	S1	7098	104
0	S1	7112	3
0	S1	7117	14
0	S1	7124	3
0	S1	7133	10
0	S1	7140	12
0	S1	7143	5
0	S1	7155	1
0	S1	7174	13
0	S1	7195	1
0	S1	7211	6
0	S1	7215	2
0	S1	7218	9
0	S1	7228	2
0	S1	7268	10
0	S1	7276	8
0	S1	7291	4
0	S1	7295	6
0	S1	7299	12
0	S1	7318	1
0	S1	7327	8
0	S1	7336	19
0	S1	7344	11
0	S1	7353	42
0	S1	7377	2
0	S1	7404	8
0	S1	7412	7
0	S1	7450	11
0	S1	7452	78
0	S1	7462	27
0	S1	7475	28
0	S1	7495	36
0	S1	7514	9
0	S1	7542	2
0	S1	7576	2
0	S1	7579	23
0	S1	7594	4
0	S1	7613	15
0	S1	7621	11
0	S1	7641	10
0	S1	7654	3
0	S1	7675	15
0	S1	7689	3
0	S1	7700	10
0	S1	7704	1
0	S1	7754	5
0	S1	7831	2397
1	S2	1	66
1	S2	8	62
1	S2	37	23
1	S2	463	9
1	S2	482	7
1	S2	581	3
1	S2	584	3
1	S2	594	6
1	S2	599	4
1	S2	627	3
1	S2	639	3
1	S2	667	3
1	S2	692	3
1	S2	760	3
1	S2	832	3
1	S2	854	15
1	S2	942	7
1	S2	978	3
1	S2	1123	13
1	S2	1149	33
1	S2	1181	24
1	S2	1189	2
1	S2	1213	3
1	S2	1227	6
1	S2	1258	13
1	S2	1293	9
1	S2	1302	9
1	S2	1325	7
1	S2	1342	9
1	S2	2654	9
1	S2	2685	6
1	S2	2746	1
1	S2	3104	3
1	S2	3120	6
1	S2	3240	7
1	S2	3278	7
1	S2	3304	21
1	S2	3336	25
1	S2	3339	4
1	S2	3364	3
1	S2	3395	10
1	S2	3443	9
1	S2	3453	22
1	S2	3460	1
1	S2	3466	41
1	S2	3605	3
1	S2	3657	6
1	S2	3782	21
1	S2	3786	5
1	S2	3798	9
1	S2	3815	25
1	S2	3819	58
1	S2	3824	71
1	S2	3838	4
1	S2	3875	2
1	S2	3909	21
1	S2	3943	4
1	S2	3996	3
1	S2	4063	17
1	S2	4079	1
1	S2	4081	31
1	S2	4083	90
1	S2	4093	20
1	S2	4103	1
1	S2	4104	3
1	S2	4115	178
1	S2	4122	12
1	S2	4356	3
1	S2	4371	12
1	S2	4408	12
1	S2	4474	12
1	S2	4569	3
1	S2	4593	6
1	S2	4735	3
1	S2	4787	6
1	S2	4901	3
1	S2	4908	6
1	S2	4931	12
1	S2	5107	9
1	S2	5111	21
1	S2	5136	12
1	S2	5141	3
1	S2	5151	33
1	S2	5166	12
1	S2	5188	3
1	S2	5220	6
1	S2	5229	24
1	S2	5250	17
1	S2	5263	6
1	S2	5299	6
1	S2	5347	9
1	S2	5410	9
1	S2	5560	3
1	S2	5678	6
1	S2	5686	3
1	S2	5938	12
1	S2	6353	6
1	S2	6572	3
1	S2	6812	3
1	S2	6936	11
1	S2	6959	9
1	S2	6984	18
1	S2	7033	22
1	S2	7052	22
1	S2	7061	7
1	S2	7066	4
1	S2	7079	22
1	S2	7098	104
1	S2	7112	3
1	S2	7117	14
1	S2	7124	3
1	S2	7133	10
1	S2	7140	12
1	S2	7143	5
1	S2	7155	1
1	S2	7174	13
1	S2	7195	1
1	S2	7211	6
1	S2	7215	2
1	S2	7218	9
1	S2	7228	2
1	S2	7268	10
1	S2	7276	8
1	S2	7291	4
1	S2	7295	6
1	S2	7299	12
1	S2	7318	1
1	S2	7327	8
1	S2	7336	19
1	S2	7344	11
1	S2	7353	42
1	S2	7377	2
1	S2	7404	8
1	S2	7412	7
1	S2	7450	11
1	S2	7452	78
1	S2	7462	27
1	S2	7475	28
1	S2	7495	36
1	S2	7514	9
1	S2	7542	2
1	S2	7576	2
1	S2	7579	23
1	S2	7594	4
1	S2	7613	15
1	S2	7621	11
1	S2	7641	10
1	S2	7654	3
1	S2	7675	15
1	S2	7689	3
1	S2	7700	10
1	S2	7704	1
1	S2	7754	5
1	S2	7831	2397
2	S3	1	66
2	S3	8	62
2	S3	37	23
2	S3	463	9
2	S3	482	7
2	S3	581	3
2	S3	584	3
2	S3	594	6
2	S3	599	4
2	S3	627	3
2	S3	639	3
2	S3	667	3
2	S3	692	3
2	S3	760	3
2	S3	832	3
2	S3	854	15
2	S3	942	7
2	S3	978	3
2	S3	1123	13
2	S3	1149	33
2	S3	1181	24
2	S3	1189	2
2	S3	1213	3
2	S3	1227	6
2	S3	1258	13
2	S3	1293	9
2	S3	1302	9
2	S3	1325	7
2	S3	1342	9
2	S3	2654	9
2	S3	2685	6
2	S3	2746	1
2	S3	3104	3
2	S3	3120	6
2	S3	3240	7
2	S3	3278	7
2	S3	3304	21
2	S3	3336	25
2	S3	3339	4
2	S3	3364	3
2	S3	3395	10
2	S3	3443	9
2	S3	3453	22
2	S3	3460	1
2	S3	3466	41
2	S3	3605	3
2	S3	3657	6
2	S3	3782	21
2	S3	3786	5
2	S3	3798	9
2	S3	3815	25
2	S3	3819	58
2	S3	3824	71
2	S3	3838	4
2	S3	3875	2
2	S3	3909	21
2	S3	3943	4
2	S3	3996	3
2	S3	4063	17
2	S3	4079	1
2	S3	4081	31
2	S3	4083	90
2	S3	4093	20
2	S3	4103	1
2	S3	4104	3
2	S3	4115	178
2	S3	4122	12
2	S3	4356	3
2	S3	4371	12
2	S3	4408	12
2	S3	4474	12
2	S3	4569	3
2	S3	4593	6
2	S3	4735	3
2	S3	4787	6
2	S3	4901	3
2	S3	4908	6
2	S3	4931	12
2	S3	5107	9
2	S3	5111	21
2	S3	5136	12
2	S3	5141	3
2	S3	5151	33
2	S3	5166	12
2	S3	5188	3
2	S3	5220	6
2	S3	5229	24
2	S3	5250	17
2	S3	5263	6
2	S3	5299	6
2	S3	5347	9
2	S3	5410	9
2	S3	5560	3
2	S3	5678	6
2	S3	5686	3
2	S3	5938	12
2	S3	6353	6
2	S3	6572	3
2	S3	6812	3
2	S3	6936	11
2	S3	6959	9
2	S3	6984	18
2	S3	7033	22
2	S3	7052	22
2	S3	7061	7
2	S3	7066	4
2	S3	7079	22
2	S3	7098	104
2	S3	7112	3
2	S3	7117	14
2	S3	7124	3
2	S3	7133	10
2	S3	7140	12
2	S3	7143	5
2	S3	7155	1
2	S3	7174	13
2	S3	7195	1
2	S3	7211	6
2	S3	7215	2
2	S3	7218	9
2	S3	7228	2
2	S3	7268	10
2	S3	7276	8
2	S3	7291	4
2	S3	7295	6
2	S3	7299	12
2	S3	7318	1
2	S3	7327	8
2	S3	7336	19
2	S3	7344	11
2	S3	7353	42
2	S3	7377	2
2	S3	7404	8
2	S3	7412	7
2	S3	7450	11
2	S3	7452	78
2	S3	7462	27
2	S3	7475	28
2	S3	7495	36
2	S3	7514	9
2	S3	7542	2
2	S3	7576	2
2	S3	7579	23
2	S3	7594	4
2	S3	7613	15
2	S3	7621	11
2	S3	7641	10
2	S3	7654	3
2	S3	7675	15
2	S3	7689	3
2	S3	7700	10
2	S3	7704	1
2	S3	7754	5
2	S3	7831	2397
3	S4	1	66
3	S4	8	62
3	S4	37	23
3	S4	463	9
3	S4	482	7
3	S4	581	3
3	S4	584	3
3	S4	594	6
3	S4	599	4
3	S4	627	3
3	S4	639	3
3	S4	667	3
3	S4	692	3
3	S4	760	3
3	S4	832	3
3	S4	854	15
3	S4	942	7
3	S4	978	3
3	S4	1123	13
3	S4	1149	33
3	S4	1181	24
3	S4	1189	2
3	S4	1213	3
3	S4	1227	6
3	S4	1258	13
3	S4	1293	9
3	S4	1302	9
3	S4	1325	7
3	S4	1342	9
3	S4	2654	9
3	S4	2685	6
3	S4	2746	1
3	S4	3104	3
3	S4	3120	6
3	S4	3240	7
3	S4	3278	7
3	S4	3304	21
3	S4	3336	25
3	S4	3339	4
3	S4	3364	3
3	S4	3395	10
3	S4	3443	9
3	S4	3453	22
3	S4	3460	1
3	S4	3466	41
3	S4	3605	3
3	S4	3657	6
3	S4	3782	21
3	S4	3786	5
3	S4	3798	9
3	S4	3815	25
3	S4	3819	58
3	S4	3824	71
3	S4	3838	4
3	S4	3875	2
3	S4	3909	21
3	S4	3943	4
3	S4	3996	3
3	S4	4063	17
3	S4	4079	1
3	S4	4081	31
3	S4	4083	90
3	S4	4093	20
3	S4	4103	1
3	S4	4104	3
3	S4	4115	178
3	S4	4122	12
3	S4	4356	3
3	S4	4371	12
3	S4	4408	12
3	S4	4474	12
3	S4	4569	3
3	S4	4593	6
3	S4	4735	3
3	S4	4787	6
3	S4	4901	3
3	S4	4908	6
3	S4	4931	12
3	S4	5107	9
3	S4	5111	21
3	S4	5136	12
3	S4	5141	3
3	S4	5151	33
3	S4	5166	12
3	S4	5188	3
3	S4	5220	6
3	S4	5229	24
3	S4	5250	17
3	S4	5263	6
3	S4	5299	6
3	S4	5347	9
3	S4	5410	9
3	S4	5560	3
3	S4	5678	6
3	S4	5686	3
3	S4	5938	12
3	S4	6353	6
3	S4	6572	3
3	S4	6812	3
3	S4	6936	11
3	S4	6959	9
3	S4	6984	18
3	S4	7033	22
3	S4	7052	22
3	S4	7061	7
3	S4	7066	4
3	S4	7079	22
3	S4	7098	104
3	S4	7112	3
3	S4	7117	14
3	S4	7124	3
3	S4	7133	10
3	S4	7140	12
3	S4	7143	5
3	S4	7155	1
3	S4	7174	13
3	S4	7195	1
3	S4	7211	6
3	S4	7215	2
3	S4	7218	9
3	S4	7228	2
3	S4	7268	10
3	S4	7276	8
3	S4	7291	4
3	S4	7295	6
3	S4	7299	12
3	S4	7318	1
3	S4	7327	8
3	S4	7336	19
3	S4	7344	11
3	S4	7353	42
3	S4	7377	2
3	S4	7404	8
3	S4	7412	7
3	S4	7450	11
3	S4	7452	78
3	S4	7462	27
3	S4	7475	28
3	S4	7495	36
3	S4	7514	9
3	S4	7542	2
3	S4	7576	2
3	S4	7579	23
3	S4	7594	4
3	S4	7613	15
3	S4	7621	11
3	S4	7641	10
3	S4	7654	3
3	S4	7675	15
3	S4	7689	3
3	S4	7700	10
3	S4	7704	1
3	S4	7754	5
3	S4	7831	2397
4	S5	1	66
4	S5	8	62
4	S5	37	23
4	S5	463	9
4	S5	482	7
4	S5	581	3
4	S5	584	3
4	S5	594	6
4	S5	599	4
4	S5	627	3
4	S5	639	3
4	S5	667	3
4	S5	692	3
4	S5	760	3
4	S5	832	3
4	S5	854	15
4	S5	942	7
4	S5	978	3
4	S5	1123	13
4	S5	1149	33
4	S5	1181	24
4	S5	1189	2
4	S5	1213	3
4	S5	1227	6
4	S5	1258	13
4	S5	1293	9
4	S5	1302	9
4	S5	1325	7
4	S5	1342	9
4	S5	2654	9
4	S5	2685	6
4	S5	2746	1
4	S5	3104	3
4	S5	3120	6
4	S5	3240	7
4	S5	3278	7
4	S5	3304	21
4	S5	3336	25
4	S5	3339	4
4	S5	3364	3
4	S5	3395	10
4	S5	3443	9
4	S5	3453	22
4	S5	3460	1
4	S5	3466	41
4	S5	3605	3
4	S5	3657	6
4	S5	3782	21
4	S5	3786	5
4	S5	3798	9
4	S5	3815	25
4	S5	3819	58
4	S5	3824	71
4	S5	3838	4
4	S5	3875	2
4	S5	3909	21
4	S5	3943	4
4	S5	3996	3
4	S5	4063	17
4	S5	4079	1
4	S5	4081	31
4	S5	4083	90
4	S5	4093	20
4	S5	4103	1
4	S5	4104	3
4	S5	4115	178
4	S5	4122	12
4	S5	4356	3
4	S5	4371	12
4	S5	4408	12
4	S5	4474	12
4	S5	4569	3
4	S5	4593	6
4	S5	4735	3
4	S5	4787	6
4	S5	4901	3
4	S5	4908	6
4	S5	4931	12
4	S5	5107	9
4	S5	5111	21
4	S5	5136	12
4	S5	5141	3
4	S5	5151	33
4	S5	5166	12
4	S5	5188	3
4	S5	5220	6
4	S5	5229	24
4	S5	5250	17
4	S5	5263	6
4	S5	5299	6
4	S5	5347	9
4	S5	5410	9
4	S5	5560	3
4	S5	5678	6
4	S5	5686	3
4	S5	5938	12
4	S5	6353	6
4	S5	6572	3
4	S5	6812	3
4	S5	6936	11
4	S5	6959	9
4	S5	6984	18
4	S5	7033	22
4	S5	7052	22
4	S5	7061	7
4	S5	7066	4
4	S5	7079	22
4	S5	7098	104
4	S5	7112	3
4	S5	7117	14
4	S5	7124	3
4	S5	7133	10
4	S5	7140	12
4	S5	7143	5
4	S5	7155	1
4	S5	7174	13
4	S5	7195	1
4	S5	7211	6
4	S5	7215	2
4	S5	7218	9
4	S5	7228	2
4	S5	7268	10
4	S5	7276	8
4	S5	7291	4
4	S5	7295	6
4	S5	7299	12
4	S5	7318	1
4	S5	7327	8
4	S5	7336	19
4	S5	7344	11
4	S5	7353	42
4	S5	7377	2
4	S5	7404	8
4	S5	7412	7
4	S5	7450	11
4	S5	7452	78
4	S5	7462	27
4	S5	7475	28
4	S5	7495	36
4	S5	7514	9
4	S5	7542	2
4	S5	7576	2
4	S5	7579	23
4	S5	7594	4
4	S5	7613	15
4	S5	7621	11
4	S5	7641	10
4	S5	7654	3
4	S5	7675	15
4	S5	7689	3
4	S5	7700	10
4	S5	7704	1
4	S5	7754	5
4	S5	7831	2397
5	S6	1	66
5	S6	8	62
5	S6	37	23
5	S6	463	9
5	S6	482	7
5	S6	581	3
5	S6	584	3
5	S6	594	6
5	S6	599	4
5	S6	627	3
5	S6	639	3
5	S6	667	3
5	S6	692	3
5	S6	760	3
5	S6	832	3
5	S6	854	15
5	S6	942	7
5	S6	978	3
5	S6	1123	13
5	S6	1149	33
5	S6	1181	24
5	S6	1189	2
5	S6	1213	3
5	S6	1227	6
5	S6	1258	13
5	S6	1293	9
5	S6	1302	9
5	S6	1325	7
5	S6	1342	9
5	S6	2654	9
5	S6	2685	6
5	S6	2746	1
5	S6	3104	3
5	S6	3120	6
5	S6	3240	7
5	S6	3278	7
5	S6	3304	21
5	S6	3336	25
5	S6	3339	4
5	S6	3364	3
5	S6	3395	10
5	S6	3443	9
5	S6	3453	22
5	S6	3460	1
5	S6	3466	41
5	S6	3605	3
5	S6	3657	6
5	S6	3782	21
5	S6	3786	5
5	S6	3798	9
5	S6	3815	25
5	S6	3819	58
5	S6	3824	71
5	S6	3838	4
5	S6	3875	2
5	S6	3909	21
5	S6	3943	4
5	S6	3996	3
5	S6	4063	17
5	S6	4079	1
5	S6	4081	31
5	S6	4083	90
5	S6	4093	20
5	S6	4103	1
5	S6	4104	3
5	S6	4115	178
5	S6	4122	12
5	S6	4356	3
5	S6	4371	12
5	S6	4408	12
5	S6	4474	12
5	S6	4569	3
5	S6	4593	6
5	S6	4735	3
5	S6	4787	6
5	S6	4901	3
5	S6	4908	6
5	S6	4931	12
5	S6	5107	9
5	S6	5111	21
5	S6	5136	12
5	S6	5141	3
5	S6	5151	33
5	S6	5166	12
5	S6	5188	3
5	S6	5220	6
5	S6	5229	24
5	S6	5250	17
5	S6	5263	6
5	S6	5299	6
5	S6	5347	9
5	S6	5410	9
5	S6	5560	3
5	S6	5678	6
5	S6	5686	3
5	S6	5938	12
5	S6	6353	6
5	S6	6572	3
5	S6	6812	3
5	S6	6936	11
5	S6	6959	9
5	S6	6984	18
5	S6	7033	22
5	S6	7052	22
5	S6	7061	7
5	S6	7066	4
5	S6	7079	22
5	S6	7098	104
5	S6	7112	3
5	S6	7117	14
5	S6	7124	3
5	S6	7133	10
5	S6	7140	12
5	S6	7143	5
5	S6	7155	1
5	S6	7174	13
5	S6	7195	1
5	S6	7211	6
5	S6	7215	2
5	S6	7218	9
5	S6	7228	2
5	S6	7268	10
5	S6	7276	8
5	S6	7291	4
5	S6	7295	6
5	S6	7299	12
5	S6	7318	1
5	S6	7327	8
5	S6	7336	19
5	S6	7344	11
5	S6	7353	42
5	S6	7377	2
5	S6	7404	8
5	S6	7412	7
5	S6	7450	11
5	S6	7452	78
5	S6	7462	27
5	S6	7475	28
5	S6	7495	36
5	S6	7514	9
5	S6	7542	2
5	S6	7576	2
5	S6	7579	23
5	S6	7594	4
5	S6	7613	15
5	S6	7621	11
5	S6	7641	10
5	S6	7654	3
5	S6	7675	15
5	S6	7689	3
5	S6	7700	10
5	S6	7704	1
5	S6	7754	5
5	S6	7831	2397
6	S7	1	66
6	S7	8	62
6	S7	37	23
6	S7	463	9
6	S7	482	7
6	S7	581	3
6	S7	584	3
6	S7	594	6
6	S7	599	4
6	S7	627	3
6	S7	639	3
6	S7	667	3
6	S7	692	3
6	S7	760	3
6	S7	832	3
6	S7	854	15
6	S7	942	7
6	S7	978	3
6	S7	1123	13
6	S7	1149	33
6	S7	1181	24
6	S7	1189	2
6	S7	1213	3
6	S7	1227	6
6	S7	1258	13
6	S7	1293	9
6	S7	1302	9
6	S7	1325	7
6	S7	1342	9
6	S7	2654	9
6	S7	2685	6
6	S7	2746	1
6	S7	3104	3
6	S7	3120	6
6	S7	3240	7
6	S7	3278	7
6	S7	3304	21
6	S7	3336	25
6	S7	3339	4
6	S7	3364	3
6	S7	3395	10
6	S7	3443	9
6	S7	3453	22
6	S7	3460	1
6	S7	3466	41
6	S7	3605	3
6	S7	3657	6
6	S7	3782	21
6	S7	3803	9
6	S7	3818	90
6	S7	3822	71
6	S7	3836	4
6	S7	3873	2
6	S7	3907	21
6	S7	3941	4
6	S7	3994	3
6	S7	4061	17
6	S7	4077	1
6	S7	4079	31
6	S7	4081	90
6	S7	4091	20
6	S7	4101	1
6	S7	4102	3
6	S7	4113	178
6	S7	4120	12
6	S7	4354	3
6	S7	4369	12
6	S7	4406	12
6	S7	4472	12
6	S7	4567	3
6	S7	4591	6
6	S7	4733	3
6	S7	4785	6
6	S7	4899	3
6	S7	4906	6
6	S7	4929	12
6	S7	5105	9
6	S7	5109	21
6	S7	5134	12
6	S7	5139	3
6	S7	5149	33
6	S7	5164	12
6	S7	5186	3
6	S7	5218	6
6	S7	5227	24
6	S7	5248	17
6	S7	5261	6
6	S7	5297	6
6	S7	5345	9
6	S7	5408	9
6	S7	5558	3
6	S7	5676	6
6	S7	5684	3
6	S7	5936	12
6	S7	6351	6
6	S7	6570	3
6	S7	6810	3
6	S7	6934	11
6	S7	6957	9
6	S7	6982	18
6	S7	7031	22
6	S7	7050	22
6	S7	7059	7
6	S7	7064	4
6	S7	7077	22
6	S7	7096	104
6	S7	7110	3
6	S7	7115	14
6	S7	7122	3
6	S7	7131	10
6	S7	7138	12
6	S7	7141	5
6	S7	7153	1
6	S7	7172	13
6	S7	7193	1
6	S7	7209	6
6	S7	7213	2
6	S7	7216	9
6	S7	7226	2
6	S7	7266	10
6	S7	7274	8
6	S7	7289	4
6	S7	7293	6
6	S7	7297	12
6	S7	7316	1
6	S7	7325	8
6	S7	7334	19
6	S7	7342	11
6	S7	7351	42
6	S7	7375	2
6	S7	7402	8
6	S7	7410	7
6	S7	7448	11
6	S7	7450	78
6	S7	7460	27
6	S7	7473	28
6	S7	7493	36
6	S7	7512	9
6	S7	7540	2
6	S7	7574	2
6	S7	7577	23
6	S7	7592	4
6	S7	7611	15
6	S7	7619	11
6	S7	7639	10
6	S7	7652	3
6	S7	7673	15
6	S7	7687	3
6	S7	7698	10
6	S7	7702	1
6	S7	7752	5
6	S7	7829	2397
7	S8	1	66
7	S8	8	62
7	S8	37	23
7	S8	463	9
7	S8	482	7
7	S8	581	3
7	S8	584	3
7	S8	594	6
7	S8	599	4
7	S8	627	3
7	S8	639	3
7	S8	667	3
7	S8	692	3
7	S8	760	3
7	S8	832	3
7	S8	854	15
7	S8	942	7
7	S8	978	3
7	S8	1123	13
7	S8	1149	33
7	S8	1181	24
7	S8	1189	2
7	S8	1213	3
7	S8	1227	6
7	S8	1258	13
7	S8	1293	9
7	S8	1302	9
7	S8	1325	7
7	S8	1342	9
7	S8	2654	9
7	S8	2685	6
7	S8	2746	1
7	S8	3104	3
7	S8	3120	6
7	S8	3240	7
7	S8	3278	7
7	S8	3304	21
7	S8	3336	25
7	S8	3339	4
7	S8	3364	3
7	S8	3395	10
7	S8	3443	9
7	S8	3453	22
7	S8	3460	1
7	S8	3466	41
7	S8	3605	3
7	S8	3657	6
7	S8	3782	21
7	S8	3786	5
7	S8	3798	9
7	S8	3813	90
7	S8	3817	71
7	S8	3831	4
7	S8	3868	2
7	S8	3902	21
7	S8	3936	4
7	S8	3989	3
7	S8	4056	17
7	S8	4072	1
7	S8	4074	31
7	S8	4076	90
7	S8	4086	20
7	S8	4096	1
7	S8	4097	3
7	S8	4108	178
7	S8	4115	12
7	S8	4349	3
7	S8	4364	12
7	S8	4401	12
7	S8	4467	12
7	S8	4562	3
7	S8	4586	6
7	S8	4728	3
7	S8	4780	6
7	S8	4894	3
7	S8	4901	6
7	S8	4924	12
7	S8	5100	9
7	S8	5104	21
7	S8	5129	12
7	S8	5134	3
7	S8	5144	33
7	S8	5159	12
7	S8	5181	3
7	S8	5213	6
7	S8	5222	24
7	S8	5243	17
7	S8	5256	6
7	S8	5292	6
7	S8	5340	9
7	S8	5403	9
7	S8	5553	3
7	S8	5671	6
7	S8	5679	3
7	S8	5931	12
7	S8	6346	6
7	S8	6565	3
7	S8	6805	3
7	S8	6929	11
7	S8	6952	9
7	S8	6977	18
7	S8	7026	22
7	S8	7045	22
7	S8	7054	7
7	S8	7059	4
7	S8	7072	22
7	S8	7097	91
7	S8	7118	3
7	S8	7123	14
7	S8	7130	3
7	S8	7139	10
7	S8	7146	12
7	S8	7149	5
7	S8	7161	1
7	S8	7180	13
7	S8	7201	1
7	S8	7217	6
7	S8	7221	2
7	S8	7224	9
7	S8	7234	2
7	S8	7274	10
7	S8	7282	8
7	S8	7297	4
7	S8	7301	6
7	S8	7305	12
7	S8	7324	1
7	S8	7333	8
7	S8	7342	19
7	S8	7350	11
7	S8	7359	42
7	S8	7383	2
7	S8	7410	8
7	S8	7418	7
7	S8	7456	11
7	S8	7458	78
7	S8	7468	27
7	S8	7481	28
7	S8	7501	36
7	S8	7520	9
7	S8	7548	2
7	S8	7582	2
7	S8	7585	23
7	S8	7600	4
7	S8	7619	15
7	S8	7627	11
7	S8	7647	10
7	S8	7660	3
7	S8	7681	15
7	S8	7695	3
7	S8	7706	10
7	S8	7710	1
7	S8	7760	5
7	S8	7837	2397
8	S9	1	66
8	S9	8	62
8	S9	37	23
8	S9	463	9
8	S9	482	7
8	S9	581	3
8	S9	584	3
8	S9	594	6
8	S9	599	4
8	S9	627	3
8	S9	639	3
8	S9	667	3
8	S9	692	3
8	S9	760	3
8	S9	832	3
8	S9	854	15
8	S9	942	7
8	S9	978	3
8	S9	1123	13
8	S9	1149	33
8	S9	1181	24
8	S9	1189	2
8	S9	1213	3
8	S9	1227	6
8	S9	1258	13
8	S9	1293	9
8	S9	1302	9
8	S9	1325	7
8	S9	1342	9
8	S9	2654	9
8	S9	2685	6
8	S9	2746	1
8	S9	3104	3
8	S9	3120	6
8	S9	3240	7
8	S9	3278	7
8	S9	3304	21
8	S9	3336	25
8	S9	3339	4
8	S9	3364	3
8	S9	3395	10
8	S9	3443	9
8	S9	3453	22
8	S9	3460	1
8	S9	3466	41
8	S9	3605	3
8	S9	3657	6
8	S9	3782	21
8	S9	3786	5
8	S9	3798	9
8	S9	3813	90
8	S9	3817	71
8	S9	3831	4
8	S9	3868	2
8	S9	3902	21
8	S9	3936	4
8	S9	3989	3
8	S9	4056	17
8	S9	4072	1
8	S9	4074	31
8	S9	4076	90
8	S9	4086	20
8	S9	4096	1
8	S9	4097	3
8	S9	4108	178
8	S9	4115	12
8	S9	4349	3
8	S9	4364	12
8	S9	4401	12
8	S9	4467	12
8	S9	4562	3
8	S9	4586	6
8	S9	4728	3
8	S9	4780	6
8	S9	4894	3
8	S9	4901	6
8	S9	4924	12
8	S9	5100	9
8	S9	5104	21
8	S9	5129	12
8	S9	5134	3
8	S9	5144	33
8	S9	5159	12
8	S9	5181	3
8	S9	5213	6
8	S9	5222	24
8	S9	5243	17
8	S9	5256	6
8	S9	5292	6
8	S9	5340	9
8	S9	5403	9
8	S9	5553	3
8	S9	5671	6
8	S9	5679	3
8	S9	5931	12
8	S9	6346	6
8	S9	6565	3
8	S9	6805	3
8	S9	6929	11
8	S9	6952	9
8	S9	6977	18
8	S9	7026	22
8	S9	7045	22
8	S9	7054	7
8	S9	7059	4
8	S9	7072	22
8	S9	7097	91
8	S9	7118	3
8	S9	7123	14
8	S9	7130	3
8	S9	7139	10
8	S9	7146	12
8	S9	7149	5
8	S9	7161	1
8	S9	7180	13
8	S9	7201	1
8	S9	7217	6
8	S9	7221	2
8	S9	7224	9
8	S9	7234	2
8	S9	7274	10
8	S9	7282	8
8	S9	7297	4
8	S9	7301	6
8	S9	7305	12
8	S9	7324	1
8	S9	7333	8
8	S9	7342	19
8	S9	7350	11
8	S9	7359	42
8	S9	7383	2
8	S9	7410	8
8	S9	7418	7
8	S9	7456	11
8	S9	7458	78
8	S9	7468	27
8	S9	7481	28
8	S9	7501	36
8	S9	7520	9
8	S9	7548	2
8	S9	7582	2
8	S9	7585	23
8	S9	7600	4
8	S9	7619	15
8	S9	7627	11
8	S9	7647	10
8	S9	7660	3
8	S9	7681	15
8	S9	7695	3
8	S9	7706	10
8	S9	7710	1
8	S9	7760	5
8	S9	7837	2397
9	S10	1	66
9	S10	8	62
9	S10	37	23
9	S10	463	9
9	S10	482	7
9	S10	581	3
9	S10	584	3
9	S10	594	6
9	S10	599	4
9	S10	627	3
9	S10	639	3
9	S10	667	3
9	S10	692	3
9	S10	760	3
9	S10	832	3
9	S10	854	15
9	S10	942	7
9	S10	978	3
9	S10	1123	13
9	S10	1149	33
9	S10	1181	24
9	S10	1189	2
9	S10	1213	3
9	S10	1227	6
9	S10	1258	13
9	S10	1293	9
9	S10	1302	9
9	S10	1325	7
9	S10	1342	9
9	S10	2654	9
9	S10	2685	6
9	S10	2746	1
9	S10	3104	3
9	S10	3120	6
9	S10	3240	7
9	S10	3278	7
9	S10	3304	21
9	S10	3336	25
9	S10	3339	4
9	S10	3364	3
9	S10	3395	10
9	S10	3443	9
9	S10	3453	22
9	S10	3460	1
9	S10	3466	41
9	S10	3605	3
9	S10	3657	6
9	S10	3782	21
9	S10	3786	5
9	S10	3798	9
9	S10	3813	90
9	S10	3817	71
9	S10	3831	4
9	S10	3868	2
9	S10	3902	21
9	S10	3936	4
9	S10	3989	3
9	S10	4056	17
9	S10	4072	1
9	S10	4074	31
9	S10	4076	90
9	S10	4086	20
9	S10	4096	1
9	S10	4097	3
9	S10	4108	178
9	S10	4115	12
9	S10	4349	3
9	S10	4364	12
9	S10	4401	12
9	S10	4467	12
9	S10	4562	3
9	S10	4586	6
9	S10	4728	3
9	S10	4780	6
9	S10	4894	3
9	S10	4901	6
9	S10	4924	12
9	S10	5100	9
9	S10	5104	21
9	S10	5129	12
9	S10	5134	3
9	S10	5144	33
9	S10	5159	12
9	S10	5181	3
9	S10	5213	6
9	S10	5222	24
9	S10	5243	17
9	S10	5256	6
9	S10	5292	6
9	S10	5340	9
9	S10	5403	9
9	S10	5553	3
9	S10	5671	6
9	S10	5679	3
9	S10	5931	12
9	S10	6346	6
9	S10	6565	3
9	S10	6805	3
9	S10	6929	11
9	S10	6952	9
9	S10	6977	18
9	S10	7026	22
9	S10	7045	22
9	S10	7054	7
9	S10	7059	4
9	S10	7072	22
9	S10	7097	91
9	S10	7118	3
9	S10	7123	14
9	S10	7130	3
9	S10	7139	10
9	S10	7146	12
9	S10	7149	5
9	S10	7161	1
9	S10	7180	13
9	S10	7201	1
9	S10	7217	6
9	S10	7221	2
9	S10	7224	9
9	S10	7234	2
9	S10	7274	10
9	S10	7282	8
9	S10	7298	2
9	S10	7303	6
9	S10	7307	12
9	S10	7326	1
9	S10	7335	8
9	S10	7344	19
9	S10	7352	11
9	S10	7361	42
9	S10	7385	2
9	S10	7412	8
9	S10	7420	7
9	S10	7458	11
9	S10	7460	78
9	S10	7470	27
9	S10	7483	28
9	S10	7503	36
9	S10	7522	9
9	S10	7550	2
9	S10	7584	2
9	S10	7587	23
9	S10	7602	4
9	S10	7621	15
9	S10	7629	11
9	S10	7649	10
9	S10	7662	3
9	S10	7683	15
9	S10	7697	3
9	S10	7708	10
9	S10	7712	1
9	S10	7762	5
9	S10	7839	2397
10	S11	1	66
10	S11	8	62
10	S11	37	23
10	S11	463	9
10	S11	482	7
10	S11	581	3
10	S11	584	3
10	S11	594	6
10	S11	599	4
10	S11	627	3
10	S11	639	3
10	S11	667	3
10	S11	692	3
10	S11	760	3
10	S11	832	3
10	S11	854	15
10	S11	942	7
10	S11	978	3
10	S11	1123	13
10	S11	1149	33
10	S11	1181	24
10	S11	1189	2
10	S11	1213	3
10	S11	1227	6
10	S11	1258	13
10	S11	1293	9
10	S11	1302	9
10	S11	1325	7
10	S11	1342	9
10	S11	2654	9
10	S11	2685	6
10	S11	2746	1
10	S11	3104	3
10	S11	3120	6
10	S11	3240	7
10	S11	3278	7
10	S11	3304	21
10	S11	3336	25
10	S11	3339	4
10	S11	3364	3
10	S11	3395	10
10	S11	3443	9
10	S11	3453	22
10	S11	3460	1
10	S11	3466	41
10	S11	3605	3
10	S11	3657	6
10	S11	3782	21
10	S11	3786	5
10	S11	3798	9
10	S11	3813	90
10	S11	3817	71
10	S11	3831	4
10	S11	3868	2
10	S11	3902	21
10	S11	3936	4
10	S11	3989	3
10	S11	4056	17
10	S11	4072	1
10	S11	4074	31
10	S11	4076	90
10	S11	4086	20
10	S11	4096	1
10	S11	4097	3
10	S11	4108	178
10	S11	4115	12
10	S11	4349	3
10	S11	4364	12
10	S11	4401	12
10	S11	4467	12
10	S11	4562	3
10	S11	4586	6
10	S11	4728	3
10	S11	4780	6
10	S11	4894	3
10	S11	4901	6
10	S11	4924	12
10	S11	5100	9
10	S11	5104	21
10	S11	5129	12
10	S11	5134	3
10	S11	5144	33
10	S11	5159	12
10	S11	5181	3
10	S11	5213	6
10	S11	5222	24
10	S11	5243	17
10	S11	5256	6
10	S11	5292	6
10	S11	5340	9
10	S11	5403	9
10	S11	5553	3
10	S11	5671	6
10	S11	5679	3
10	S11	5931	12
10	S11	6346	6
10	S11	6565	3
10	S11	6805	3
10	S11	6929	11
10	S11	6952	9
10	S11	6977	18
10	S11	7026	22
10	S11	7045	22
10	S11	7054	7
10	S11	7059	4
10	S11	7072	22
10	S11	7097	91
10	S11	7118	3
10	S11	7123	14
10	S11	7130	3
10	S11	7139	10
10	S11	7146	12
10	S11	7149	5
10	S11	7161	1
10	S11	7180	13
10	S11	7201	1
10	S11	7217	6
10	S11	7221	2
10	S11	7224	9
10	S11	7234	2
10	S11	7274	10
10	S11	7282	8
10	S11	7297	4
10	S11	7301	6
10	S11	7305	12
10	S11	7324	1
10	S11	7333	8
10	S11	7342	19
10	S11	7350	11
10	S11	7359	42
10	S11	7383	2
10	S11	7410	8
10	S11	7418	7
10	S11	7456	11
10	S11	7458	78
10	S11	7468	27
10	S11	7481	28
10	S11	7501	36
10	S11	7520	9
10	S11	7548	2
10	S11	7582	2
10	S11	7585	23
10	S11	7600	4
10	S11	7619	15
10	S11	7627	11
10	S11	7647	10
10	S11	7660	3
10	S11	7681	15
10	S11	7695	3
10	S11	7706	10
10	S11	7710	1
10	S11	7760	5
10	S11	7837	2397
11	S12	1	66
11	S12	8	62
11	S12	37	23
11	S12	463	9
11	S12	482	7
11	S12	581	3
11	S12	584	3
11	S12	594	6
11	S12	599	4
11	S12	627	3
11	S12	639	3
11	S12	667	3
11	S12	692	3
11	S12	760	3
11	S12	832	3
11	S12	854	15
11	S12	942	7
11	S12	978	3
11	S12	1123	13
11	S12	1149	33
11	S12	1181	24
11	S12	1189	2
11	S12	1213	3
11	S12	1227	6
11	S12	1258	13
11	S12	1293	9
11	S12	1302	9
11	S12	1325	7
11	S12	1342	9
11	S12	2654	9
11	S12	2685	6
11	S12	2746	1
11	S12	3104	3
11	S12	3120	6
11	S12	3240	7
11	S12	3278	7
11	S12	3304	21
11	S12	3336	25
11	S12	3339	4
11	S12	3364	3
11	S12	3395	10
11	S12	3443	9
11	S12	3453	22
11	S12	3460	1
11	S12	3466	41
11	S12	3605	3
11	S12	3657	6
11	S12	3782	21
11	S12	3786	5
11	S12	3798	9
11	S12	3813	90
11	S12	3817	71
11	S12	3831	4
11	S12	3868	2
11	S12	3902	21
11	S12	3936	4
11	S12	3989	3
11	S12	4056	17
11	S12	4072	1
11	S12	4074	31
11	S12	4076	90
11	S12	4086	20
11	S12	4096	1
11	S12	4097	3
11	S12	4108	178
11	S12	4115	12
11	S12	4349	3
11	S12	4364	12
11	S12	4401	12
11	S12	4467	12
11	S12	4562	3
11	S12	4586	6
11	S12	4728	3
11	S12	4780	6
11	S12	4894	3
11	S12	4901	6
11	S12	4924	12
11	S12	5100	9
11	S12	5104	21
11	S12	5129	12
11	S12	5134	3
11	S12	5144	33
11	S12	5159	12
11	S12	5181	3
11	S12	5213	6
11	S12	5222	24
11	S12	5243	17
11	S12	5256	6
11	S12	5292	6
11	S12	5340	9
11	S12	5403	9
11	S12	5553	3
11	S12	5671	6
11	S12	5679	3
11	S12	5931	12
11	S12	6346	6
11	S12	6565	3
11	S12	6805	3
11	S12	6929	11
11	S12	6952	9
11	S12	6977	18
11	S12	7026	22
11	S12	7045	22
11	S12	7054	7
11	S12	7059	4
11	S12	7072	22
11	S12	7097	91
11	S12	7118	3
11	S12	7123	14
11	S12	7130	3
11	S12	7139	10
11	S12	7146	12
11	S12	7149	5
11	S12	7161	1
11	S12	7180	13
11	S12	7201	1
11	S12	7217	6
11	S12	7221	2
11	S12	7224	9
11	S12	7234	2
11	S12	7274	10
11	S12	7282	8
11	S12	7297	4
11	S12	7301	6
11	S12	7305	12
11	S12	7324	1
11	S12	7333	8
11	S12	7342	19
11	S12	7350	11
11	S12	7359	42
11	S12	7383	2
11	S12	7410	8
11	S12	7418	7
11	S12	7456	11
11	S12	7458	78
11	S12	7468	27
11	S12	7481	28
11	S12	7501	36
11	S12	7520	9
11	S12	7548	2
11	S12	7582	2
11	S12	7585	23
11	S12	7600	4
11	S12	7619	15
11	S12	7627	11
11	S12	7647	10
11	S12	7660	3
11	S12	7681	15
11	S12	7695	3
11	S12	7706	10
11	S12	7710	1
11	S12	7760	5
11	S12	7837	2397
12	S13	1	137
12	S13	28	23
12	S13	454	9
12	S13	473	7
12	S13	572	3
12	S13	575	3
12	S13	585	6
12	S13	590	4
12	S13	618	3
12	S13	630	3
12	S13	658	3
12	S13	683	3
12	S13	751	3
12	S13	823	3
12	S13	845	15
12	S13	933	7
12	S13	969	3
12	S13	1114	13
12	S13	1140	33
12	S13	1172	24
12	S13	1180	2
12	S13	1204	3
12	S13	1218	6
12	S13	1249	13
12	S13	1284	9
12	S13	1293	9
12	S13	1316	7
12	S13	1333	9
12	S13	2645	9
12	S13	2676	6
12	S13	2737	1
12	S13	3095	3
12	S13	3111	6
12	S13	3231	7
12	S13	3269	7
12	S13	3295	21
12	S13	3327	25
12	S13	3330	4
12	S13	3355	3
12	S13	3386	10
12	S13	3434	9
12	S13	3444	22
12	S13	3451	1
12	S13	3457	41
12	S13	3596	3
12	S13	3648	6
12	S13	3773	21
12	S13	3777	5
12	S13	3789	9
12	S13	3804	90
12	S13	3808	71
12	S13	3822	4
12	S13	3859	2
12	S13	3893	21
12	S13	3927	4
12	S13	3980	3
12	S13	4047	17
12	S13	4063	1
12	S13	4065	31
12	S13	4067	90
12	S13	4077	20
12	S13	4087	1
12	S13	4088	3
12	S13	4099	178
12	S13	4106	12
12	S13	4340	3
12	S13	4355	12
12	S13	4392	12
12	S13	4458	12
12	S13	4553	3
12	S13	4577	6
12	S13	4719	3
12	S13	4771	6
12	S13	4885	3
12	S13	4892	6
12	S13	4915	12
12	S13	5091	9
12	S13	5095	21
12	S13	5120	12
12	S13	5125	3
12	S13	5135	33
12	S13	5150	12
12	S13	5172	3
12	S13	5204	6
12	S13	5213	24
12	S13	5234	17
12	S13	5247	6
12	S13	5283	6
12	S13	5331	9
12	S13	5394	9
12	S13	5544	3
12	S13	5662	6
12	S13	5670	3
12	S13	5922	12
12	S13	6337	6
12	S13	6556	3
12	S13	6796	3
12	S13	6920	11
12	S13	6943	9
12	S13	6968	18
12	S13	7017	22
12	S13	7036	22
12	S13	7045	7
12	S13	7050	4
12	S13	7063	22
12	S13	7088	91
12	S13	7109	3
12	S13	7114	14
12	S13	7121	3
12	S13	7130	10
12	S13	7137	12
12	S13	7140	5
12	S13	7152	1
12	S13	7171	13
12	S13	7192	1
12	S13	7208	6
12	S13	7212	2
12	S13	7215	9
12	S13	7225	2
12	S13	7265	10
12	S13	7273	8
12	S13	7288	4
12	S13	7292	6
12	S13	7296	12
12	S13	7315	1
12	S13	7324	8
12	S13	7333	19
12	S13	7341	11
12	S13	7350	42
12	S13	7374	2
12	S13	7401	8
12	S13	7409	7
12	S13	7447	11
12	S13	7449	78
12	S13	7459	27
12	S13	7472	28
12	S13	7492	36
12	S13	7511	9
12	S13	7539	2
12	S13	7573	2
12	S13	7576	23
12	S13	7591	4
12	S13	7610	15
12	S13	7618	11
12	S13	7638	10
12	S13	7651	3
12	S13	7672	15
12	S13	7686	3
12	S13	7697	10
12	S13	7701	1
12	S13	7751	5
12	S13	7828	2397
13	S14	1	66
13	S14	8	62
13	S14	37	23
13	S14	463	9
13	S14	482	7
13	S14	581	3
13	S14	584	3
13	S14	594	6
13	S14	599	4
13	S14	627	3
13	S14	639	3
13	S14	667	3
13	S14	692	3
13	S14	760	3
13	S14	832	3
13	S14	854	15
13	S14	942	7
13	S14	978	3
13	S14	1123	13
13	S14	1149	33
13	S14	1181	24
13	S14	1189	2
13	S14	1213	3
13	S14	1227	6
13	S14	1258	13
13	S14	1293	9
13	S14	1302	9
13	S14	1325	7
13	S14	1342	9
13	S14	2654	9
13	S14	2685	6
13	S14	2746	1
13	S14	3104	3
13	S14	3120	6
13	S14	3240	7
13	S14	3278	7
13	S14	3304	21
13	S14	3336	25
13	S14	3339	4
13	S14	3364	3
13	S14	3395	10
13	S14	3443	9
13	S14	3453	22
13	S14	3460	1
13	S14	3466	41
13	S14	3605	3
13	S14	3657	6
13	S14	3782	21
13	S14	3786	5
13	S14	3798	9
13	S14	3813	90
13	S14	3817	71
13	S14	3831	4
13	S14	3868	2
13	S14	3902	21
13	S14	3936	4
13	S14	3989	3
13	S14	4056	17
13	S14	4072	1
13	S14	4074	31
13	S14	4076	90
13	S14	4086	20
13	S14	4096	1
13	S14	4097	3
13	S14	4108	178
13	S14	4115	12
13	S14	4349	3
13	S14	4364	12
13	S14	4401	12
13	S14	4467	12
13	S14	4562	3
13	S14	4586	6
13	S14	4728	3
13	S14	4780	6
13	S14	4894	3
13	S14	4901	6
13	S14	4924	12
13	S14	5100	9
13	S14	5104	21
13	S14	5129	12
13	S14	5134	3
13	S14	5144	33
13	S14	5159	12
13	S14	5181	3
13	S14	5213	6
13	S14	5222	24
13	S14	5243	17
13	S14	5256	6
13	S14	5292	6
13	S14	5340	9
13	S14	5403	9
13	S14	5553	3
13	S14	5671	6
13	S14	5679	3
13	S14	5931	12
13	S14	6346	6
13	S14	6565	3
13	S14	6805	3
13	S14	6929	11
13	S14	6952	9
13	S14	6977	18
13	S14	7026	22
13	S14	7045	22
13	S14	7054	7
13	S14	7059	4
13	S14	7072	22
13	S14	7097	91
13	S14	7118	3
13	S14	7123	14
13	S14	7130	3
13	S14	7139	10
13	S14	7146	12
13	S14	7149	5
13	S14	7161	1
13	S14	7180	13
13	S14	7201	1
13	S14	7217	6
13	S14	7221	2
13	S14	7224	9
13	S14	7234	2
13	S14	7274	10
13	S14	7282	8
13	S14	7297	4
13	S14	7301	6
13	S14	7305	12
13	S14	7324	1
13	S14	7333	8
13	S14	7342	19
13	S14	7350	11
13	S14	7359	42
13	S14	7383	2
13	S14	7410	8
13	S14	7418	7
13	S14	7456	11
13	S14	7458	78
13	S14	7468	27
13	S14	7481	28
13	S14	7501	36
13	S14	7520	9
13	S14	7548	2
13	S14	7582	2
13	S14	7585	23
13	S14	7600	4
13	S14	7619	15
13	S14	7627	11
13	S14	7647	10
13	S14	7660	3
13	S14	7681	15
13	S14	7695	3
13	S14	7706	10
13	S14	7710	1
13	S14	7760	5
13	S14	7837	2397
14	S15	1	66
14	S15	8	62
14	S15	37	23
14	S15	463	9
14	S15	482	7
14	S15	581	3
14	S15	584	3
14	S15	594	6
14	S15	599	4
14	S15	627	3
14	S15	639	3
14	S15	667	3
14	S15	692	3
14	S15	760	3
14	S15	832	3
14	S15	854	15
14	S15	942	7
14	S15	978	3
14	S15	1123	13
14	S15	1149	33
14	S15	1181	24
14	S15	1189	2
14	S15	1213	3
14	S15	1227	6
14	S15	1258	13
14	S15	1293	9
14	S15	1302	9
14	S15	1325	7
14	S15	1342	9
14	S15	2654	9
14	S15	2685	6
14	S15	2746	1
14	S15	3104	3
14	S15	3120	6
14	S15	3240	7
14	S15	3278	7
14	S15	3304	21
14	S15	3336	25
14	S15	3339	4
14	S15	3364	3
14	S15	3395	10
14	S15	3443	9
14	S15	3453	22
14	S15	3460	1
14	S15	3466	41
14	S15	3605	3
14	S15	3657	6
14	S15	3782	21
14	S15	3786	5
14	S15	3798	9
14	S15	3813	90
14	S15	3817	71
14	S15	3831	4
14	S15	3868	2
14	S15	3902	21
14	S15	3936	4
14	S15	3989	3
14	S15	4056	17
14	S15	4072	1
14	S15	4074	31
14	S15	4076	90
14	S15	4086	20
14	S15	4096	1
14	S15	4097	3
14	S15	4108	178
14	S15	4115	12
14	S15	4349	3
14	S15	4364	12
14	S15	4401	12
14	S15	4467	12
14	S15	4562	3
14	S15	4586	6
14	S15	4728	3
14	S15	4780	6
14	S15	4894	3
14	S15	4901	6
14	S15	4924	12
14	S15	5100	9
14	S15	5104	21
14	S15	5129	12
14	S15	5134	3
14	S15	5144	33
14	S15	5159	12
14	S15	5181	3
14	S15	5213	6
14	S15	5222	24
14	S15	5243	17
14	S15	5256	6
14	S15	5292	6
14	S15	5340	9
14	S15	5403	9
14	S15	5553	3
14	S15	5671	6
14	S15	5679	3
14	S15	5931	12
14	S15	6346	6
14	S15	6565	3
14	S15	6805	3
14	S15	6929	11
14	S15	6952	9
14	S15	6977	18
14	S15	7026	22
14	S15	7045	22
14	S15	7054	7
14	S15	7059	4
14	S15	7072	22
14	S15	7097	91
14	S15	7118	3
14	S15	7123	14
14	S15	7130	3
14	S15	7139	10
14	S15	7146	12
14	S15	7149	5
14	S15	7161	1
14	S15	7180	13
14	S15	7201	1
14	S15	7217	6
14	S15	7221	2
14	S15	7224	9
14	S15	7234	2
14	S15	7274	10
14	S15	7282	8
14	S15	7297	4
14	S15	7301	6
14	S15	7305	12
14	S15	7324	1
14	S15	7333	8
14	S15	7342	19
14	S15	7350	11
14	S15	7359	42
14	S15	7383	2
14	S15	7410	8
14	S15	7418	7
14	S15	7456	11
14	S15	7458	78
14	S15	7468	27
14	S15	7481	28
14	S15	7501	36
14	S15	7520	9
14	S15	7548	2
14	S15	7582	2
14	S15	7585	23
14	S15	7600	4
14	S15	7619	15
14	S15	7627	11
14	S15	7647	10
14	S15	7660	3
14	S15	7681	15
14	S15	7695	3
14	S15	7706	10
14	S15	7710	1
14	S15	7760	5
14	S15	7837	2397
15	S16	1	66
15	S16	8	62
15	S16	37	23
15	S16	463	9
15	S16	482	7
15	S16	581	3
15	S16	584	3
15	S16	594	6
15	S16	599	4
15	S16	627	3
15	S16	639	3
15	S16	667	3
15	S16	692	3
15	S16	760	3
15	S16	832	3
15	S16	854	15
15	S16	942	7
15	S16	978	3
15	S16	1123	13
15	S16	1149	33
15	S16	1181	24
15	S16	1189	2
15	S16	1213	3
15	S16	1227	6
15	S16	1258	13
15	S16	1293	9
15	S16	1302	9
15	S16	1325	7
15	S16	1342	9
15	S16	2654	9
15	S16	2685	6
15	S16	2746	1
15	S16	3104	3
15	S16	3120	6
15	S16	3240	7
15	S16	3278	7
15	S16	3304	21
15	S16	3336	25
15	S16	3339	4
15	S16	3364	3
15	S16	3395	10
15	S16	3443	9
15	S16	3453	22
15	S16	3460	1
15	S16	3466	41
15	S16	3605	3
15	S16	3657	6
15	S16	3782	21
15	S16	3786	5
15	S16	3798	9
15	S16	3813	90
15	S16	3817	71
15	S16	3831	4
15	S16	3868	2
15	S16	3902	21
15	S16	3936	4
15	S16	3989	3
15	S16	4056	17
15	S16	4072	1
15	S16	4074	31
15	S16	4076	90
15	S16	4086	20
15	S16	4096	1
15	S16	4097	3
15	S16	4108	178
15	S16	4115	12
15	S16	4349	3
15	S16	4364	12
15	S16	4401	12
15	S16	4467	12
15	S16	4562	3
15	S16	4586	6
15	S16	4728	3
15	S16	4780	6
15	S16	4894	3
15	S16	4901	6
15	S16	4924	12
15	S16	5100	9
15	S16	5104	21
15	S16	5129	12
15	S16	5134	3
15	S16	5144	33
15	S16	5159	12
15	S16	5181	3
15	S16	5213	6
15	S16	5222	24
15	S16	5243	17
15	S16	5256	6
15	S16	5292	6
15	S16	5340	9
15	S16	5403	9
15	S16	5553	3
15	S16	5671	6
15	S16	5679	3
15	S16	5931	12
15	S16	6346	6
15	S16	6565	3
15	S16	6805	3
15	S16	6929	11
15	S16	6952	9
15	S16	6977	18
15	S16	7026	22
15	S16	7045	22
15	S16	7054	7
15	S16	7059	4
15	S16	7072	22
15	S16	7097	91
15	S16	7118	3
15	S16	7123	14
15	S16	7130	3
15	S16	7139	10
15	S16	7146	12
15	S16	7149	5
15	S16	7161	1
15	S16	7180	13
15	S16	7201	1
15	S16	7217	6
15	S16	7221	2
15	S16	7224	9
15	S16	7234	2
15	S16	7274	10
15	S16	7282	8
15	S16	7297	6
15	S16	7299	6
15	S16	7303	12
15	S16	7322	1
15	S16	7331	8
15	S16	7340	19
15	S16	7348	11
15	S16	7357	42
15	S16	7381	2
15	S16	7408	8
15	S16	7416	7
15	S16	7454	11
15	S16	7456	78
15	S16	7466	27
15	S16	7479	28
15	S16	7499	36
15	S16	7518	9
15	S16	7546	2
15	S16	7580	2
15	S16	7583	23
15	S16	7598	4
15	S16	7617	15
15	S16	7625	11
15	S16	7645	10
15	S16	7658	3
15	S16	7679	15
15	S16	7693	3
15	S16	7704	10
15	S16	7708	1
15	S16	7758	5
15	S16	7835	2397
16	S17	1	66
16	S17	8	62
16	S17	37	23
16	S17	463	9
16	S17	482	7
16	S17	581	3
16	S17	584	3
16	S17	594	6
16	S17	599	4
16	S17	627	3
16	S17	639	3
16	S17	667	3
16	S17	692	3
16	S17	760	3
16	S17	832	3
16	S17	854	15
16	S17	942	7
16	S17	978	3
16	S17	1123	13
16	S17	1149	33
16	S17	1181	24
16	S17	1189	2
16	S17	1213	3
16	S17	1227	6
16	S17	1258	13
16	S17	1293	9
16	S17	1302	9
16	S17	1325	7
16	S17	1342	9
16	S17	2654	9
16	S17	2685	6
16	S17	2746	1
16	S17	3104	3
16	S17	3120	6
16	S17	3240	7
16	S17	3278	7
16	S17	3304	21
16	S17	3336	25
16	S17	3339	4
16	S17	3364	3
16	S17	3395	10
16	S17	3443	9
16	S17	3453	22
16	S17	3460	1
16	S17	3466	41
16	S17	3605	3
16	S17	3657	6
16	S17	3782	21
16	S17	3786	5
16	S17	3798	9
16	S17	3813	90
16	S17	3817	71
16	S17	3831	4
16	S17	3868	2
16	S17	3902	21
16	S17	3936	4
16	S17	3989	3
16	S17	4056	17
16	S17	4072	1
16	S17	4074	31
16	S17	4076	90
16	S17	4086	20
16	S17	4096	1
16	S17	4097	3
16	S17	4108	178
16	S17	4115	12
16	S17	4349	3
16	S17	4364	12
16	S17	4401	12
16	S17	4467	12
16	S17	4562	3
16	S17	4586	6
16	S17	4728	3
16	S17	4780	6
16	S17	4894	3
16	S17	4901	6
16	S17	4924	12
16	S17	5100	9
16	S17	5104	21
16	S17	5129	12
16	S17	5134	3
16	S17	5144	33
16	S17	5159	12
16	S17	5181	3
16	S17	5213	6
16	S17	5222	24
16	S17	5243	17
16	S17	5256	6
16	S17	5292	6
16	S17	5340	9
16	S17	5403	9
16	S17	5553	3
16	S17	5671	6
16	S17	5679	3
16	S17	5931	12
16	S17	6346	6
16	S17	6565	3
16	S17	6805	3
16	S17	6929	11
16	S17	6952	9
16	S17	6977	18
16	S17	7026	22
16	S17	7045	22
16	S17	7054	7
16	S17	7059	4
16	S17	7072	22
16	S17	7097	91
16	S17	7118	3
16	S17	7123	14
16	S17	7130	3
16	S17	7139	10
16	S17	7146	12
16	S17	7149	5
16	S17	7161	1
16	S17	7180	13
16	S17	7201	1
16	S17	7217	6
16	S17	7221	2
16	S17	7224	9
16	S17	7234	2
16	S17	7274	10
16	S17	7282	8
16	S17	7297	4
16	S17	7301	6
16	S17	7305	12
16	S17	7324	1
16	S17	7333	8
16	S17	7342	19
16	S17	7350	11
16	S17	7359	42
16	S17	7383	2
16	S17	7410	8
16	S17	7418	7
16	S17	7456	11
16	S17	7458	78
16	S17	7468	27
16	S17	7481	28
16	S17	7501	36
16	S17	7520	9
16	S17	7548	2
16	S17	7582	2
16	S17	7585	23
16	S17	7600	4
16	S17	7619	15
16	S17	7627	11
16	S17	7647	10
16	S17	7660	3
16	S17	7681	15
16	S17	7695	3
16	S17	7706	10
16	S17	7710	1
16	S17	7760	5
16	S17	7837	2397
17	S18	1	139
17	S18	26	23
17	S18	452	9
17	S18	465	1
17	S18	470	7
17	S18	569	3
17	S18	572	3
17	S18	582	6
17	S18	587	4
17	S18	615	3
17	S18	627	3
17	S18	655	3
17	S18	680	3
17	S18	748	3
17	S18	820	3
17	S18	842	15
17	S18	930	7
17	S18	966	3
17	S18	1111	13
17	S18	1137	33
17	S18	1169	24
17	S18	1177	2
17	S18	1201	3
17	S18	1215	6
17	S18	1246	13
17	S18	1281	9
17	S18	1290	9
17	S18	1313	7
17	S18	1330	9
17	S18	2642	9
17	S18	2673	6
17	S18	2734	1
17	S18	3092	3
17	S18	3108	6
17	S18	3228	7
17	S18	3266	7
17	S18	3292	21
17	S18	3324	25
17	S18	3327	4
17	S18	3352	3
17	S18	3383	10
17	S18	3431	9
17	S18	3441	22
17	S18	3448	1
17	S18	3454	41
17	S18	3593	3
17	S18	3645	6
17	S18	3770	21
17	S18	3774	5
17	S18	3777	1
17	S18	3785	9
17	S18	3800	90
17	S18	3804	71
17	S18	3814	22
17	S18	3837	2
17	S18	3871	21
17	S18	3905	4
17	S18	3958	3
17	S18	4025	17
17	S18	4041	1
17	S18	4043	31
17	S18	4045	90
17	S18	4055	20
17	S18	4065	1
17	S18	4066	3
17	S18	4077	178
17	S18	4084	12
17	S18	4318	3
17	S18	4333	12
17	S18	4370	12
17	S18	4436	12
17	S18	4531	3
17	S18	4555	6
17	S18	4697	3
17	S18	4749	6
17	S18	4863	3
17	S18	4870	6
17	S18	4893	12
17	S18	5069	9
17	S18	5073	21
17	S18	5098	12
17	S18	5103	3
17	S18	5113	33
17	S18	5128	12
17	S18	5150	3
17	S18	5182	6
17	S18	5191	24
17	S18	5212	17
17	S18	5225	6
17	S18	5261	6
17	S18	5309	9
17	S18	5372	9
17	S18	5522	3
17	S18	5640	6
17	S18	5648	3
17	S18	5900	12
17	S18	6315	6
17	S18	6534	3
17	S18	6774	3
17	S18	6898	11
17	S18	6921	9
17	S18	6946	18
17	S18	6995	22
17	S18	7014	22
17	S18	7023	7
17	S18	7028	4
17	S18	7041	22
17	S18	7069	85
17	S18	7093	3
17	S18	7098	14
17	S18	7105	3
17	S18	7114	10
17	S18	7121	12
17	S18	7124	5
17	S18	7136	1
17	S18	7155	13
17	S18	7176	1
17	S18	7192	6
17	S18	7196	2
17	S18	7199	9
17	S18	7209	2
17	S18	7249	10
17	S18	7257	8
17	S18	7272	4
17	S18	7276	6
17	S18	7280	12
17	S18	7299	1
17	S18	7308	8
17	S18	7317	19
17	S18	7325	11
17	S18	7334	42
17	S18	7358	2
17	S18	7385	8
17	S18	7393	7
17	S18	7431	11
17	S18	7433	78
17	S18	7442	28
17	S18	7455	28
17	S18	7475	36
17	S18	7494	9
17	S18	7522	2
17	S18	7556	2
17	S18	7559	23
17	S18	7574	4
17	S18	7593	15
17	S18	7601	11
17	S18	7621	10
17	S18	7634	3
17	S18	7655	15
17	S18	7669	3
17	S18	7680	10
17	S18	7684	1
17	S18	7734	4
17	S18	7810	2399
18	S19	1	69
18	S19	5	62
18	S19	34	23
18	S19	460	9
18	S19	473	1
18	S19	478	7
18	S19	577	3
18	S19	580	3
18	S19	590	6
18	S19	595	4
18	S19	623	3
18	S19	635	3
18	S19	663	3
18	S19	688	3
18	S19	756	3
18	S19	828	3
18	S19	850	15
18	S19	938	7
18	S19	974	3
18	S19	1119	13
18	S19	1145	33
18	S19	1177	24
18	S19	1185	2
18	S19	1209	3
18	S19	1223	6
18	S19	1254	13
18	S19	1289	9
18	S19	1298	9
18	S19	1321	7
18	S19	1338	9
18	S19	2650	9
18	S19	2681	6
18	S19	2742	1
18	S19	3100	3
18	S19	3116	6
18	S19	3236	7
18	S19	3274	7
18	S19	3300	21
18	S19	3332	25
18	S19	3335	4
18	S19	3360	3
18	S19	3391	10
18	S19	3439	9
18	S19	3449	22
18	S19	3456	1
18	S19	3462	41
18	S19	3601	3
18	S19	3653	6
18	S19	3778	21
18	S19	3782	5
18	S19	3785	1
18	S19	3793	9
18	S19	3808	90
18	S19	3812	71
18	S19	3822	22
18	S19	3845	2
18	S19	3879	21
18	S19	3913	4
18	S19	3966	3
18	S19	4033	17
18	S19	4049	1
18	S19	4051	31
18	S19	4053	90
18	S19	4063	20
18	S19	4073	1
18	S19	4074	3
18	S19	4085	178
18	S19	4092	12
18	S19	4326	3
18	S19	4341	12
18	S19	4378	12
18	S19	4444	12
18	S19	4539	3
18	S19	4563	6
18	S19	4705	3
18	S19	4757	6
18	S19	4871	3
18	S19	4878	6
18	S19	4901	12
18	S19	5077	9
18	S19	5081	21
18	S19	5106	12
18	S19	5111	3
18	S19	5121	33
18	S19	5136	12
18	S19	5158	3
18	S19	5190	6
18	S19	5199	24
18	S19	5220	17
18	S19	5233	6
18	S19	5269	6
18	S19	5317	9
18	S19	5380	9
18	S19	5530	3
18	S19	5648	6
18	S19	5656	3
18	S19	5908	12
18	S19	6323	6
18	S19	6542	3
18	S19	6782	3
18	S19	6906	11
18	S19	6929	9
18	S19	6954	18
18	S19	7003	22
18	S19	7022	22
18	S19	7031	7
18	S19	7036	4
18	S19	7049	22
18	S19	7077	85
18	S19	7101	3
18	S19	7106	14
18	S19	7113	3
18	S19	7122	10
18	S19	7129	12
18	S19	7132	5
18	S19	7144	1
18	S19	7163	13
18	S19	7184	1
18	S19	7200	6
18	S19	7204	2
18	S19	7207	9
18	S19	7217	2
18	S19	7257	10
18	S19	7265	8
18	S19	7280	4
18	S19	7284	6
18	S19	7288	12
18	S19	7307	1
18	S19	7316	8
18	S19	7325	19
18	S19	7333	11
18	S19	7342	42
18	S19	7366	2
18	S19	7393	8
18	S19	7401	7
18	S19	7439	11
18	S19	7441	78
18	S19	7450	28
18	S19	7463	28
18	S19	7483	36
18	S19	7502	9
18	S19	7530	2
18	S19	7564	2
18	S19	7567	23
18	S19	7582	4
18	S19	7601	15
18	S19	7609	11
18	S19	7629	10
18	S19	7642	3
18	S19	7663	15
18	S19	7677	3
18	S19	7688	10
18	S19	7692	1
18	S19	7742	4
18	S19	7818	2399
19	S20	1	66
19	S20	8	62
19	S20	37	23
19	S20	463	9
19	S20	476	1
19	S20	481	7
19	S20	580	3
19	S20	583	3
19	S20	593	6
19	S20	598	4
19	S20	626	3
19	S20	638	3
19	S20	666	3
19	S20	691	3
19	S20	759	3
19	S20	831	3
19	S20	853	15
19	S20	941	7
19	S20	977	3
19	S20	1122	13
19	S20	1148	33
19	S20	1180	24
19	S20	1188	2
19	S20	1212	3
19	S20	1226	6
19	S20	1257	13
19	S20	1292	9
19	S20	1301	9
19	S20	1324	7
19	S20	1341	9
19	S20	2653	9
19	S20	2684	6
19	S20	2745	1
19	S20	3103	3
19	S20	3119	6
19	S20	3239	7
19	S20	3277	7
19	S20	3303	21
19	S20	3335	25
19	S20	3338	4
19	S20	3363	3
19	S20	3394	10
19	S20	3442	9
19	S20	3452	22
19	S20	3459	1
19	S20	3465	41
19	S20	3604	3
19	S20	3656	6
19	S20	3781	21
19	S20	3785	5
19	S20	3788	1
19	S20	3796	9
19	S20	3811	90
19	S20	3815	71
19	S20	3825	22
19	S20	3848	2
19	S20	3882	21
19	S20	3916	4
19	S20	3969	3
19	S20	4036	17
19	S20	4052	1
19	S20	4054	31
19	S20	4056	90
19	S20	4066	20
19	S20	4076	1
19	S20	4077	3
19	S20	4088	178
19	S20	4095	12
19	S20	4329	3
19	S20	4344	12
19	S20	4381	12
19	S20	4447	12
19	S20	4542	3
19	S20	4566	6
19	S20	4708	3
19	S20	4760	6
19	S20	4874	3
19	S20	4881	6
19	S20	4904	12
19	S20	5080	9
19	S20	5084	21
19	S20	5109	12
19	S20	5114	3
19	S20	5124	33
19	S20	5139	12
19	S20	5161	3
19	S20	5193	6
19	S20	5202	24
19	S20	5223	17
19	S20	5236	6
19	S20	5272	6
19	S20	5320	9
19	S20	5383	9
19	S20	5533	3
19	S20	5651	6
19	S20	5659	3
19	S20	5911	12
19	S20	6326	6
19	S20	6545	3
19	S20	6785	3
19	S20	6909	11
19	S20	6932	9
19	S20	6957	18
19	S20	7006	22
19	S20	7025	22
19	S20	7034	7
19	S20	7039	4
19	S20	7052	22
19	S20	7080	85
19	S20	7104	3
19	S20	7109	14
19	S20	7116	3
19	S20	7125	10
19	S20	7132	12
19	S20	7135	5
19	S20	7147	1
19	S20	7166	13
19	S20	7187	1
19	S20	7203	6
19	S20	7207	2
19	S20	7210	9
19	S20	7220	2
19	S20	7260	10
19	S20	7268	8
19	S20	7283	4
19	S20	7287	6
19	S20	7291	12
19	S20	7310	1
19	S20	7319	8
19	S20	7328	19
19	S20	7336	11
19	S20	7345	42
19	S20	7369	2
19	S20	7396	8
19	S20	7404	7
19	S20	7442	11
19	S20	7444	78
19	S20	7453	28
19	S20	7466	28
19	S20	7486	36
19	S20	7505	9
19	S20	7533	2
19	S20	7567	2
19	S20	7570	23
19	S20	7585	4
19	S20	7604	15
19	S20	7612	11
19	S20	7632	10
19	S20	7645	3
19	S20	7666	15
19	S20	7680	3
19	S20	7691	10
19	S20	7695	1
19	S20	7745	4
19	S20	7823	2397
20	S21	1	66
20	S21	8	62
20	S21	37	23
20	S21	463	9
20	S21	476	1
20	S21	481	7
20	S21	580	3
20	S21	583	3
20	S21	593	6
20	S21	598	4
20	S21	626	3
20	S21	638	3
20	S21	666	3
20	S21	691	3
20	S21	759	3
20	S21	831	3
20	S21	853	15
20	S21	941	7
20	S21	977	3
20	S21	1122	13
20	S21	1148	33
20	S21	1180	24
20	S21	1188	2
20	S21	1212	3
20	S21	1226	6
20	S21	1257	13
20	S21	1292	9
20	S21	1301	9
20	S21	1324	7
20	S21	1341	9
20	S21	2653	9
20	S21	2684	6
20	S21	2745	1
20	S21	3103	3
20	S21	3119	6
20	S21	3239	7
20	S21	3277	7
20	S21	3303	21
20	S21	3335	25
20	S21	3338	4
20	S21	3363	3
20	S21	3394	10
20	S21	3442	9
20	S21	3452	22
20	S21	3459	1
20	S21	3465	41
20	S21	3604	3
20	S21	3656	6
20	S21	3781	21
20	S21	3785	5
20	S21	3788	1
20	S21	3796	9
20	S21	3811	90
20	S21	3815	71
20	S21	3825	22
20	S21	3848	2
20	S21	3882	21
20	S21	3916	4
20	S21	3969	3
20	S21	4036	17
20	S21	4052	1
20	S21	4054	31
20	S21	4056	90
20	S21	4066	20
20	S21	4076	1
20	S21	4077	3
20	S21	4088	178
20	S21	4095	12
20	S21	4329	3
20	S21	4344	12
20	S21	4381	12
20	S21	4447	12
20	S21	4542	3
20	S21	4566	6
20	S21	4708	3
20	S21	4760	6
20	S21	4874	3
20	S21	4881	6
20	S21	4904	12
20	S21	5080	9
20	S21	5084	21
20	S21	5109	12
20	S21	5114	3
20	S21	5124	33
20	S21	5139	12
20	S21	5161	3
20	S21	5193	6
20	S21	5202	24
20	S21	5223	17
20	S21	5236	6
20	S21	5272	6
20	S21	5320	9
20	S21	5383	9
20	S21	5533	3
20	S21	5651	6
20	S21	5659	3
20	S21	5911	12
20	S21	6326	6
20	S21	6545	3
20	S21	6785	3
20	S21	6909	11
20	S21	6932	9
20	S21	6957	18
20	S21	7006	22
20	S21	7025	22
20	S21	7034	7
20	S21	7039	4
20	S21	7052	22
20	S21	7080	85
20	S21	7104	3
20	S21	7109	14
20	S21	7116	3
20	S21	7125	10
20	S21	7132	12
20	S21	7135	5
20	S21	7147	1
20	S21	7166	13
20	S21	7187	1
20	S21	7203	6
20	S21	7207	2
20	S21	7210	9
20	S21	7220	2
20	S21	7260	10
20	S21	7268	8
20	S21	7283	4
20	S21	7287	6
20	S21	7291	12
20	S21	7310	1
20	S21	7319	8
20	S21	7328	19
20	S21	7336	11
20	S21	7345	42
20	S21	7369	2
20	S21	7396	8
20	S21	7404	7
20	S21	7442	11
20	S21	7444	78
20	S21	7453	28
20	S21	7466	28
20	S21	7486	36
20	S21	7505	9
20	S21	7533	2
20	S21	7567	2
20	S21	7570	23
20	S21	7585	4
20	S21	7604	15
20	S21	7612	11
20	S21	7632	10
20	S21	7645	3
20	S21	7666	15
20	S21	7680	3
20	S21	7691	10
20	S21	7695	1
20	S21	7745	4
20	S21	7823	2397
21	S22	1	66
21	S22	8	62
21	S22	37	23
21	S22	463	9
21	S22	476	1
21	S22	481	7
21	S22	580	3
21	S22	583	3
21	S22	593	6
21	S22	598	4
21	S22	626	3
21	S22	638	3
21	S22	666	3
21	S22	691	3
21	S22	759	3
21	S22	831	3
21	S22	853	15
21	S22	941	7
21	S22	977	3
21	S22	1122	13
21	S22	1148	33
21	S22	1180	24
21	S22	1188	2
21	S22	1212	3
21	S22	1226	6
21	S22	1257	13
21	S22	1292	9
21	S22	1301	9
21	S22	1324	7
21	S22	1341	9
21	S22	2653	9
21	S22	2684	6
21	S22	2745	1
21	S22	3103	3
21	S22	3119	6
21	S22	3239	7
21	S22	3277	7
21	S22	3303	21
21	S22	3335	25
21	S22	3338	4
21	S22	3363	3
21	S22	3394	10
21	S22	3442	9
21	S22	3452	22
21	S22	3459	1
21	S22	3465	41
21	S22	3604	3
21	S22	3656	6
21	S22	3781	21
21	S22	3785	5
21	S22	3788	1
21	S22	3796	9
21	S22	3811	90
21	S22	3815	71
21	S22	3825	22
21	S22	3848	2
21	S22	3882	21
21	S22	3916	4
21	S22	3969	3
21	S22	4036	17
21	S22	4052	1
21	S22	4054	31
21	S22	4056	90
21	S22	4066	20
21	S22	4076	1
21	S22	4077	3
21	S22	4088	178
21	S22	4095	12
21	S22	4329	3
21	S22	4344	12
21	S22	4381	12
21	S22	4447	12
21	S22	4542	3
21	S22	4566	6
21	S22	4708	3
21	S22	4760	6
21	S22	4874	3
21	S22	4881	6
21	S22	4904	12
21	S22	5080	9
21	S22	5084	21
21	S22	5109	12
21	S22	5114	3
21	S22	5124	33
21	S22	5139	12
21	S22	5161	3
21	S22	5193	6
21	S22	5202	24
21	S22	5223	17
21	S22	5236	6
21	S22	5272	6
21	S22	5320	9
21	S22	5383	9
21	S22	5533	3
21	S22	5651	6
21	S22	5659	3
21	S22	5911	12
21	S22	6326	6
21	S22	6545	3
21	S22	6785	3
21	S22	6909	11
21	S22	6932	9
21	S22	6957	18
21	S22	7006	22
21	S22	7025	22
21	S22	7034	7
21	S22	7039	4
21	S22	7052	22
21	S22	7080	85
21	S22	7104	3
21	S22	7109	14
21	S22	7116	3
21	S22	7125	10
21	S22	7132	12
21	S22	7135	5
21	S22	7147	1
21	S22	7166	13
21	S22	7187	1
21	S22	7203	6
21	S22	7207	2
21	S22	7210	9
21	S22	7220	2
21	S22	7260	10
21	S22	7268	8
21	S22	7283	4
21	S22	7287	6
21	S22	7291	12
21	S22	7310	1
21	S22	7319	8
21	S22	7328	19
21	S22	7336	11
21	S22	7345	42
21	S22	7369	2
21	S22	7396	8
21	S22	7404	7
21	S22	7442	11
21	S22	7444	78
21	S22	7453	28
21	S22	7466	28
21	S22	7486	36
21	S22	7505	9
21	S22	7533	2
21	S22	7567	2
21	S22	7570	23
21	S22	7585	4
21	S22	7604	15
21	S22	7612	11
21	S22	7632	10
21	S22	7645	3
21	S22	7666	15
21	S22	7680	3
21	S22	7691	10
21	S22	7695	1
21	S22	7745	4
21	S22	7823	2397
22	S23	1	66
22	S23	8	62
22	S23	37	23
22	S23	463	9
22	S23	476	1
22	S23	481	7
22	S23	580	3
22	S23	583	3
22	S23	593	6
22	S23	598	4
22	S23	626	3
22	S23	638	3
22	S23	666	3
22	S23	691	3
22	S23	759	3
22	S23	831	3
22	S23	853	15
22	S23	941	7
22	S23	977	3
22	S23	1122	13
22	S23	1148	33
22	S23	1180	24
22	S23	1188	2
22	S23	1212	3
22	S23	1226	6
22	S23	1257	13
22	S23	1292	9
22	S23	1301	9
22	S23	1324	7
22	S23	1341	9
22	S23	2653	9
22	S23	2684	6
22	S23	2745	1
22	S23	3103	3
22	S23	3119	6
22	S23	3239	7
22	S23	3277	7
22	S23	3303	21
22	S23	3335	25
22	S23	3338	4
22	S23	3363	3
22	S23	3394	10
22	S23	3442	9
22	S23	3452	22
22	S23	3459	1
22	S23	3465	41
22	S23	3604	3
22	S23	3656	6
22	S23	3781	21
22	S23	3785	5
22	S23	3788	1
22	S23	3796	9
22	S23	3811	90
22	S23	3815	71
22	S23	3825	22
22	S23	3848	2
22	S23	3882	21
22	S23	3916	4
22	S23	3969	3
22	S23	4036	17
22	S23	4052	1
22	S23	4054	31
22	S23	4056	90
22	S23	4066	20
22	S23	4076	1
22	S23	4077	3
22	S23	4088	178
22	S23	4095	12
22	S23	4329	3
22	S23	4344	12
22	S23	4381	12
22	S23	4447	12
22	S23	4542	3
22	S23	4566	6
22	S23	4708	3
22	S23	4760	6
22	S23	4874	3
22	S23	4881	6
22	S23	4904	12
22	S23	5080	9
22	S23	5084	21
22	S23	5109	12
22	S23	5114	3
22	S23	5124	33
22	S23	5139	12
22	S23	5161	3
22	S23	5193	6
22	S23	5202	24
22	S23	5223	17
22	S23	5236	6
22	S23	5272	6
22	S23	5320	9
22	S23	5383	9
22	S23	5533	3
22	S23	5651	6
22	S23	5659	3
22	S23	5911	12
22	S23	6326	6
22	S23	6545	3
22	S23	6785	3
22	S23	6909	11
22	S23	6932	9
22	S23	6957	18
22	S23	7006	22
22	S23	7025	22
22	S23	7034	7
22	S23	7039	4
22	S23	7052	22
22	S23	7080	85
22	S23	7104	3
22	S23	7109	14
22	S23	7116	3
22	S23	7125	10
22	S23	7132	12
22	S23	7135	5
22	S23	7147	1
22	S23	7166	13
22	S23	7187	1
22	S23	7203	6
22	S23	7207	2
22	S23	7210	9
22	S23	7220	2
22	S23	7260	10
22	S23	7268	8
22	S23	7283	4
22	S23	7287	6
22	S23	7291	12
22	S23	7298	8
22	S23	7302	1
22	S23	7311	8
22	S23	7320	19
22	S23	7328	11
22	S23	7337	42
22	S23	7361	2
22	S23	7388	8
22	S23	7396	7
22	S23	7434	11
22	S23	7436	78
22	S23	7445	28
22	S23	7458	28
22	S23	7478	36
22	S23	7497	9
22	S23	7525	2
22	S23	7559	2
22	S23	7562	23
22	S23	7577	4
22	S23	7596	15
22	S23	7604	11
22	S23	7624	10
22	S23	7637	3
22	S23	7658	15
22	S23	7672	3
22	S23	7683	10
22	S23	7687	1
22	S23	7737	4
22	S23	7815	2397
