# Start coordinate are with the genome as reference (not MSA).
# Count starts from zero (first position = 1).
seqID	seqName	start	length
0	S1	1	18
0	S1	7	1
0	S1	38	2
0	S1	130	39
0	S1	518	21
0	S1	521	45
0	S1	574	6
0	S1	581	6
0	S1	629	6
0	S1	634	4
0	S1	638	48
0	S1	660	3
0	S1	804	3
0	S1	812	1
0	S1	818	1
0	S1	826	3
0	S1	848	15
0	S1	936	7
0	S1	982	1
0	S1	1008	5
0	S1	1115	3
0	S1	1150	20
0	S1	1209	4
0	S1	1214	10
0	S1	1227	2
0	S1	1237	3
0	S1	1250	62
0	S1	1283	18
0	S1	1335	3
0	S1	1345	12
0	S1	1346	6
0	S1	2666	12
0	S1	2725	1
0	S1	3082	6
0	S1	3222	7
0	S1	3260	7
0	S1	3287	18
0	S1	3349	2
0	S1	3374	10
0	S1	3382	42
0	S1	3407	26
0	S1	3427	5
0	S1	3441	18
0	S1	3462	3
0	S1	3473	12
0	S1	3489	3
0	S1	3584	3
0	S1	3638	3
0	S1	3737	15
0	S1	3749	21
0	S1	3761	1
0	S1	3800	32
0	S1	3804	8
0	S1	3851	68
0	S1	3892	15
0	S1	3940	9
0	S1	4016	16
0	S1	4068	40
0	S1	4076	1
0	S1	4093	15
0	S1	4096	90
0	S1	4104	21
0	S1	4139	46
0	S1	4146	96
0	S1	4159	21
0	S1	4403	3
0	S1	4414	12
0	S1	4451	12
0	S1	4517	12
0	S1	4604	9
0	S1	4778	3
0	S1	4830	6
0	S1	4954	6
0	S1	4977	6
0	S1	5159	9
0	S1	5166	18
0	S1	5191	12
0	S1	5196	3
0	S1	5209	33
0	S1	5254	6
0	S1	5284	2
0	S1	5297	4
0	S1	5330	29
0	S1	5348	29
0	S1	5352	4
0	S1	5382	5
0	S1	5397	9
0	S1	5403	4
0	S1	5456	9
0	S1	5606	3
0	S1	5724	6
0	S1	5732	6
0	S1	5970	3
0	S1	5978	12
0	S1	6393	6
0	S1	6407	6
0	S1	6600	9
0	S1	6967	11
0	S1	6992	6
0	S1	6994	3
0	S1	7015	21
0	S1	7063	20
0	S1	7074	47
0	S1	7088	32
0	S1	7104	103
0	S1	7111	1
0	S1	7119	2
0	S1	7125	13
0	S1	7132	3
0	S1	7142	9
0	S1	7160	2
0	S1	7162	5
0	S1	7174	11
0	S1	7212	1
0	S1	7233	62
0	S1	7262	20
0	S1	7276	17
0	S1	7298	10
0	S1	7300	8
0	S1	7309	12
0	S1	7311	4
0	S1	7320	11
0	S1	7329	42
0	S1	7349	26
0	S1	7353	5
0	S1	7363	15
0	S1	7376	6
0	S1	7381	99
0	S1	7402	9
0	S1	7428	9
0	S1	7459	3
0	S1	7514	13
0	S1	7526	9
0	S1	7566	1
0	S1	7570	26
0	S1	7598	2
0	S1	7605	9
0	S1	7615	18
0	S1	7632	8
0	S1	7647	1
0	S1	7654	47
0	S1	7664	10
0	S1	7668	1
0	S1	7679	3
0	S1	7710	2484
1	S2	1	3
1	S2	11	4
1	S2	18	1
1	S2	49	2
1	S2	74	1
1	S2	140	39
1	S2	528	21
1	S2	531	45
1	S2	584	6
1	S2	591	6
1	S2	639	6
1	S2	644	4
1	S2	648	48
1	S2	670	3
1	S2	814	3
1	S2	822	1
1	S2	828	1
1	S2	836	3
1	S2	858	15
1	S2	946	7
1	S2	992	1
1	S2	1018	5
1	S2	1125	3
1	S2	1160	20
1	S2	1219	4
1	S2	1224	10
1	S2	1237	2
1	S2	1247	3
1	S2	1260	62
1	S2	1293	18
1	S2	1345	3
1	S2	1355	12
1	S2	1356	6
1	S2	2676	12
1	S2	2735	1
1	S2	3092	6
1	S2	3232	7
1	S2	3270	7
1	S2	3297	18
1	S2	3359	2
1	S2	3384	10
1	S2	3392	42
1	S2	3417	26
1	S2	3437	5
1	S2	3451	18
1	S2	3472	3
1	S2	3483	12
1	S2	3499	3
1	S2	3594	3
1	S2	3648	3
1	S2	3747	15
1	S2	3759	21
1	S2	3771	1
1	S2	3810	32
1	S2	3814	8
1	S2	3861	68
1	S2	3902	15
1	S2	3950	9
1	S2	4026	16
1	S2	4078	40
1	S2	4086	1
1	S2	4103	15
1	S2	4106	90
1	S2	4114	21
1	S2	4149	46
1	S2	4156	96
1	S2	4169	21
1	S2	4413	3
1	S2	4424	12
1	S2	4461	12
1	S2	4527	12
1	S2	4614	9
1	S2	4788	3
1	S2	4840	6
1	S2	4964	6
1	S2	4987	6
1	S2	5169	9
1	S2	5176	18
1	S2	5201	12
1	S2	5206	3
1	S2	5219	33
1	S2	5264	6
1	S2	5294	2
1	S2	5307	4
1	S2	5340	29
1	S2	5358	29
1	S2	5362	4
1	S2	5392	5
1	S2	5407	9
1	S2	5413	4
1	S2	5466	9
1	S2	5616	3
1	S2	5734	6
1	S2	5742	6
1	S2	5980	3
1	S2	5988	12
1	S2	6403	6
1	S2	6417	6
1	S2	6610	9
1	S2	6977	11
1	S2	7002	6
1	S2	7004	3
1	S2	7025	21
1	S2	7073	20
1	S2	7084	47
1	S2	7098	32
1	S2	7114	103
1	S2	7121	1
1	S2	7129	2
1	S2	7135	13
1	S2	7142	3
1	S2	7152	9
1	S2	7170	2
1	S2	7172	5
1	S2	7184	11
1	S2	7222	1
1	S2	7243	62
1	S2	7272	20
1	S2	7286	17
1	S2	7308	10
1	S2	7310	8
1	S2	7319	12
1	S2	7321	4
1	S2	7330	11
1	S2	7339	42
1	S2	7359	26
1	S2	7363	5
1	S2	7373	15
1	S2	7386	6
1	S2	7391	99
1	S2	7412	9
1	S2	7438	9
1	S2	7469	3
1	S2	7524	13
1	S2	7536	9
1	S2	7576	1
1	S2	7580	26
1	S2	7608	2
1	S2	7615	9
1	S2	7625	18
1	S2	7642	8
1	S2	7657	1
1	S2	7664	47
1	S2	7674	10
1	S2	7678	1
1	S2	7689	3
1	S2	7709	2495
2	S3	1	3
2	S3	11	4
2	S3	18	1
2	S3	49	2
2	S3	74	1
2	S3	140	39
2	S3	528	21
2	S3	531	45
2	S3	584	6
2	S3	591	6
2	S3	639	6
2	S3	644	4
2	S3	648	48
2	S3	670	3
2	S3	814	3
2	S3	822	1
2	S3	828	1
2	S3	836	3
2	S3	858	15
2	S3	946	7
2	S3	992	1
2	S3	1018	5
2	S3	1125	3
2	S3	1160	20
2	S3	1219	4
2	S3	1224	10
2	S3	1237	2
2	S3	1247	3
2	S3	1260	62
2	S3	1293	18
2	S3	1345	3
2	S3	1355	12
2	S3	1356	6
2	S3	2676	12
2	S3	2735	1
2	S3	3092	6
2	S3	3232	7
2	S3	3270	7
2	S3	3297	18
2	S3	3359	2
2	S3	3384	10
2	S3	3392	42
2	S3	3417	26
2	S3	3437	5
2	S3	3451	18
2	S3	3472	3
2	S3	3483	12
2	S3	3499	3
2	S3	3594	3
2	S3	3648	3
2	S3	3747	15
2	S3	3759	21
2	S3	3771	1
2	S3	3810	32
2	S3	3814	8
2	S3	3863	28
2	S3	3883	17
2	S3	3925	15
2	S3	3973	9
2	S3	4049	16
2	S3	4101	40
2	S3	4109	1
2	S3	4126	15
2	S3	4129	90
2	S3	4137	21
2	S3	4172	46
2	S3	4179	96
2	S3	4192	21
2	S3	4436	3
2	S3	4447	12
2	S3	4484	12
2	S3	4550	12
2	S3	4637	9
2	S3	4811	3
2	S3	4863	6
2	S3	4987	6
2	S3	5010	6
2	S3	5192	9
2	S3	5199	18
2	S3	5224	12
2	S3	5229	3
2	S3	5242	33
2	S3	5287	6
2	S3	5317	2
2	S3	5330	4
2	S3	5363	29
2	S3	5381	29
2	S3	5385	4
2	S3	5415	5
2	S3	5430	9
2	S3	5436	4
2	S3	5489	9
2	S3	5639	3
2	S3	5757	6
2	S3	5765	6
2	S3	6003	3
2	S3	6011	12
2	S3	6426	6
2	S3	6440	6
2	S3	6633	9
2	S3	7000	11
2	S3	7025	6
2	S3	7027	3
2	S3	7048	21
2	S3	7096	20
2	S3	7107	47
2	S3	7121	32
2	S3	7137	103
2	S3	7144	1
2	S3	7152	2
2	S3	7158	13
2	S3	7165	3
2	S3	7175	9
2	S3	7193	2
2	S3	7195	5
2	S3	7207	11
2	S3	7245	1
2	S3	7266	62
2	S3	7295	20
2	S3	7309	17
2	S3	7331	10
2	S3	7333	8
2	S3	7342	12
2	S3	7344	4
2	S3	7353	11
2	S3	7362	42
2	S3	7382	26
2	S3	7386	5
2	S3	7396	15
2	S3	7409	6
2	S3	7414	99
2	S3	7435	9
2	S3	7461	9
2	S3	7492	3
2	S3	7547	13
2	S3	7559	9
2	S3	7599	1
2	S3	7603	26
2	S3	7631	2
2	S3	7638	9
2	S3	7648	18
2	S3	7665	8
2	S3	7680	1
2	S3	7687	47
2	S3	7697	10
2	S3	7701	1
2	S3	7712	3
2	S3	7732	2495
3	S4	1	18
3	S4	7	1
3	S4	38	2
3	S4	63	1
3	S4	129	39
3	S4	517	21
3	S4	520	45
3	S4	573	6
3	S4	580	6
3	S4	628	6
3	S4	633	4
3	S4	637	48
3	S4	659	3
3	S4	803	3
3	S4	811	1
3	S4	817	1
3	S4	825	3
3	S4	847	15
3	S4	935	7
3	S4	971	3
3	S4	978	1
3	S4	1004	5
3	S4	1111	3
3	S4	1146	20
3	S4	1205	4
3	S4	1210	10
3	S4	1223	2
3	S4	1233	3
3	S4	1246	62
3	S4	1279	18
3	S4	1331	3
3	S4	1341	12
3	S4	1342	6
3	S4	2662	12
3	S4	2721	1
3	S4	3078	6
3	S4	3218	7
3	S4	3256	7
3	S4	3283	18
3	S4	3345	2
3	S4	3370	10
3	S4	3378	42
3	S4	3403	26
3	S4	3423	5
3	S4	3437	18
3	S4	3458	3
3	S4	3469	12
3	S4	3485	3
3	S4	3580	3
3	S4	3634	3
3	S4	3733	15
3	S4	3745	21
3	S4	3757	1
3	S4	3793	36
3	S4	3796	8
3	S4	3845	28
3	S4	3865	17
3	S4	3907	15
3	S4	3955	9
3	S4	4031	16
3	S4	4083	40
3	S4	4091	1
3	S4	4108	15
3	S4	4111	90
3	S4	4119	21
3	S4	4154	46
3	S4	4161	96
3	S4	4174	21
3	S4	4418	3
3	S4	4429	12
3	S4	4466	12
3	S4	4532	12
3	S4	4619	9
3	S4	4793	3
3	S4	4845	6
3	S4	4969	6
3	S4	4992	6
3	S4	5174	9
3	S4	5181	18
3	S4	5206	12
3	S4	5211	3
3	S4	5224	33
3	S4	5269	6
3	S4	5299	2
3	S4	5312	4
3	S4	5345	29
3	S4	5363	29
3	S4	5367	4
3	S4	5397	5
3	S4	5412	9
3	S4	5418	4
3	S4	5471	9
3	S4	5621	3
3	S4	5739	6
3	S4	5747	6
3	S4	5985	3
3	S4	5993	12
3	S4	6408	6
3	S4	6422	6
3	S4	6615	9
3	S4	6982	11
3	S4	7007	6
3	S4	7009	3
3	S4	7030	21
3	S4	7078	20
3	S4	7089	47
3	S4	7103	32
3	S4	7119	103
3	S4	7126	1
3	S4	7134	2
3	S4	7140	13
3	S4	7147	3
3	S4	7157	9
3	S4	7175	2
3	S4	7177	5
3	S4	7189	11
3	S4	7208	7
3	S4	7220	1
3	S4	7241	62
3	S4	7270	20
3	S4	7284	17
3	S4	7306	10
3	S4	7308	8
3	S4	7317	12
3	S4	7319	4
3	S4	7328	11
3	S4	7337	42
3	S4	7357	26
3	S4	7361	5
3	S4	7371	15
3	S4	7384	6
3	S4	7389	99
3	S4	7410	9
3	S4	7436	9
3	S4	7467	3
3	S4	7522	13
3	S4	7534	9
3	S4	7574	1
3	S4	7578	26
3	S4	7606	2
3	S4	7613	9
3	S4	7623	18
3	S4	7640	8
3	S4	7655	1
3	S4	7662	47
3	S4	7672	10
3	S4	7676	1
3	S4	7687	3
3	S4	7718	2484
4	S5	1	3
4	S5	11	4
4	S5	18	1
4	S5	49	2
4	S5	74	1
4	S5	140	39
4	S5	528	21
4	S5	531	45
4	S5	584	6
4	S5	591	6
4	S5	639	6
4	S5	644	4
4	S5	648	48
4	S5	670	3
4	S5	814	3
4	S5	822	1
4	S5	828	1
4	S5	836	3
4	S5	858	15
4	S5	946	7
4	S5	982	3
4	S5	989	1
4	S5	1015	5
4	S5	1122	3
4	S5	1157	20
4	S5	1216	4
4	S5	1221	10
4	S5	1234	2
4	S5	1244	3
4	S5	1257	62
4	S5	1290	18
4	S5	1342	3
4	S5	1352	12
4	S5	1353	6
4	S5	2673	12
4	S5	2732	1
4	S5	3089	6
4	S5	3229	7
4	S5	3267	7
4	S5	3294	18
4	S5	3356	2
4	S5	3381	10
4	S5	3389	42
4	S5	3414	26
4	S5	3434	5
4	S5	3448	18
4	S5	3469	3
4	S5	3480	12
4	S5	3496	3
4	S5	3591	3
4	S5	3645	3
4	S5	3744	15
4	S5	3756	21
4	S5	3768	1
4	S5	3804	36
4	S5	3807	8
4	S5	3856	28
4	S5	3876	17
4	S5	3918	15
4	S5	3966	9
4	S5	4042	16
4	S5	4094	40
4	S5	4102	1
4	S5	4119	15
4	S5	4122	90
4	S5	4130	21
4	S5	4165	46
4	S5	4172	96
4	S5	4185	21
4	S5	4429	3
4	S5	4440	12
4	S5	4477	12
4	S5	4543	12
4	S5	4630	9
4	S5	4804	3
4	S5	4856	6
4	S5	4980	6
4	S5	5003	6
4	S5	5185	9
4	S5	5192	18
4	S5	5217	12
4	S5	5222	3
4	S5	5235	33
4	S5	5280	6
4	S5	5310	2
4	S5	5323	4
4	S5	5356	29
4	S5	5374	29
4	S5	5378	4
4	S5	5408	5
4	S5	5423	9
4	S5	5429	4
4	S5	5482	9
4	S5	5632	3
4	S5	5750	6
4	S5	5758	6
4	S5	5996	3
4	S5	6004	12
4	S5	6419	6
4	S5	6433	6
4	S5	6626	9
4	S5	6993	11
4	S5	7018	6
4	S5	7020	3
4	S5	7041	21
4	S5	7089	20
4	S5	7100	47
4	S5	7114	32
4	S5	7130	103
4	S5	7137	1
4	S5	7145	2
4	S5	7151	13
4	S5	7158	3
4	S5	7168	9
4	S5	7186	2
4	S5	7188	5
4	S5	7200	11
4	S5	7219	7
4	S5	7231	1
4	S5	7252	62
4	S5	7281	20
4	S5	7295	17
4	S5	7317	10
4	S5	7319	8
4	S5	7328	12
4	S5	7330	4
4	S5	7339	11
4	S5	7348	42
4	S5	7368	26
4	S5	7372	5
4	S5	7382	15
4	S5	7395	6
4	S5	7400	99
4	S5	7421	9
4	S5	7447	9
4	S5	7478	3
4	S5	7533	13
4	S5	7545	9
4	S5	7585	1
4	S5	7589	26
4	S5	7617	2
4	S5	7624	9
4	S5	7634	18
4	S5	7651	8
4	S5	7666	1
4	S5	7673	47
4	S5	7683	10
4	S5	7687	1
4	S5	7698	3
4	S5	7718	2495
5	S6	1	3
5	S6	11	4
5	S6	18	1
5	S6	49	2
5	S6	74	1
5	S6	140	39
5	S6	528	21
5	S6	531	45
5	S6	584	6
5	S6	591	6
5	S6	639	6
5	S6	644	4
5	S6	648	48
5	S6	670	3
5	S6	814	3
5	S6	822	1
5	S6	828	1
5	S6	836	3
5	S6	858	15
5	S6	946	7
5	S6	982	3
5	S6	989	1
5	S6	1015	5
5	S6	1122	3
5	S6	1157	20
5	S6	1216	4
5	S6	1221	10
5	S6	1234	2
5	S6	1244	3
5	S6	1257	62
5	S6	1290	18
5	S6	1342	3
5	S6	1352	12
5	S6	1353	6
5	S6	2670	15
5	S6	2729	1
5	S6	3086	6
5	S6	3226	7
5	S6	3264	7
5	S6	3291	18
5	S6	3353	2
5	S6	3378	10
5	S6	3386	42
5	S6	3411	26
5	S6	3431	5
5	S6	3445	18
5	S6	3466	3
5	S6	3477	12
5	S6	3591	3
5	S6	3645	3
5	S6	3744	15
5	S6	3756	21
5	S6	3768	1
5	S6	3777	1
5	S6	3806	32
5	S6	3810	8
5	S6	3859	28
5	S6	3871	26
5	S6	3975	9
5	S6	4031	1
5	S6	4050	16
5	S6	4102	40
5	S6	4110	1
5	S6	4127	15
5	S6	4130	90
5	S6	4139	9
5	S6	4185	46
5	S6	4192	96
5	S6	4205	21
5	S6	4449	3
5	S6	4460	12
5	S6	4497	12
5	S6	4563	12
5	S6	4650	9
5	S6	4824	3
5	S6	4876	6
5	S6	5000	6
5	S6	5023	6
5	S6	5205	9
5	S6	5212	18
5	S6	5237	12
5	S6	5242	3
5	S6	5255	33
5	S6	5300	6
5	S6	5330	2
5	S6	5343	4
5	S6	5376	29
5	S6	5394	29
5	S6	5398	4
5	S6	5428	5
5	S6	5443	9
5	S6	5449	4
5	S6	5502	9
5	S6	5652	3
5	S6	5770	6
5	S6	5778	6
5	S6	6016	3
5	S6	6024	12
5	S6	6439	6
5	S6	6453	6
5	S6	6646	9
5	S6	7013	11
5	S6	7038	6
5	S6	7040	3
5	S6	7061	21
5	S6	7109	20
5	S6	7125	30
5	S6	7129	7
5	S6	7144	32
5	S6	7166	95
5	S6	7175	1
5	S6	7183	2
5	S6	7189	13
5	S6	7196	3
5	S6	7206	9
5	S6	7224	2
5	S6	7226	5
5	S6	7238	11
5	S6	7245	22
5	S6	7254	1
5	S6	7275	62
5	S6	7307	6
5	S6	7332	17
5	S6	7354	10
5	S6	7356	8
5	S6	7365	12
5	S6	7380	11
5	S6	7389	42
5	S6	7409	26
5	S6	7413	5
5	S6	7423	15
5	S6	7436	6
5	S6	7441	99
5	S6	7462	9
5	S6	7488	9
5	S6	7519	3
5	S6	7574	13
5	S6	7587	8
5	S6	7627	1
5	S6	7631	26
5	S6	7659	2
5	S6	7666	9
5	S6	7676	18
5	S6	7693	8
5	S6	7708	1
5	S6	7715	47
5	S6	7725	10
5	S6	7729	1
5	S6	7740	3
5	S6	7760	2495
6	S7	1	3
6	S7	11	4
6	S7	18	1
6	S7	49	2
6	S7	74	1
6	S7	140	39
6	S7	528	21
6	S7	531	45
6	S7	584	6
6	S7	591	6
6	S7	639	6
6	S7	644	4
6	S7	648	48
6	S7	670	3
6	S7	814	3
6	S7	822	1
6	S7	828	1
6	S7	836	3
6	S7	858	15
6	S7	946	7
6	S7	982	3
6	S7	989	1
6	S7	1015	5
6	S7	1122	3
6	S7	1157	20
6	S7	1216	4
6	S7	1221	10
6	S7	1234	2
6	S7	1244	3
6	S7	1257	62
6	S7	1290	18
6	S7	1342	3
6	S7	1352	12
6	S7	1353	6
6	S7	2670	15
6	S7	2729	1
6	S7	3086	6
6	S7	3226	7
6	S7	3264	7
6	S7	3291	18
6	S7	3353	2
6	S7	3378	10
6	S7	3386	42
6	S7	3411	26
6	S7	3431	5
6	S7	3445	18
6	S7	3466	3
6	S7	3477	12
6	S7	3591	3
6	S7	3645	3
6	S7	3744	15
6	S7	3756	21
6	S7	3768	1
6	S7	3777	1
6	S7	3806	32
6	S7	3810	8
6	S7	3859	28
6	S7	3871	26
6	S7	3975	9
6	S7	4051	16
6	S7	4103	40
6	S7	4111	1
6	S7	4128	15
6	S7	4131	90
6	S7	4140	9
6	S7	4186	46
6	S7	4193	96
6	S7	4206	21
6	S7	4450	3
6	S7	4461	12
6	S7	4498	12
6	S7	4564	12
6	S7	4651	9
6	S7	4825	3
6	S7	4877	6
6	S7	5001	6
6	S7	5024	6
6	S7	5206	9
6	S7	5213	18
6	S7	5238	12
6	S7	5243	3
6	S7	5256	33
6	S7	5301	6
6	S7	5331	2
6	S7	5344	4
6	S7	5377	29
6	S7	5395	29
6	S7	5399	4
6	S7	5429	5
6	S7	5444	9
6	S7	5450	4
6	S7	5503	9
6	S7	5653	3
6	S7	5771	6
6	S7	5779	6
6	S7	6017	3
6	S7	6025	12
6	S7	6440	6
6	S7	6454	6
6	S7	6647	9
6	S7	7014	11
6	S7	7039	6
6	S7	7041	3
6	S7	7062	21
6	S7	7110	20
6	S7	7126	30
6	S7	7130	7
6	S7	7145	32
6	S7	7167	95
6	S7	7176	1
6	S7	7184	2
6	S7	7190	13
6	S7	7197	3
6	S7	7207	9
6	S7	7225	2
6	S7	7227	5
6	S7	7239	11
6	S7	7246	22
6	S7	7255	1
6	S7	7276	62
6	S7	7308	6
6	S7	7329	117
6	S7	7331	42
6	S7	7351	26
6	S7	7355	5
6	S7	7365	15
6	S7	7378	6
6	S7	7383	99
6	S7	7404	9
6	S7	7430	9
6	S7	7461	3
6	S7	7516	13
6	S7	7529	8
6	S7	7569	1
6	S7	7573	26
6	S7	7601	2
6	S7	7608	9
6	S7	7618	18
6	S7	7635	8
6	S7	7650	1
6	S7	7657	47
6	S7	7667	10
6	S7	7671	1
6	S7	7682	3
6	S7	7702	2495
7	S8	1	3
7	S8	11	4
7	S8	18	1
7	S8	49	2
7	S8	74	1
7	S8	140	39
7	S8	528	21
7	S8	531	45
7	S8	584	6
7	S8	591	6
7	S8	639	6
7	S8	644	4
7	S8	648	48
7	S8	670	3
7	S8	814	3
7	S8	822	1
7	S8	828	1
7	S8	836	3
7	S8	858	15
7	S8	946	7
7	S8	982	3
7	S8	989	1
7	S8	1015	5
7	S8	1122	3
7	S8	1157	20
7	S8	1216	4
7	S8	1221	10
7	S8	1234	2
7	S8	1244	3
7	S8	1257	62
7	S8	1290	18
7	S8	1342	3
7	S8	1352	12
7	S8	1353	6
7	S8	2670	15
7	S8	2729	1
7	S8	3086	6
7	S8	3226	7
7	S8	3264	7
7	S8	3291	18
7	S8	3353	2
7	S8	3378	10
7	S8	3386	42
7	S8	3411	26
7	S8	3431	5
7	S8	3445	18
7	S8	3466	3
7	S8	3477	12
7	S8	3591	3
7	S8	3645	3
7	S8	3744	15
7	S8	3756	21
7	S8	3768	1
7	S8	3777	1
7	S8	3806	32
7	S8	3810	8
7	S8	3859	28
7	S8	3871	26
7	S8	3975	9
7	S8	4051	16
7	S8	4103	40
7	S8	4111	1
7	S8	4128	15
7	S8	4131	90
7	S8	4140	9
7	S8	4186	46
7	S8	4193	96
7	S8	4206	21
7	S8	4450	3
7	S8	4461	12
7	S8	4498	12
7	S8	4564	12
7	S8	4651	9
7	S8	4825	3
7	S8	4877	6
7	S8	5001	6
7	S8	5024	6
7	S8	5206	9
7	S8	5213	18
7	S8	5238	12
7	S8	5243	3
7	S8	5256	33
7	S8	5301	6
7	S8	5331	2
7	S8	5344	4
7	S8	5377	29
7	S8	5395	29
7	S8	5399	4
7	S8	5429	5
7	S8	5444	9
7	S8	5450	4
7	S8	5503	9
7	S8	5653	3
7	S8	5771	6
7	S8	5779	6
7	S8	6017	3
7	S8	6025	12
7	S8	6440	6
7	S8	6454	6
7	S8	6647	9
7	S8	7014	11
7	S8	7039	6
7	S8	7041	3
7	S8	7062	21
7	S8	7110	20
7	S8	7126	30
7	S8	7130	7
7	S8	7145	32
7	S8	7167	95
7	S8	7176	1
7	S8	7184	2
7	S8	7190	13
7	S8	7197	3
7	S8	7207	9
7	S8	7225	2
7	S8	7227	5
7	S8	7239	11
7	S8	7246	22
7	S8	7255	1
7	S8	7276	62
7	S8	7308	6
7	S8	7333	17
7	S8	7355	10
7	S8	7357	8
7	S8	7366	12
7	S8	7381	11
7	S8	7390	42
7	S8	7410	26
7	S8	7414	5
7	S8	7424	15
7	S8	7431	1
7	S8	7436	6
7	S8	7441	99
7	S8	7462	9
7	S8	7488	9
7	S8	7519	3
7	S8	7574	13
7	S8	7587	8
7	S8	7627	1
7	S8	7631	26
7	S8	7659	2
7	S8	7666	9
7	S8	7676	18
7	S8	7693	8
7	S8	7708	1
7	S8	7715	47
7	S8	7725	10
7	S8	7729	1
7	S8	7740	3
7	S8	7760	2495
8	S9	1	3
8	S9	11	4
8	S9	18	1
8	S9	49	2
8	S9	74	1
8	S9	140	39
8	S9	528	21
8	S9	531	45
8	S9	584	6
8	S9	591	6
8	S9	639	6
8	S9	644	4
8	S9	648	48
8	S9	670	3
8	S9	814	3
8	S9	822	1
8	S9	828	1
8	S9	836	3
8	S9	858	15
8	S9	946	7
8	S9	982	3
8	S9	989	1
8	S9	1015	5
8	S9	1122	3
8	S9	1157	20
8	S9	1216	4
8	S9	1221	10
8	S9	1234	2
8	S9	1244	3
8	S9	1257	62
8	S9	1290	18
8	S9	1342	3
8	S9	1352	12
8	S9	1353	6
8	S9	2670	15
8	S9	2729	1
8	S9	3086	6
8	S9	3226	7
8	S9	3264	7
8	S9	3291	18
8	S9	3353	2
8	S9	3378	10
8	S9	3386	42
8	S9	3411	26
8	S9	3431	5
8	S9	3445	18
8	S9	3466	3
8	S9	3477	12
8	S9	3591	3
8	S9	3645	3
8	S9	3744	15
8	S9	3756	21
8	S9	3768	1
8	S9	3777	1
8	S9	3806	32
8	S9	3810	8
8	S9	3859	28
8	S9	3871	26
8	S9	3975	9
8	S9	4051	16
8	S9	4103	40
8	S9	4111	1
8	S9	4128	15
8	S9	4131	90
8	S9	4140	9
8	S9	4186	46
8	S9	4193	96
8	S9	4206	21
8	S9	4450	3
8	S9	4461	12
8	S9	4498	12
8	S9	4564	12
8	S9	4651	9
8	S9	4825	3
8	S9	4877	6
8	S9	5001	6
8	S9	5024	6
8	S9	5206	9
8	S9	5213	18
8	S9	5238	12
8	S9	5243	3
8	S9	5256	33
8	S9	5301	6
8	S9	5331	2
8	S9	5344	4
8	S9	5377	29
8	S9	5395	29
8	S9	5399	4
8	S9	5429	5
8	S9	5444	9
8	S9	5450	4
8	S9	5503	9
8	S9	5653	3
8	S9	5771	6
8	S9	5779	6
8	S9	6017	3
8	S9	6025	12
8	S9	6440	6
8	S9	6454	6
8	S9	6647	9
8	S9	7014	11
8	S9	7039	6
8	S9	7041	3
8	S9	7062	21
8	S9	7110	20
8	S9	7126	30
8	S9	7130	7
8	S9	7145	32
8	S9	7167	95
8	S9	7176	1
8	S9	7184	2
8	S9	7190	13
8	S9	7197	3
8	S9	7207	9
8	S9	7225	2
8	S9	7227	5
8	S9	7239	11
8	S9	7246	22
8	S9	7255	1
8	S9	7276	62
8	S9	7308	6
8	S9	7333	17
8	S9	7355	10
8	S9	7357	8
8	S9	7366	12
8	S9	7381	11
8	S9	7390	42
8	S9	7410	26
8	S9	7414	5
8	S9	7424	15
8	S9	7437	6
8	S9	7442	99
8	S9	7463	9
8	S9	7489	9
8	S9	7520	3
8	S9	7575	13
8	S9	7588	8
8	S9	7628	1
8	S9	7632	26
8	S9	7660	2
8	S9	7667	9
8	S9	7677	18
8	S9	7694	8
8	S9	7709	1
8	S9	7716	47
8	S9	7726	10
8	S9	7730	1
8	S9	7741	3
8	S9	7761	2495
9	S10	1	3
9	S10	11	4
9	S10	18	1
9	S10	49	2
9	S10	74	1
9	S10	140	39
9	S10	528	21
9	S10	531	45
9	S10	584	6
9	S10	591	6
9	S10	639	6
9	S10	644	4
9	S10	648	48
9	S10	670	3
9	S10	814	3
9	S10	822	1
9	S10	828	1
9	S10	836	3
9	S10	858	15
9	S10	946	7
9	S10	982	3
9	S10	989	1
9	S10	1015	5
9	S10	1122	3
9	S10	1157	20
9	S10	1216	4
9	S10	1221	10
9	S10	1234	2
9	S10	1244	3
9	S10	1257	62
9	S10	1290	18
9	S10	1342	3
9	S10	1352	12
9	S10	1353	6
9	S10	2670	15
9	S10	2729	1
9	S10	3086	6
9	S10	3226	7
9	S10	3264	7
9	S10	3291	18
9	S10	3353	2
9	S10	3378	10
9	S10	3386	42
9	S10	3411	26
9	S10	3431	5
9	S10	3445	18
9	S10	3466	3
9	S10	3477	12
9	S10	3591	3
9	S10	3645	3
9	S10	3744	15
9	S10	3756	21
9	S10	3768	1
9	S10	3777	1
9	S10	3806	32
9	S10	3810	8
9	S10	3859	28
9	S10	3871	26
9	S10	3975	9
9	S10	4051	16
9	S10	4103	40
9	S10	4111	1
9	S10	4128	15
9	S10	4131	90
9	S10	4140	9
9	S10	4186	46
9	S10	4193	96
9	S10	4206	21
9	S10	4450	3
9	S10	4461	12
9	S10	4498	12
9	S10	4564	12
9	S10	4651	9
9	S10	4825	3
9	S10	4877	6
9	S10	5001	6
9	S10	5024	6
9	S10	5206	9
9	S10	5213	18
9	S10	5238	12
9	S10	5243	3
9	S10	5256	33
9	S10	5301	6
9	S10	5331	2
9	S10	5344	4
9	S10	5377	29
9	S10	5395	29
9	S10	5399	4
9	S10	5429	5
9	S10	5444	9
9	S10	5450	4
9	S10	5503	9
9	S10	5653	3
9	S10	5771	6
9	S10	5779	6
9	S10	6017	3
9	S10	6025	12
9	S10	6440	6
9	S10	6454	6
9	S10	6647	9
9	S10	7014	11
9	S10	7039	6
9	S10	7041	3
9	S10	7062	21
9	S10	7110	20
9	S10	7126	30
9	S10	7130	7
9	S10	7145	32
9	S10	7167	95
9	S10	7176	1
9	S10	7184	2
9	S10	7190	13
9	S10	7197	3
9	S10	7207	9
9	S10	7225	2
9	S10	7227	5
9	S10	7239	11
9	S10	7246	22
9	S10	7255	1
9	S10	7276	62
9	S10	7308	6
9	S10	7333	17
9	S10	7355	10
9	S10	7357	8
9	S10	7366	12
9	S10	7381	11
9	S10	7390	42
9	S10	7410	26
9	S10	7414	5
9	S10	7424	15
9	S10	7437	6
9	S10	7442	99
9	S10	7463	9
9	S10	7489	9
9	S10	7520	3
9	S10	7575	13
9	S10	7588	8
9	S10	7628	1
9	S10	7632	26
9	S10	7660	2
9	S10	7667	9
9	S10	7677	18
9	S10	7694	8
9	S10	7709	1
9	S10	7716	47
9	S10	7726	10
9	S10	7730	1
9	S10	7741	3
9	S10	7761	2495
10	S11	1	3
10	S11	11	4
10	S11	18	1
10	S11	49	2
10	S11	74	1
10	S11	140	39
10	S11	528	21
10	S11	531	45
10	S11	584	6
10	S11	591	6
10	S11	639	6
10	S11	644	4
10	S11	648	48
10	S11	670	3
10	S11	814	3
10	S11	822	1
10	S11	828	1
10	S11	836	3
10	S11	858	15
10	S11	946	7
10	S11	982	3
10	S11	989	1
10	S11	1015	5
10	S11	1122	3
10	S11	1157	20
10	S11	1216	4
10	S11	1221	10
10	S11	1234	2
10	S11	1244	3
10	S11	1257	62
10	S11	1290	18
10	S11	1342	3
10	S11	1352	12
10	S11	1353	6
10	S11	2670	15
10	S11	2729	1
10	S11	3086	6
10	S11	3226	7
10	S11	3264	7
10	S11	3291	18
10	S11	3353	2
10	S11	3378	10
10	S11	3386	42
10	S11	3411	26
10	S11	3431	5
10	S11	3445	18
10	S11	3466	3
10	S11	3477	12
10	S11	3591	3
10	S11	3645	3
10	S11	3744	15
10	S11	3756	21
10	S11	3768	1
10	S11	3777	1
10	S11	3806	32
10	S11	3810	8
10	S11	3859	28
10	S11	3871	26
10	S11	3975	9
10	S11	4051	16
10	S11	4103	40
10	S11	4111	1
10	S11	4128	15
10	S11	4131	90
10	S11	4140	9
10	S11	4186	46
10	S11	4193	96
10	S11	4206	21
10	S11	4450	3
10	S11	4461	12
10	S11	4498	12
10	S11	4564	12
10	S11	4651	9
10	S11	4825	3
10	S11	4877	6
10	S11	5001	6
10	S11	5024	6
10	S11	5206	9
10	S11	5213	18
10	S11	5238	12
10	S11	5243	3
10	S11	5256	33
10	S11	5301	6
10	S11	5331	2
10	S11	5344	4
10	S11	5377	29
10	S11	5395	29
10	S11	5399	4
10	S11	5429	5
10	S11	5444	9
10	S11	5450	4
10	S11	5503	9
10	S11	5653	3
10	S11	5771	6
10	S11	5779	6
10	S11	6017	3
10	S11	6025	12
10	S11	6440	6
10	S11	6454	6
10	S11	6647	9
10	S11	7014	11
10	S11	7039	6
10	S11	7041	3
10	S11	7062	21
10	S11	7110	20
10	S11	7126	30
10	S11	7130	7
10	S11	7145	32
10	S11	7167	95
10	S11	7176	1
10	S11	7184	2
10	S11	7190	13
10	S11	7197	3
10	S11	7207	9
10	S11	7225	2
10	S11	7227	5
10	S11	7239	11
10	S11	7246	22
10	S11	7255	1
10	S11	7276	62
10	S11	7308	6
10	S11	7333	17
10	S11	7355	10
10	S11	7357	8
10	S11	7366	12
10	S11	7381	11
10	S11	7390	42
10	S11	7410	26
10	S11	7414	5
10	S11	7424	15
10	S11	7437	6
10	S11	7442	99
10	S11	7463	9
10	S11	7489	9
10	S11	7520	3
10	S11	7575	13
10	S11	7588	8
10	S11	7628	1
10	S11	7632	26
10	S11	7660	2
10	S11	7667	9
10	S11	7677	18
10	S11	7694	8
10	S11	7709	1
10	S11	7716	47
10	S11	7726	10
10	S11	7730	1
10	S11	7741	3
10	S11	7761	2495
