# Start coordinate are with the genome as reference (not MSA).
# Count starts from zero (first position = 1).
seqID	seqName	start	length
0	S1	1	37
0	S1	20	2
0	S1	49	9
0	S1	61	6
0	S1	76	5
0	S1	106	23
0	S1	496	21
0	S1	511	9
0	S1	584	6
0	S1	595	6
0	S1	630	3
0	S1	640	6
0	S1	648	3
0	S1	673	6
0	S1	683	3
0	S1	691	25
0	S1	714	3
0	S1	782	3
0	S1	854	3
0	S1	876	15
0	S1	964	7
0	S1	1000	3
0	S1	1126	3
0	S1	1138	27
0	S1	1208	5
0	S1	1232	19
0	S1	1253	3
0	S1	1265	9
0	S1	1277	4
0	S1	1291	36
0	S1	1353	1
0	S1	1381	4
0	S1	1403	8
0	S1	2685	9
0	S1	2715	9
0	S1	2774	1
0	S1	3131	6
0	S1	3145	6
0	S1	3250	4
0	S1	3262	3
0	S1	3303	7
0	S1	3323	30
0	S1	3352	32
0	S1	3370	26
0	S1	3384	28
0	S1	3394	1
0	S1	3407	6
0	S1	3413	3
0	S1	3435	11
0	S1	3462	11
0	S1	3473	8
0	S1	3477	13
0	S1	3597	3
0	S1	3649	6
0	S1	3774	21
0	S1	3778	32
0	S1	3791	61
0	S1	3806	3
0	S1	3817	95
0	S1	3848	2
0	S1	3881	30
0	S1	3907	4
0	S1	3960	3
0	S1	4033	6
0	S1	4054	1
0	S1	4089	90
0	S1	4097	8
0	S1	4121	1
0	S1	4122	3
0	S1	4141	46
0	S1	4149	95
0	S1	4159	1
0	S1	4161	2
0	S1	4174	12
0	S1	4426	12
0	S1	4463	12
0	S1	4529	12
0	S1	4651	6
0	S1	4653	3
0	S1	4790	3
0	S1	4842	6
0	S1	4956	3
0	S1	4985	3
0	S1	4990	3
0	S1	5174	9
0	S1	5178	3
0	S1	5238	3
0	S1	5244	39
0	S1	5257	12
0	S1	5278	6
0	S1	5308	6
0	S1	5317	24
0	S1	5330	68
0	S1	5342	3
0	S1	5393	9
0	S1	5456	9
0	S1	5606	3
0	S1	5724	6
0	S1	5955	12
0	S1	6090	3
0	S1	6399	6
0	S1	6617	9
0	S1	6852	3
0	S1	6976	11
0	S1	6998	18
0	S1	7016	21
0	S1	7090	5
0	S1	7097	19
0	S1	7109	7
0	S1	7131	1
0	S1	7142	7
0	S1	7193	59
0	S1	7198	1
0	S1	7216	1
0	S1	7221	3
0	S1	7233	7
0	S1	7240	3
0	S1	7249	10
0	S1	7252	1
0	S1	7259	8
0	S1	7262	5
0	S1	7294	13
0	S1	7332	6
0	S1	7336	2
0	S1	7339	51
0	S1	7356	3
0	S1	7395	6
0	S1	7430	2
0	S1	7438	8
0	S1	7446	13
0	S1	7463	9
0	S1	7472	42
0	S1	7487	1
0	S1	7493	17
0	S1	7504	11
0	S1	7512	8
0	S1	7528	32
0	S1	7625	2
0	S1	7635	8
0	S1	7648	28
0	S1	7671	26
0	S1	7691	18
0	S1	7704	27
0	S1	7725	2
0	S1	7728	23
0	S1	7762	19
0	S1	7770	11
0	S1	7783	1
0	S1	7789	10
0	S1	7796	3
0	S1	7823	24
0	S1	7851	1
0	S1	7855	1
0	S1	7857	10
0	S1	7865	2509
1	S2	1	1
1	S2	24	1
1	S2	31	2
1	S2	53	2
1	S2	82	9
1	S2	94	6
1	S2	109	5
1	S2	139	23
1	S2	529	21
1	S2	544	9
1	S2	617	6
1	S2	628	6
1	S2	663	3
1	S2	673	6
1	S2	681	3
1	S2	706	6
1	S2	716	3
1	S2	724	25
1	S2	747	3
1	S2	815	3
1	S2	887	3
1	S2	909	15
1	S2	997	7
1	S2	1033	3
1	S2	1159	3
1	S2	1171	27
1	S2	1241	5
1	S2	1265	19
1	S2	1286	3
1	S2	1298	9
1	S2	1310	4
1	S2	1324	36
1	S2	1386	1
1	S2	1414	4
1	S2	1436	8
1	S2	2718	9
1	S2	2748	9
1	S2	2807	1
1	S2	3164	6
1	S2	3178	6
1	S2	3283	4
1	S2	3295	3
1	S2	3336	7
1	S2	3356	30
1	S2	3385	32
1	S2	3403	26
1	S2	3417	28
1	S2	3427	1
1	S2	3440	6
1	S2	3446	3
1	S2	3468	11
1	S2	3495	11
1	S2	3506	8
1	S2	3510	13
1	S2	3630	3
1	S2	3682	6
1	S2	3807	21
1	S2	3811	32
1	S2	3824	61
1	S2	3839	3
1	S2	3850	95
1	S2	3881	2
1	S2	3914	30
1	S2	3940	4
1	S2	3993	3
1	S2	4066	6
1	S2	4087	1
1	S2	4122	90
1	S2	4130	8
1	S2	4154	1
1	S2	4155	3
1	S2	4174	46
1	S2	4182	95
1	S2	4192	1
1	S2	4194	2
1	S2	4207	12
1	S2	4459	12
1	S2	4496	12
1	S2	4562	12
1	S2	4684	6
1	S2	4686	3
1	S2	4823	3
1	S2	4875	6
1	S2	4989	3
1	S2	5018	3
1	S2	5023	3
1	S2	5207	9
1	S2	5211	3
1	S2	5271	3
1	S2	5277	39
1	S2	5290	12
1	S2	5311	6
1	S2	5341	6
1	S2	5350	24
1	S2	5363	68
1	S2	5375	3
1	S2	5426	9
1	S2	5489	9
1	S2	5639	3
1	S2	5757	6
1	S2	5988	12
1	S2	6123	3
1	S2	6432	6
1	S2	6650	9
1	S2	6885	3
1	S2	7009	11
1	S2	7031	18
1	S2	7049	21
1	S2	7123	5
1	S2	7130	19
1	S2	7142	7
1	S2	7164	1
1	S2	7175	7
1	S2	7226	59
1	S2	7231	1
1	S2	7249	1
1	S2	7254	3
1	S2	7266	7
1	S2	7273	3
1	S2	7282	10
1	S2	7285	1
1	S2	7292	8
1	S2	7295	5
1	S2	7327	13
1	S2	7365	6
1	S2	7369	2
1	S2	7372	51
1	S2	7389	3
1	S2	7428	6
1	S2	7463	2
1	S2	7471	8
1	S2	7479	13
1	S2	7496	9
1	S2	7505	42
1	S2	7520	1
1	S2	7526	17
1	S2	7537	11
1	S2	7545	8
1	S2	7561	32
1	S2	7658	2
1	S2	7668	8
1	S2	7681	28
1	S2	7704	26
1	S2	7724	18
1	S2	7737	27
1	S2	7758	2
1	S2	7761	23
1	S2	7795	19
1	S2	7803	11
1	S2	7816	1
1	S2	7822	10
1	S2	7829	3
1	S2	7856	24
1	S2	7884	1
1	S2	7888	1
1	S2	7890	10
1	S2	7910	2497
2	S3	1	1
2	S3	24	1
2	S3	31	2
2	S3	53	2
2	S3	82	9
2	S3	94	6
2	S3	109	5
2	S3	139	23
2	S3	529	21
2	S3	544	9
2	S3	617	6
2	S3	628	6
2	S3	663	3
2	S3	673	6
2	S3	681	3
2	S3	706	6
2	S3	716	3
2	S3	724	25
2	S3	747	3
2	S3	815	3
2	S3	887	3
2	S3	909	15
2	S3	997	7
2	S3	1033	3
2	S3	1159	3
2	S3	1171	27
2	S3	1241	5
2	S3	1265	19
2	S3	1286	3
2	S3	1298	9
2	S3	1310	4
2	S3	1324	36
2	S3	1386	1
2	S3	1414	4
2	S3	1436	8
2	S3	2718	9
2	S3	2748	9
2	S3	2807	1
2	S3	3164	6
2	S3	3178	6
2	S3	3283	4
2	S3	3295	3
2	S3	3336	7
2	S3	3356	30
2	S3	3385	32
2	S3	3403	26
2	S3	3417	28
2	S3	3427	1
2	S3	3440	6
2	S3	3446	3
2	S3	3468	11
2	S3	3495	11
2	S3	3506	8
2	S3	3510	13
2	S3	3630	3
2	S3	3682	6
2	S3	3807	21
2	S3	3811	32
2	S3	3824	61
2	S3	3839	3
2	S3	3850	95
2	S3	3881	2
2	S3	3914	30
2	S3	3940	4
2	S3	3993	3
2	S3	4066	6
2	S3	4087	1
2	S3	4122	90
2	S3	4130	8
2	S3	4154	1
2	S3	4155	3
2	S3	4174	46
2	S3	4182	95
2	S3	4192	1
2	S3	4194	2
2	S3	4207	12
2	S3	4459	12
2	S3	4496	12
2	S3	4562	12
2	S3	4684	6
2	S3	4686	3
2	S3	4823	3
2	S3	4875	6
2	S3	4989	3
2	S3	5018	3
2	S3	5023	3
2	S3	5207	9
2	S3	5211	3
2	S3	5271	3
2	S3	5277	39
2	S3	5290	12
2	S3	5311	6
2	S3	5341	6
2	S3	5350	24
2	S3	5363	68
2	S3	5375	3
2	S3	5426	9
2	S3	5489	9
2	S3	5639	3
2	S3	5757	6
2	S3	5988	12
2	S3	6123	3
2	S3	6432	6
2	S3	6650	9
2	S3	6885	3
2	S3	7009	11
2	S3	7031	18
2	S3	7049	21
2	S3	7123	5
2	S3	7130	19
2	S3	7142	7
2	S3	7164	1
2	S3	7175	7
2	S3	7226	59
2	S3	7231	1
2	S3	7249	1
2	S3	7254	3
2	S3	7266	7
2	S3	7273	3
2	S3	7282	10
2	S3	7285	1
2	S3	7292	8
2	S3	7295	5
2	S3	7327	13
2	S3	7365	6
2	S3	7369	2
2	S3	7372	51
2	S3	7389	3
2	S3	7428	6
2	S3	7463	2
2	S3	7471	8
2	S3	7479	13
2	S3	7496	9
2	S3	7505	42
2	S3	7520	1
2	S3	7526	17
2	S3	7537	11
2	S3	7545	8
2	S3	7561	32
2	S3	7658	2
2	S3	7668	8
2	S3	7681	28
2	S3	7704	26
2	S3	7724	18
2	S3	7737	27
2	S3	7758	2
2	S3	7761	23
2	S3	7795	19
2	S3	7803	11
2	S3	7816	1
2	S3	7822	10
2	S3	7829	3
2	S3	7856	24
2	S3	7884	1
2	S3	7888	1
2	S3	7890	10
2	S3	7910	2497
3	S4	1	1
3	S4	24	1
3	S4	31	2
3	S4	53	2
3	S4	82	9
3	S4	94	6
3	S4	109	5
3	S4	139	23
3	S4	529	21
3	S4	544	9
3	S4	617	6
3	S4	628	6
3	S4	663	3
3	S4	673	6
3	S4	681	3
3	S4	706	6
3	S4	716	3
3	S4	724	25
3	S4	747	3
3	S4	815	3
3	S4	887	3
3	S4	909	15
3	S4	997	7
3	S4	1033	3
3	S4	1159	3
3	S4	1171	27
3	S4	1241	5
3	S4	1265	19
3	S4	1286	3
3	S4	1298	9
3	S4	1310	4
3	S4	1324	36
3	S4	1386	1
3	S4	1414	4
3	S4	1436	8
3	S4	2718	9
3	S4	2748	9
3	S4	2807	1
3	S4	3164	6
3	S4	3178	6
3	S4	3283	4
3	S4	3295	3
3	S4	3336	7
3	S4	3356	30
3	S4	3385	32
3	S4	3403	26
3	S4	3417	28
3	S4	3427	1
3	S4	3440	6
3	S4	3446	3
3	S4	3468	11
3	S4	3495	11
3	S4	3506	8
3	S4	3510	13
3	S4	3630	3
3	S4	3682	6
3	S4	3807	21
3	S4	3811	32
3	S4	3824	61
3	S4	3839	3
3	S4	3850	95
3	S4	3881	2
3	S4	3914	30
3	S4	3940	4
3	S4	3993	3
3	S4	4066	6
3	S4	4087	1
3	S4	4122	90
3	S4	4130	8
3	S4	4154	1
3	S4	4155	3
3	S4	4174	46
3	S4	4182	95
3	S4	4192	1
3	S4	4194	2
3	S4	4207	12
3	S4	4459	12
3	S4	4496	12
3	S4	4562	12
3	S4	4684	6
3	S4	4686	3
3	S4	4823	3
3	S4	4875	6
3	S4	4989	3
3	S4	5018	3
3	S4	5023	3
3	S4	5207	9
3	S4	5211	3
3	S4	5271	3
3	S4	5277	39
3	S4	5290	12
3	S4	5311	6
3	S4	5341	6
3	S4	5350	24
3	S4	5363	68
3	S4	5375	3
3	S4	5426	9
3	S4	5489	9
3	S4	5639	3
3	S4	5757	6
3	S4	5988	12
3	S4	6123	3
3	S4	6432	6
3	S4	6650	9
3	S4	6885	3
3	S4	7009	11
3	S4	7031	18
3	S4	7049	21
3	S4	7123	5
3	S4	7130	19
3	S4	7142	7
3	S4	7164	1
3	S4	7175	7
3	S4	7226	59
3	S4	7231	1
3	S4	7249	1
3	S4	7254	3
3	S4	7266	7
3	S4	7273	3
3	S4	7282	10
3	S4	7285	1
3	S4	7292	8
3	S4	7295	5
3	S4	7327	13
3	S4	7365	6
3	S4	7369	2
3	S4	7372	51
3	S4	7389	3
3	S4	7428	6
3	S4	7463	2
3	S4	7471	8
3	S4	7479	13
3	S4	7496	9
3	S4	7505	42
3	S4	7520	1
3	S4	7526	17
3	S4	7537	11
3	S4	7545	8
3	S4	7561	32
3	S4	7658	2
3	S4	7668	8
3	S4	7681	28
3	S4	7704	26
3	S4	7724	18
3	S4	7737	27
3	S4	7758	2
3	S4	7761	23
3	S4	7795	19
3	S4	7803	11
3	S4	7816	1
3	S4	7822	10
3	S4	7829	3
3	S4	7856	24
3	S4	7884	1
3	S4	7888	1
3	S4	7890	10
3	S4	7910	2497
4	S5	1	1
4	S5	24	1
4	S5	31	2
4	S5	53	2
4	S5	82	9
4	S5	94	6
4	S5	109	5
4	S5	139	23
4	S5	529	21
4	S5	544	9
4	S5	617	6
4	S5	628	6
4	S5	663	3
4	S5	673	6
4	S5	681	3
4	S5	706	6
4	S5	716	3
4	S5	724	25
4	S5	747	3
4	S5	815	3
4	S5	887	3
4	S5	909	15
4	S5	997	7
4	S5	1033	3
4	S5	1159	3
4	S5	1171	27
4	S5	1241	5
4	S5	1265	19
4	S5	1286	3
4	S5	1298	9
4	S5	1310	4
4	S5	1324	36
4	S5	1386	1
4	S5	1414	4
4	S5	1436	8
4	S5	2718	9
4	S5	2748	9
4	S5	2807	1
4	S5	3164	6
4	S5	3178	6
4	S5	3283	4
4	S5	3295	3
4	S5	3336	7
4	S5	3356	30
4	S5	3385	32
4	S5	3403	26
4	S5	3417	28
4	S5	3427	1
4	S5	3440	6
4	S5	3446	3
4	S5	3468	11
4	S5	3495	11
4	S5	3506	8
4	S5	3510	13
4	S5	3630	3
4	S5	3682	6
4	S5	3807	21
4	S5	3811	32
4	S5	3824	61
4	S5	3839	3
4	S5	3850	95
4	S5	3881	2
4	S5	3914	30
4	S5	3940	4
4	S5	3993	3
4	S5	4066	6
4	S5	4087	1
4	S5	4122	90
4	S5	4130	8
4	S5	4154	1
4	S5	4155	3
4	S5	4174	46
4	S5	4182	95
4	S5	4192	1
4	S5	4194	2
4	S5	4207	12
4	S5	4459	12
4	S5	4496	12
4	S5	4562	12
4	S5	4684	6
4	S5	4686	3
4	S5	4823	3
4	S5	4875	6
4	S5	4989	3
4	S5	5018	3
4	S5	5023	3
4	S5	5207	9
4	S5	5211	3
4	S5	5271	3
4	S5	5277	39
4	S5	5290	12
4	S5	5311	6
4	S5	5341	6
4	S5	5350	24
4	S5	5363	68
4	S5	5375	3
4	S5	5426	9
4	S5	5489	9
4	S5	5639	3
4	S5	5757	6
4	S5	5988	12
4	S5	6123	3
4	S5	6432	6
4	S5	6650	9
4	S5	6885	3
4	S5	7009	11
4	S5	7031	18
4	S5	7049	21
4	S5	7123	5
4	S5	7130	19
4	S5	7142	7
4	S5	7164	1
4	S5	7175	7
4	S5	7226	59
4	S5	7231	1
4	S5	7249	1
4	S5	7254	3
4	S5	7266	7
4	S5	7273	3
4	S5	7282	10
4	S5	7285	1
4	S5	7292	8
4	S5	7295	5
4	S5	7327	13
4	S5	7365	6
4	S5	7369	2
4	S5	7372	51
4	S5	7389	3
4	S5	7428	6
4	S5	7463	2
4	S5	7471	8
4	S5	7479	13
4	S5	7496	9
4	S5	7505	42
4	S5	7520	1
4	S5	7526	17
4	S5	7537	11
4	S5	7545	8
4	S5	7561	32
4	S5	7658	2
4	S5	7668	8
4	S5	7681	28
4	S5	7704	26
4	S5	7724	18
4	S5	7737	27
4	S5	7758	2
4	S5	7761	23
4	S5	7795	19
4	S5	7803	11
4	S5	7816	1
4	S5	7822	10
4	S5	7829	3
4	S5	7856	24
4	S5	7884	1
4	S5	7888	1
4	S5	7890	10
4	S5	7910	2497
5	S6	1	1
5	S6	24	1
5	S6	31	2
5	S6	53	2
5	S6	82	9
5	S6	94	6
5	S6	109	5
5	S6	139	23
5	S6	529	21
5	S6	544	9
5	S6	617	6
5	S6	628	6
5	S6	663	3
5	S6	673	6
5	S6	681	3
5	S6	706	6
5	S6	716	3
5	S6	724	25
5	S6	747	3
5	S6	815	3
5	S6	887	3
5	S6	909	15
5	S6	997	7
5	S6	1033	3
5	S6	1159	3
5	S6	1171	27
5	S6	1241	5
5	S6	1265	19
5	S6	1286	3
5	S6	1298	9
5	S6	1310	4
5	S6	1324	36
5	S6	1386	1
5	S6	1414	4
5	S6	1436	8
5	S6	2718	9
5	S6	2748	9
5	S6	2807	1
5	S6	3164	6
5	S6	3178	6
5	S6	3283	4
5	S6	3295	3
5	S6	3336	7
5	S6	3356	30
5	S6	3385	32
5	S6	3403	26
5	S6	3417	28
5	S6	3427	1
5	S6	3440	6
5	S6	3446	3
5	S6	3468	11
5	S6	3495	11
5	S6	3506	8
5	S6	3510	13
5	S6	3630	3
5	S6	3682	6
5	S6	3807	21
5	S6	3811	32
5	S6	3824	61
5	S6	3839	3
5	S6	3850	95
5	S6	3881	2
5	S6	3914	30
5	S6	3940	4
5	S6	3993	3
5	S6	4066	6
5	S6	4087	1
5	S6	4122	90
5	S6	4130	8
5	S6	4154	1
5	S6	4155	3
5	S6	4174	46
5	S6	4182	95
5	S6	4192	1
5	S6	4194	2
5	S6	4207	12
5	S6	4459	12
5	S6	4496	12
5	S6	4562	12
5	S6	4684	6
5	S6	4686	3
5	S6	4823	3
5	S6	4875	6
5	S6	4989	3
5	S6	5018	3
5	S6	5023	3
5	S6	5207	9
5	S6	5211	3
5	S6	5271	3
5	S6	5277	39
5	S6	5290	12
5	S6	5311	6
5	S6	5341	6
5	S6	5350	24
5	S6	5363	68
5	S6	5375	3
5	S6	5426	9
5	S6	5489	9
5	S6	5639	3
5	S6	5757	6
5	S6	5988	12
5	S6	6123	3
5	S6	6432	6
5	S6	6650	9
5	S6	6885	3
5	S6	7009	11
5	S6	7031	18
5	S6	7049	21
5	S6	7123	5
5	S6	7130	19
5	S6	7142	7
5	S6	7164	1
5	S6	7175	7
5	S6	7226	59
5	S6	7231	1
5	S6	7249	1
5	S6	7254	3
5	S6	7266	7
5	S6	7273	3
5	S6	7282	10
5	S6	7285	1
5	S6	7292	8
5	S6	7295	5
5	S6	7327	13
5	S6	7365	6
5	S6	7369	2
5	S6	7372	51
5	S6	7389	3
5	S6	7428	6
5	S6	7463	2
5	S6	7471	8
5	S6	7479	13
5	S6	7496	9
5	S6	7505	42
5	S6	7520	1
5	S6	7526	17
5	S6	7537	11
5	S6	7545	8
5	S6	7561	32
5	S6	7658	2
5	S6	7668	8
5	S6	7681	28
5	S6	7704	26
5	S6	7724	18
5	S6	7737	27
5	S6	7758	2
5	S6	7761	23
5	S6	7795	19
5	S6	7803	11
5	S6	7816	1
5	S6	7822	10
5	S6	7829	3
5	S6	7856	24
5	S6	7884	1
5	S6	7888	1
5	S6	7890	10
5	S6	7910	2497
6	S7	1	1
6	S7	24	1
6	S7	31	2
6	S7	53	2
6	S7	82	9
6	S7	94	6
6	S7	109	5
6	S7	139	23
6	S7	529	21
6	S7	544	9
6	S7	617	6
6	S7	628	6
6	S7	663	3
6	S7	673	6
6	S7	681	3
6	S7	706	6
6	S7	716	3
6	S7	724	25
6	S7	747	3
6	S7	815	3
6	S7	887	3
6	S7	909	15
6	S7	997	7
6	S7	1033	3
6	S7	1159	3
6	S7	1171	27
6	S7	1241	5
6	S7	1265	19
6	S7	1286	3
6	S7	1298	9
6	S7	1310	4
6	S7	1324	36
6	S7	1386	1
6	S7	1414	4
6	S7	1436	8
6	S7	2718	9
6	S7	2748	9
6	S7	2807	1
6	S7	3164	6
6	S7	3178	6
6	S7	3283	4
6	S7	3295	3
6	S7	3336	7
6	S7	3356	30
6	S7	3385	32
6	S7	3403	26
6	S7	3417	28
6	S7	3427	1
6	S7	3440	6
6	S7	3446	3
6	S7	3468	11
6	S7	3495	11
6	S7	3506	8
6	S7	3510	13
6	S7	3630	3
6	S7	3682	6
6	S7	3807	21
6	S7	3811	32
6	S7	3824	61
6	S7	3839	3
6	S7	3850	95
6	S7	3881	2
6	S7	3914	30
6	S7	3940	4
6	S7	3993	3
6	S7	4066	6
6	S7	4087	1
6	S7	4122	90
6	S7	4130	8
6	S7	4154	1
6	S7	4155	3
6	S7	4174	46
6	S7	4182	95
6	S7	4192	1
6	S7	4194	2
6	S7	4207	12
6	S7	4459	12
6	S7	4496	12
6	S7	4562	12
6	S7	4684	6
6	S7	4686	3
6	S7	4823	3
6	S7	4875	6
6	S7	4989	3
6	S7	5018	3
6	S7	5023	3
6	S7	5207	9
6	S7	5211	3
6	S7	5271	3
6	S7	5277	39
6	S7	5290	12
6	S7	5311	6
6	S7	5341	6
6	S7	5350	24
6	S7	5363	68
6	S7	5375	3
6	S7	5426	9
6	S7	5489	9
6	S7	5639	3
6	S7	5757	6
6	S7	5988	12
6	S7	6123	3
6	S7	6432	6
6	S7	6650	9
6	S7	6885	3
6	S7	7009	11
6	S7	7031	18
6	S7	7049	21
6	S7	7123	5
6	S7	7130	19
6	S7	7142	7
6	S7	7164	1
6	S7	7175	7
6	S7	7226	59
6	S7	7231	1
6	S7	7249	1
6	S7	7254	3
6	S7	7266	7
6	S7	7273	3
6	S7	7282	10
6	S7	7285	1
6	S7	7292	8
6	S7	7295	5
6	S7	7327	13
6	S7	7365	6
6	S7	7369	2
6	S7	7372	51
6	S7	7389	3
6	S7	7428	6
6	S7	7463	2
6	S7	7471	8
6	S7	7479	13
6	S7	7496	9
6	S7	7505	42
6	S7	7520	1
6	S7	7526	17
6	S7	7537	11
6	S7	7545	8
6	S7	7561	32
6	S7	7658	2
6	S7	7668	8
6	S7	7681	28
6	S7	7704	26
6	S7	7724	18
6	S7	7737	27
6	S7	7758	2
6	S7	7761	23
6	S7	7795	19
6	S7	7803	11
6	S7	7816	1
6	S7	7822	10
6	S7	7829	3
6	S7	7856	24
6	S7	7884	1
6	S7	7888	1
6	S7	7890	10
6	S7	7910	2497
7	S8	1	1
7	S8	24	1
7	S8	31	2
7	S8	53	2
7	S8	82	9
7	S8	94	6
7	S8	109	5
7	S8	139	23
7	S8	529	21
7	S8	544	9
7	S8	617	6
7	S8	628	6
7	S8	663	3
7	S8	673	6
7	S8	681	3
7	S8	706	6
7	S8	716	3
7	S8	724	25
7	S8	747	3
7	S8	815	3
7	S8	887	3
7	S8	909	15
7	S8	997	7
7	S8	1033	3
7	S8	1159	3
7	S8	1171	27
7	S8	1241	5
7	S8	1265	19
7	S8	1286	3
7	S8	1298	9
7	S8	1310	4
7	S8	1324	36
7	S8	1386	1
7	S8	1414	4
7	S8	1436	8
7	S8	2718	9
7	S8	2748	9
7	S8	2807	1
7	S8	3164	6
7	S8	3178	6
7	S8	3283	4
7	S8	3295	3
7	S8	3336	7
7	S8	3356	30
7	S8	3385	32
7	S8	3403	26
7	S8	3417	28
7	S8	3427	1
7	S8	3440	6
7	S8	3446	3
7	S8	3468	11
7	S8	3495	11
7	S8	3506	8
7	S8	3510	13
7	S8	3630	3
7	S8	3682	6
7	S8	3807	21
7	S8	3811	32
7	S8	3824	61
7	S8	3839	3
7	S8	3850	95
7	S8	3881	2
7	S8	3914	30
7	S8	3940	4
7	S8	3993	3
7	S8	4066	6
7	S8	4087	1
7	S8	4122	90
7	S8	4130	8
7	S8	4154	1
7	S8	4177	46
7	S8	4185	95
7	S8	4195	1
7	S8	4197	2
7	S8	4210	12
7	S8	4462	12
7	S8	4499	12
7	S8	4565	12
7	S8	4687	6
7	S8	4689	3
7	S8	4826	3
7	S8	4878	6
7	S8	4992	3
7	S8	5021	3
7	S8	5026	3
7	S8	5210	9
7	S8	5214	3
7	S8	5274	3
7	S8	5280	39
7	S8	5293	12
7	S8	5314	6
7	S8	5344	6
7	S8	5353	24
7	S8	5366	68
7	S8	5378	3
7	S8	5429	9
7	S8	5492	9
7	S8	5642	3
7	S8	5760	6
7	S8	5991	12
7	S8	6126	3
7	S8	6435	6
7	S8	6653	9
7	S8	6888	3
7	S8	7012	11
7	S8	7034	18
7	S8	7052	21
7	S8	7126	5
7	S8	7133	19
7	S8	7145	7
7	S8	7167	1
7	S8	7178	7
7	S8	7229	59
7	S8	7234	1
7	S8	7252	1
7	S8	7257	3
7	S8	7269	7
7	S8	7276	3
7	S8	7285	10
7	S8	7288	1
7	S8	7295	8
7	S8	7298	5
7	S8	7330	13
7	S8	7368	6
7	S8	7372	2
7	S8	7375	51
7	S8	7392	3
7	S8	7431	6
7	S8	7466	2
7	S8	7474	8
7	S8	7482	13
7	S8	7499	9
7	S8	7508	42
7	S8	7523	1
7	S8	7529	17
7	S8	7540	11
7	S8	7548	8
7	S8	7564	32
7	S8	7661	2
7	S8	7671	8
7	S8	7684	28
7	S8	7707	26
7	S8	7727	18
7	S8	7740	27
7	S8	7761	2
7	S8	7764	23
7	S8	7798	19
7	S8	7806	11
7	S8	7819	1
7	S8	7825	10
7	S8	7832	3
7	S8	7859	24
7	S8	7887	1
7	S8	7891	1
7	S8	7893	10
7	S8	7913	2497
8	S9	1	1
8	S9	24	1
8	S9	31	2
8	S9	53	2
8	S9	82	9
8	S9	94	6
8	S9	109	5
8	S9	139	23
8	S9	529	21
8	S9	544	9
8	S9	617	6
8	S9	628	6
8	S9	663	3
8	S9	673	6
8	S9	681	3
8	S9	706	6
8	S9	716	3
8	S9	724	25
8	S9	747	3
8	S9	815	3
8	S9	887	3
8	S9	909	15
8	S9	997	7
8	S9	1033	3
8	S9	1159	3
8	S9	1171	27
8	S9	1241	5
8	S9	1265	19
8	S9	1286	3
8	S9	1298	9
8	S9	1310	4
8	S9	1324	36
8	S9	1386	1
8	S9	1414	4
8	S9	1436	8
8	S9	2718	9
8	S9	2748	9
8	S9	2807	1
8	S9	3164	6
8	S9	3178	6
8	S9	3283	4
8	S9	3295	3
8	S9	3336	7
8	S9	3356	30
8	S9	3385	32
8	S9	3403	26
8	S9	3417	28
8	S9	3427	1
8	S9	3440	6
8	S9	3446	3
8	S9	3468	11
8	S9	3495	11
8	S9	3506	8
8	S9	3510	13
8	S9	3630	3
8	S9	3682	6
8	S9	3807	21
8	S9	3811	32
8	S9	3824	61
8	S9	3839	3
8	S9	3850	95
8	S9	3881	2
8	S9	3914	30
8	S9	3940	4
8	S9	3993	3
8	S9	4066	6
8	S9	4087	1
8	S9	4122	90
8	S9	4130	8
8	S9	4154	1
8	S9	4155	2
8	S9	4175	46
8	S9	4183	95
8	S9	4193	1
8	S9	4195	2
8	S9	4208	12
8	S9	4460	12
8	S9	4497	12
8	S9	4563	12
8	S9	4685	6
8	S9	4687	3
8	S9	4824	3
8	S9	4876	6
8	S9	4990	3
8	S9	5019	3
8	S9	5024	3
8	S9	5208	9
8	S9	5212	3
8	S9	5272	3
8	S9	5278	39
8	S9	5291	12
8	S9	5312	6
8	S9	5342	6
8	S9	5351	24
8	S9	5364	68
8	S9	5376	3
8	S9	5427	9
8	S9	5490	9
8	S9	5640	3
8	S9	5758	6
8	S9	5989	12
8	S9	6124	3
8	S9	6433	6
8	S9	6651	9
8	S9	6886	3
8	S9	7010	11
8	S9	7032	18
8	S9	7050	21
8	S9	7124	5
8	S9	7131	19
8	S9	7143	7
8	S9	7165	1
8	S9	7176	7
8	S9	7227	59
8	S9	7232	1
8	S9	7250	1
8	S9	7255	3
8	S9	7267	7
8	S9	7274	3
8	S9	7283	10
8	S9	7286	1
8	S9	7293	8
8	S9	7296	5
8	S9	7328	13
8	S9	7366	6
8	S9	7370	2
8	S9	7373	51
8	S9	7390	3
8	S9	7429	6
8	S9	7464	2
8	S9	7472	8
8	S9	7480	13
8	S9	7497	9
8	S9	7506	42
8	S9	7521	1
8	S9	7527	17
8	S9	7538	11
8	S9	7546	8
8	S9	7562	32
8	S9	7659	2
8	S9	7669	8
8	S9	7682	28
8	S9	7705	26
8	S9	7725	18
8	S9	7738	27
8	S9	7759	2
8	S9	7762	23
8	S9	7796	19
8	S9	7804	11
8	S9	7817	1
8	S9	7823	10
8	S9	7830	3
8	S9	7857	24
8	S9	7885	1
8	S9	7889	1
8	S9	7891	10
8	S9	7911	2497
9	S10	1	1
9	S10	24	1
9	S10	31	2
9	S10	53	2
9	S10	82	9
9	S10	94	6
9	S10	109	5
9	S10	139	23
9	S10	529	21
9	S10	544	9
9	S10	617	6
9	S10	628	6
9	S10	663	3
9	S10	673	6
9	S10	681	3
9	S10	706	6
9	S10	716	3
9	S10	724	25
9	S10	747	3
9	S10	815	3
9	S10	887	3
9	S10	909	15
9	S10	997	7
9	S10	1033	3
9	S10	1159	3
9	S10	1171	27
9	S10	1241	5
9	S10	1265	19
9	S10	1286	3
9	S10	1298	9
9	S10	1310	4
9	S10	1324	36
9	S10	1386	1
9	S10	1414	4
9	S10	1436	8
9	S10	2718	9
9	S10	2748	9
9	S10	2807	1
9	S10	3164	6
9	S10	3178	6
9	S10	3283	4
9	S10	3295	3
9	S10	3336	7
9	S10	3356	30
9	S10	3385	32
9	S10	3403	26
9	S10	3417	28
9	S10	3427	1
9	S10	3440	6
9	S10	3446	3
9	S10	3468	11
9	S10	3495	11
9	S10	3506	8
9	S10	3510	13
9	S10	3630	3
9	S10	3682	6
9	S10	3807	21
9	S10	3811	32
9	S10	3824	61
9	S10	3839	3
9	S10	3850	95
9	S10	3881	2
9	S10	3914	30
9	S10	3940	4
9	S10	3993	3
9	S10	4066	6
9	S10	4087	1
9	S10	4122	90
9	S10	4130	8
9	S10	4154	1
9	S10	4155	3
9	S10	4174	46
9	S10	4182	95
9	S10	4192	1
9	S10	4194	2
9	S10	4207	12
9	S10	4459	12
9	S10	4496	12
9	S10	4562	12
9	S10	4684	6
9	S10	4686	3
9	S10	4823	3
9	S10	4875	6
9	S10	4989	3
9	S10	5018	3
9	S10	5023	3
9	S10	5207	9
9	S10	5211	3
9	S10	5271	3
9	S10	5277	39
9	S10	5290	12
9	S10	5311	6
9	S10	5341	6
9	S10	5350	24
9	S10	5363	68
9	S10	5375	3
9	S10	5426	9
9	S10	5489	9
9	S10	5639	3
9	S10	5757	6
9	S10	5988	12
9	S10	6123	3
9	S10	6432	6
9	S10	6650	9
9	S10	6885	3
9	S10	7009	11
9	S10	7031	18
9	S10	7049	21
9	S10	7123	5
9	S10	7130	19
9	S10	7142	7
9	S10	7164	1
9	S10	7175	7
9	S10	7226	59
9	S10	7231	1
9	S10	7249	1
9	S10	7254	3
9	S10	7266	7
9	S10	7273	3
9	S10	7282	10
9	S10	7285	1
9	S10	7292	8
9	S10	7295	5
9	S10	7327	13
9	S10	7365	6
9	S10	7369	2
9	S10	7372	51
9	S10	7389	3
9	S10	7428	6
9	S10	7463	2
9	S10	7471	8
9	S10	7479	13
9	S10	7496	9
9	S10	7505	42
9	S10	7520	1
9	S10	7526	17
9	S10	7537	11
9	S10	7545	8
9	S10	7561	32
9	S10	7658	2
9	S10	7668	8
9	S10	7681	28
9	S10	7704	26
9	S10	7724	18
9	S10	7737	27
9	S10	7758	2
9	S10	7761	23
9	S10	7795	19
9	S10	7803	11
9	S10	7816	1
9	S10	7822	10
9	S10	7829	3
9	S10	7856	24
9	S10	7884	1
9	S10	7888	1
9	S10	7890	10
9	S10	7910	2497
10	S11	1	1
10	S11	24	1
10	S11	31	2
10	S11	53	2
10	S11	82	9
10	S11	94	6
10	S11	109	5
10	S11	139	23
10	S11	529	21
10	S11	544	9
10	S11	617	6
10	S11	628	6
10	S11	663	3
10	S11	673	6
10	S11	681	3
10	S11	706	6
10	S11	716	3
10	S11	724	25
10	S11	747	3
10	S11	815	3
10	S11	887	3
10	S11	909	15
10	S11	997	7
10	S11	1033	3
10	S11	1159	3
10	S11	1171	27
10	S11	1241	5
10	S11	1265	19
10	S11	1286	3
10	S11	1298	9
10	S11	1310	4
10	S11	1324	36
10	S11	1386	1
10	S11	1414	4
10	S11	1436	8
10	S11	2718	9
10	S11	2748	9
10	S11	2807	1
10	S11	3164	6
10	S11	3178	6
10	S11	3283	4
10	S11	3295	3
10	S11	3336	7
10	S11	3356	30
10	S11	3385	32
10	S11	3403	26
10	S11	3417	28
10	S11	3427	1
10	S11	3440	6
10	S11	3446	3
10	S11	3468	11
10	S11	3495	11
10	S11	3506	8
10	S11	3510	13
10	S11	3630	3
10	S11	3682	6
10	S11	3807	21
10	S11	3811	32
10	S11	3824	61
10	S11	3839	3
10	S11	3850	95
10	S11	3881	2
10	S11	3914	30
10	S11	3940	4
10	S11	3993	3
10	S11	4066	6
10	S11	4087	1
10	S11	4122	90
10	S11	4130	8
10	S11	4154	1
10	S11	4177	46
10	S11	4185	95
10	S11	4195	1
10	S11	4197	2
10	S11	4210	12
10	S11	4462	12
10	S11	4499	12
10	S11	4565	12
10	S11	4687	6
10	S11	4689	3
10	S11	4826	3
10	S11	4878	6
10	S11	4992	3
10	S11	5021	3
10	S11	5026	3
10	S11	5210	9
10	S11	5214	3
10	S11	5274	3
10	S11	5280	39
10	S11	5293	12
10	S11	5314	6
10	S11	5344	6
10	S11	5353	24
10	S11	5366	68
10	S11	5378	3
10	S11	5429	9
10	S11	5492	9
10	S11	5642	3
10	S11	5760	6
10	S11	5991	12
10	S11	6126	3
10	S11	6435	6
10	S11	6653	9
10	S11	6888	3
10	S11	7012	11
10	S11	7034	18
10	S11	7052	21
10	S11	7126	5
10	S11	7133	19
10	S11	7145	7
10	S11	7167	1
10	S11	7178	7
10	S11	7229	59
10	S11	7234	1
10	S11	7252	1
10	S11	7257	3
10	S11	7269	7
10	S11	7276	3
10	S11	7285	10
10	S11	7288	1
10	S11	7295	8
10	S11	7298	5
10	S11	7330	13
10	S11	7368	6
10	S11	7372	2
10	S11	7375	51
10	S11	7392	3
10	S11	7431	6
10	S11	7466	2
10	S11	7474	8
10	S11	7482	13
10	S11	7499	9
10	S11	7508	42
10	S11	7523	1
10	S11	7529	17
10	S11	7540	11
10	S11	7548	8
10	S11	7564	32
10	S11	7661	2
10	S11	7671	8
10	S11	7684	28
10	S11	7707	26
10	S11	7727	18
10	S11	7740	27
10	S11	7761	2
10	S11	7764	23
10	S11	7798	19
10	S11	7806	11
10	S11	7819	1
10	S11	7825	10
10	S11	7832	3
10	S11	7859	24
10	S11	7887	1
10	S11	7891	1
10	S11	7893	10
10	S11	7913	2497
11	S12	1	1
11	S12	24	1
11	S12	31	2
11	S12	53	2
11	S12	82	9
11	S12	94	6
11	S12	109	5
11	S12	139	23
11	S12	529	21
11	S12	544	9
11	S12	617	6
11	S12	628	6
11	S12	663	3
11	S12	673	6
11	S12	681	3
11	S12	706	6
11	S12	716	3
11	S12	724	25
11	S12	747	3
11	S12	815	3
11	S12	887	3
11	S12	909	15
11	S12	997	7
11	S12	1033	3
11	S12	1159	3
11	S12	1171	27
11	S12	1241	5
11	S12	1265	19
11	S12	1286	3
11	S12	1298	9
11	S12	1310	4
11	S12	1324	36
11	S12	1386	1
11	S12	1414	4
11	S12	1436	8
11	S12	2718	9
11	S12	2748	9
11	S12	2807	1
11	S12	3164	6
11	S12	3178	6
11	S12	3283	4
11	S12	3295	3
11	S12	3336	7
11	S12	3356	30
11	S12	3385	32
11	S12	3403	26
11	S12	3417	28
11	S12	3427	1
11	S12	3440	6
11	S12	3446	3
11	S12	3468	11
11	S12	3495	11
11	S12	3506	8
11	S12	3510	13
11	S12	3630	3
11	S12	3682	6
11	S12	3807	21
11	S12	3811	32
11	S12	3824	61
11	S12	3839	3
11	S12	3850	95
11	S12	3881	2
11	S12	3914	30
11	S12	3940	4
11	S12	3993	3
11	S12	4066	6
11	S12	4087	1
11	S12	4122	90
11	S12	4130	8
11	S12	4154	1
11	S12	4155	3
11	S12	4174	46
11	S12	4182	95
11	S12	4192	1
11	S12	4194	2
11	S12	4207	12
11	S12	4459	12
11	S12	4496	12
11	S12	4562	12
11	S12	4684	6
11	S12	4686	3
11	S12	4823	3
11	S12	4875	6
11	S12	4989	3
11	S12	5018	3
11	S12	5023	3
11	S12	5207	9
11	S12	5211	3
11	S12	5271	3
11	S12	5277	39
11	S12	5290	12
11	S12	5311	6
11	S12	5341	6
11	S12	5350	24
11	S12	5363	68
11	S12	5375	3
11	S12	5426	9
11	S12	5489	9
11	S12	5639	3
11	S12	5757	6
11	S12	5988	12
11	S12	6123	3
11	S12	6432	6
11	S12	6650	9
11	S12	6885	3
11	S12	7009	11
11	S12	7031	18
11	S12	7049	21
11	S12	7123	5
11	S12	7130	19
11	S12	7142	7
11	S12	7164	1
11	S12	7172	1
11	S12	7174	7
11	S12	7225	59
11	S12	7230	1
11	S12	7248	1
11	S12	7253	3
11	S12	7265	7
11	S12	7272	3
11	S12	7281	10
11	S12	7284	1
11	S12	7291	8
11	S12	7294	5
11	S12	7326	13
11	S12	7364	6
11	S12	7368	2
11	S12	7371	51
11	S12	7388	3
11	S12	7427	6
11	S12	7462	2
11	S12	7470	8
11	S12	7478	13
11	S12	7495	9
11	S12	7504	42
11	S12	7519	1
11	S12	7525	17
11	S12	7536	11
11	S12	7544	8
11	S12	7560	32
11	S12	7657	2
11	S12	7667	8
11	S12	7680	28
11	S12	7703	26
11	S12	7723	18
11	S12	7736	27
11	S12	7757	2
11	S12	7760	23
11	S12	7794	19
11	S12	7802	11
11	S12	7815	1
11	S12	7821	10
11	S12	7828	3
11	S12	7855	24
11	S12	7883	1
11	S12	7887	1
11	S12	7889	10
11	S12	7909	2497
12	S13	1	1
12	S13	24	1
12	S13	31	2
12	S13	53	2
12	S13	82	9
12	S13	94	6
12	S13	109	5
12	S13	139	23
12	S13	529	21
12	S13	544	9
12	S13	617	6
12	S13	628	6
12	S13	663	3
12	S13	673	6
12	S13	681	3
12	S13	706	6
12	S13	716	3
12	S13	724	25
12	S13	747	3
12	S13	815	3
12	S13	887	3
12	S13	909	15
12	S13	997	7
12	S13	1033	3
12	S13	1159	3
12	S13	1171	27
12	S13	1241	5
12	S13	1265	19
12	S13	1286	3
12	S13	1298	9
12	S13	1310	4
12	S13	1324	36
12	S13	1386	1
12	S13	1414	4
12	S13	1436	8
12	S13	2718	9
12	S13	2748	9
12	S13	2807	1
12	S13	3164	6
12	S13	3178	6
12	S13	3283	4
12	S13	3295	3
12	S13	3336	7
12	S13	3356	30
12	S13	3385	32
12	S13	3403	26
12	S13	3417	28
12	S13	3427	1
12	S13	3440	6
12	S13	3446	3
12	S13	3468	11
12	S13	3495	11
12	S13	3506	8
12	S13	3510	13
12	S13	3630	3
12	S13	3682	6
12	S13	3807	21
12	S13	3811	32
12	S13	3824	61
12	S13	3839	3
12	S13	3850	95
12	S13	3881	2
12	S13	3914	30
12	S13	3940	4
12	S13	3993	3
12	S13	4066	6
12	S13	4087	1
12	S13	4122	90
12	S13	4130	8
12	S13	4154	1
12	S13	4155	1
12	S13	4176	46
12	S13	4184	95
12	S13	4194	1
12	S13	4196	2
12	S13	4209	12
12	S13	4461	12
12	S13	4498	12
12	S13	4564	12
12	S13	4686	6
12	S13	4688	3
12	S13	4825	3
12	S13	4877	6
12	S13	4991	3
12	S13	5020	3
12	S13	5025	3
12	S13	5209	9
12	S13	5213	3
12	S13	5273	3
12	S13	5279	39
12	S13	5292	12
12	S13	5313	6
12	S13	5343	6
12	S13	5352	24
12	S13	5365	68
12	S13	5377	3
12	S13	5428	9
12	S13	5491	9
12	S13	5641	3
12	S13	5759	6
12	S13	5990	12
12	S13	6125	3
12	S13	6434	6
12	S13	6652	9
12	S13	6887	3
12	S13	7011	11
12	S13	7033	18
12	S13	7051	21
12	S13	7125	5
12	S13	7132	19
12	S13	7144	7
12	S13	7166	1
12	S13	7177	7
12	S13	7228	59
12	S13	7233	1
12	S13	7251	1
12	S13	7256	3
12	S13	7268	7
12	S13	7275	3
12	S13	7284	10
12	S13	7287	1
12	S13	7294	8
12	S13	7297	5
12	S13	7329	13
12	S13	7367	6
12	S13	7371	2
12	S13	7374	51
12	S13	7391	3
12	S13	7430	6
12	S13	7465	2
12	S13	7473	8
12	S13	7481	13
12	S13	7498	9
12	S13	7507	42
12	S13	7522	1
12	S13	7528	17
12	S13	7539	11
12	S13	7547	8
12	S13	7563	32
12	S13	7660	2
12	S13	7670	8
12	S13	7683	28
12	S13	7706	26
12	S13	7726	18
12	S13	7739	27
12	S13	7760	2
12	S13	7763	23
12	S13	7797	19
12	S13	7805	11
12	S13	7818	1
12	S13	7824	10
12	S13	7831	3
12	S13	7858	24
12	S13	7886	1
12	S13	7890	1
12	S13	7892	10
12	S13	7912	2497
13	S14	1	1
13	S14	24	1
13	S14	31	2
13	S14	53	2
13	S14	82	9
13	S14	94	6
13	S14	109	5
13	S14	139	23
13	S14	529	21
13	S14	544	9
13	S14	617	6
13	S14	628	6
13	S14	663	3
13	S14	673	6
13	S14	681	3
13	S14	706	6
13	S14	716	3
13	S14	724	25
13	S14	747	3
13	S14	815	3
13	S14	887	3
13	S14	909	15
13	S14	997	7
13	S14	1033	3
13	S14	1159	3
13	S14	1171	27
13	S14	1241	5
13	S14	1265	19
13	S14	1286	3
13	S14	1298	9
13	S14	1310	4
13	S14	1324	36
13	S14	1386	1
13	S14	1414	4
13	S14	1436	8
13	S14	2718	9
13	S14	2748	9
13	S14	2807	1
13	S14	3164	6
13	S14	3178	6
13	S14	3283	4
13	S14	3295	3
13	S14	3336	7
13	S14	3356	30
13	S14	3385	32
13	S14	3403	26
13	S14	3417	28
13	S14	3427	1
13	S14	3440	6
13	S14	3446	3
13	S14	3468	11
13	S14	3495	11
13	S14	3506	8
13	S14	3510	13
13	S14	3630	3
13	S14	3682	6
13	S14	3807	21
13	S14	3811	32
13	S14	3824	61
13	S14	3839	3
13	S14	3850	95
13	S14	3881	2
13	S14	3914	30
13	S14	3940	4
13	S14	3993	3
13	S14	4066	6
13	S14	4087	1
13	S14	4122	90
13	S14	4130	8
13	S14	4154	1
13	S14	4177	46
13	S14	4185	95
13	S14	4195	1
13	S14	4197	2
13	S14	4210	12
13	S14	4462	12
13	S14	4499	12
13	S14	4565	12
13	S14	4687	6
13	S14	4689	3
13	S14	4826	3
13	S14	4878	6
13	S14	4992	3
13	S14	5021	3
13	S14	5026	3
13	S14	5210	9
13	S14	5214	3
13	S14	5274	3
13	S14	5280	39
13	S14	5293	12
13	S14	5314	6
13	S14	5344	6
13	S14	5353	24
13	S14	5366	68
13	S14	5378	3
13	S14	5429	9
13	S14	5492	9
13	S14	5642	3
13	S14	5760	6
13	S14	5991	12
13	S14	6126	3
13	S14	6435	6
13	S14	6653	9
13	S14	6888	3
13	S14	7012	11
13	S14	7034	18
13	S14	7052	21
13	S14	7126	5
13	S14	7133	19
13	S14	7145	7
13	S14	7167	1
13	S14	7178	7
13	S14	7229	59
13	S14	7234	1
13	S14	7252	1
13	S14	7257	3
13	S14	7269	7
13	S14	7276	3
13	S14	7285	10
13	S14	7288	1
13	S14	7295	8
13	S14	7298	5
13	S14	7330	13
13	S14	7368	6
13	S14	7372	2
13	S14	7375	51
13	S14	7392	3
13	S14	7431	6
13	S14	7466	2
13	S14	7474	8
13	S14	7482	13
13	S14	7499	9
13	S14	7508	42
13	S14	7523	1
13	S14	7529	17
13	S14	7540	11
13	S14	7548	8
13	S14	7564	32
13	S14	7661	2
13	S14	7671	8
13	S14	7684	28
13	S14	7707	26
13	S14	7727	18
13	S14	7740	27
13	S14	7761	2
13	S14	7764	23
13	S14	7798	19
13	S14	7806	11
13	S14	7819	1
13	S14	7825	10
13	S14	7832	3
13	S14	7859	24
13	S14	7887	1
13	S14	7891	1
13	S14	7893	10
13	S14	7913	2497
14	S15	1	1
14	S15	24	1
14	S15	31	2
14	S15	53	2
14	S15	82	9
14	S15	94	6
14	S15	109	5
14	S15	139	23
14	S15	529	21
14	S15	544	9
14	S15	617	6
14	S15	628	6
14	S15	663	3
14	S15	673	6
14	S15	681	3
14	S15	706	6
14	S15	716	3
14	S15	724	25
14	S15	747	3
14	S15	815	3
14	S15	887	3
14	S15	909	15
14	S15	997	7
14	S15	1033	3
14	S15	1159	3
14	S15	1171	27
14	S15	1241	5
14	S15	1265	19
14	S15	1286	3
14	S15	1298	9
14	S15	1310	4
14	S15	1324	36
14	S15	1386	1
14	S15	1414	4
14	S15	1436	8
14	S15	2718	9
14	S15	2748	9
14	S15	2807	1
14	S15	3164	6
14	S15	3178	6
14	S15	3283	4
14	S15	3295	3
14	S15	3336	7
14	S15	3356	30
14	S15	3385	32
14	S15	3403	26
14	S15	3417	28
14	S15	3427	1
14	S15	3440	6
14	S15	3446	3
14	S15	3468	11
14	S15	3495	11
14	S15	3506	8
14	S15	3510	13
14	S15	3630	3
14	S15	3682	6
14	S15	3807	21
14	S15	3811	32
14	S15	3824	61
14	S15	3839	3
14	S15	3850	95
14	S15	3881	2
14	S15	3914	30
14	S15	3940	4
14	S15	3993	3
14	S15	4066	6
14	S15	4087	1
14	S15	4122	90
14	S15	4130	8
14	S15	4154	1
14	S15	4155	3
14	S15	4174	46
14	S15	4182	95
14	S15	4192	1
14	S15	4194	2
14	S15	4207	12
14	S15	4459	12
14	S15	4496	12
14	S15	4562	12
14	S15	4684	6
14	S15	4686	3
14	S15	4823	3
14	S15	4875	6
14	S15	4989	3
14	S15	5018	3
14	S15	5023	3
14	S15	5207	9
14	S15	5211	3
14	S15	5271	3
14	S15	5277	39
14	S15	5290	12
14	S15	5311	6
14	S15	5341	6
14	S15	5350	24
14	S15	5363	68
14	S15	5375	3
14	S15	5426	9
14	S15	5489	9
14	S15	5639	3
14	S15	5757	6
14	S15	5988	12
14	S15	6123	3
14	S15	6432	6
14	S15	6650	9
14	S15	6885	3
14	S15	7009	11
14	S15	7031	18
14	S15	7049	21
14	S15	7123	5
14	S15	7130	19
14	S15	7142	7
14	S15	7164	1
14	S15	7175	7
14	S15	7226	59
14	S15	7231	1
14	S15	7249	1
14	S15	7254	3
14	S15	7266	7
14	S15	7273	3
14	S15	7282	10
14	S15	7285	1
14	S15	7292	8
14	S15	7295	5
14	S15	7327	13
14	S15	7365	6
14	S15	7369	2
14	S15	7372	51
14	S15	7389	3
14	S15	7428	6
14	S15	7463	2
14	S15	7471	8
14	S15	7479	13
14	S15	7496	9
14	S15	7505	42
14	S15	7520	1
14	S15	7526	17
14	S15	7537	11
14	S15	7545	8
14	S15	7561	32
14	S15	7563	79
14	S15	7579	2
14	S15	7589	8
14	S15	7602	28
14	S15	7625	26
14	S15	7645	18
14	S15	7658	27
14	S15	7679	2
14	S15	7682	23
14	S15	7716	19
14	S15	7724	11
14	S15	7737	1
14	S15	7743	10
14	S15	7750	3
14	S15	7777	24
14	S15	7805	1
14	S15	7809	1
14	S15	7811	10
14	S15	7831	2497
15	S16	1	1
15	S16	24	1
15	S16	31	2
15	S16	53	2
15	S16	82	9
15	S16	94	6
15	S16	109	5
15	S16	139	23
15	S16	529	21
15	S16	544	9
15	S16	617	6
15	S16	628	6
15	S16	663	3
15	S16	673	6
15	S16	681	3
15	S16	706	6
15	S16	716	3
15	S16	724	25
15	S16	747	3
15	S16	815	3
15	S16	887	3
15	S16	909	15
15	S16	997	7
15	S16	1033	3
15	S16	1159	3
15	S16	1171	27
15	S16	1241	5
15	S16	1265	19
15	S16	1286	3
15	S16	1298	9
15	S16	1310	4
15	S16	1324	36
15	S16	1386	1
15	S16	1414	4
15	S16	1436	8
15	S16	2718	9
15	S16	2748	9
15	S16	2807	1
15	S16	3164	6
15	S16	3178	6
15	S16	3283	4
15	S16	3295	3
15	S16	3336	7
15	S16	3356	30
15	S16	3385	32
15	S16	3403	26
15	S16	3417	28
15	S16	3427	1
15	S16	3440	6
15	S16	3446	3
15	S16	3468	11
15	S16	3495	11
15	S16	3506	8
15	S16	3510	13
15	S16	3630	3
15	S16	3682	6
15	S16	3807	21
15	S16	3811	32
15	S16	3824	61
15	S16	3839	3
15	S16	3850	95
15	S16	3881	2
15	S16	3914	30
15	S16	3940	4
15	S16	3993	3
15	S16	4066	6
15	S16	4087	1
15	S16	4122	90
15	S16	4130	8
15	S16	4154	1
15	S16	4155	3
15	S16	4174	46
15	S16	4182	95
15	S16	4192	1
15	S16	4194	2
15	S16	4207	12
15	S16	4459	12
15	S16	4496	12
15	S16	4562	12
15	S16	4684	6
15	S16	4686	3
15	S16	4823	3
15	S16	4875	6
15	S16	4989	3
15	S16	5018	3
15	S16	5023	3
15	S16	5207	9
15	S16	5211	3
15	S16	5271	3
15	S16	5277	39
15	S16	5290	12
15	S16	5311	6
15	S16	5341	6
15	S16	5350	24
15	S16	5363	68
15	S16	5375	3
15	S16	5426	9
15	S16	5489	9
15	S16	5639	3
15	S16	5757	6
15	S16	5988	12
15	S16	6123	3
15	S16	6432	6
15	S16	6650	9
15	S16	6885	3
15	S16	7009	11
15	S16	7031	18
15	S16	7049	21
15	S16	7123	5
15	S16	7130	19
15	S16	7142	7
15	S16	7164	1
15	S16	7175	7
15	S16	7226	59
15	S16	7231	1
15	S16	7249	1
15	S16	7254	3
15	S16	7266	7
15	S16	7273	3
15	S16	7282	10
15	S16	7285	1
15	S16	7292	8
15	S16	7295	5
15	S16	7327	13
15	S16	7365	6
15	S16	7369	2
15	S16	7372	51
15	S16	7389	3
15	S16	7428	6
15	S16	7463	2
15	S16	7471	8
15	S16	7479	13
15	S16	7496	9
15	S16	7505	42
15	S16	7520	1
15	S16	7526	17
15	S16	7537	11
15	S16	7545	8
15	S16	7561	32
15	S16	7563	79
15	S16	7579	2
15	S16	7589	8
15	S16	7602	28
15	S16	7625	26
15	S16	7645	18
15	S16	7658	27
15	S16	7679	2
15	S16	7682	23
15	S16	7716	19
15	S16	7724	11
15	S16	7737	1
15	S16	7743	10
15	S16	7750	3
15	S16	7777	24
15	S16	7805	1
15	S16	7809	1
15	S16	7811	10
15	S16	7831	2497
16	S17	1	1
16	S17	24	1
16	S17	31	2
16	S17	53	2
16	S17	82	9
16	S17	94	6
16	S17	109	5
16	S17	139	23
16	S17	529	21
16	S17	544	9
16	S17	617	6
16	S17	628	6
16	S17	663	3
16	S17	673	6
16	S17	681	3
16	S17	706	6
16	S17	716	3
16	S17	724	25
16	S17	747	3
16	S17	815	3
16	S17	887	3
16	S17	909	15
16	S17	997	7
16	S17	1033	3
16	S17	1159	3
16	S17	1171	27
16	S17	1241	5
16	S17	1265	19
16	S17	1286	3
16	S17	1298	9
16	S17	1310	4
16	S17	1324	36
16	S17	1386	1
16	S17	1414	4
16	S17	1436	8
16	S17	2718	9
16	S17	2748	9
16	S17	2807	1
16	S17	3164	6
16	S17	3178	6
16	S17	3283	4
16	S17	3295	3
16	S17	3336	7
16	S17	3356	30
16	S17	3385	32
16	S17	3403	26
16	S17	3417	28
16	S17	3427	1
16	S17	3440	6
16	S17	3446	3
16	S17	3468	11
16	S17	3495	11
16	S17	3506	8
16	S17	3510	13
16	S17	3630	3
16	S17	3682	6
16	S17	3807	21
16	S17	3811	32
16	S17	3824	61
16	S17	3839	3
16	S17	3850	95
16	S17	3881	2
16	S17	3914	30
16	S17	3940	4
16	S17	3993	3
16	S17	4066	6
16	S17	4087	1
16	S17	4122	90
16	S17	4130	8
16	S17	4154	1
16	S17	4155	2
16	S17	4175	46
16	S17	4183	95
16	S17	4193	1
16	S17	4195	2
16	S17	4208	12
16	S17	4460	12
16	S17	4497	12
16	S17	4563	12
16	S17	4685	6
16	S17	4687	3
16	S17	4824	3
16	S17	4876	6
16	S17	4990	3
16	S17	5019	3
16	S17	5024	3
16	S17	5208	9
16	S17	5212	3
16	S17	5272	3
16	S17	5278	39
16	S17	5291	12
16	S17	5312	6
16	S17	5342	6
16	S17	5351	24
16	S17	5364	68
16	S17	5376	3
16	S17	5427	9
16	S17	5490	9
16	S17	5640	3
16	S17	5758	6
16	S17	5989	12
16	S17	6124	3
16	S17	6433	6
16	S17	6651	9
16	S17	6886	3
16	S17	7010	11
16	S17	7032	18
16	S17	7050	21
16	S17	7124	5
16	S17	7131	19
16	S17	7143	7
16	S17	7165	1
16	S17	7176	7
16	S17	7227	59
16	S17	7232	1
16	S17	7250	1
16	S17	7255	3
16	S17	7267	7
16	S17	7274	3
16	S17	7283	10
16	S17	7286	1
16	S17	7293	8
16	S17	7296	5
16	S17	7328	13
16	S17	7366	6
16	S17	7370	2
16	S17	7373	51
16	S17	7390	3
16	S17	7429	6
16	S17	7464	2
16	S17	7472	8
16	S17	7480	13
16	S17	7497	9
16	S17	7506	42
16	S17	7521	1
16	S17	7527	17
16	S17	7538	11
16	S17	7546	8
16	S17	7562	32
16	S17	7564	79
16	S17	7580	2
16	S17	7590	8
16	S17	7603	28
16	S17	7626	26
16	S17	7646	18
16	S17	7659	27
16	S17	7680	2
16	S17	7683	23
16	S17	7717	19
16	S17	7725	11
16	S17	7738	1
16	S17	7744	10
16	S17	7751	3
16	S17	7778	24
16	S17	7806	1
16	S17	7810	1
16	S17	7812	10
16	S17	7832	2497
17	S18	1	1
17	S18	24	1
17	S18	31	2
17	S18	53	2
17	S18	82	9
17	S18	94	6
17	S18	109	5
17	S18	139	23
17	S18	529	21
17	S18	544	9
17	S18	617	6
17	S18	628	6
17	S18	663	3
17	S18	673	6
17	S18	681	3
17	S18	706	6
17	S18	716	3
17	S18	724	25
17	S18	747	3
17	S18	815	3
17	S18	887	3
17	S18	909	15
17	S18	997	7
17	S18	1033	3
17	S18	1159	3
17	S18	1171	27
17	S18	1241	5
17	S18	1265	19
17	S18	1286	3
17	S18	1298	9
17	S18	1310	4
17	S18	1324	36
17	S18	1386	1
17	S18	1414	4
17	S18	1436	8
17	S18	2718	9
17	S18	2748	9
17	S18	2807	1
17	S18	3164	6
17	S18	3178	6
17	S18	3283	4
17	S18	3295	3
17	S18	3336	7
17	S18	3356	30
17	S18	3385	32
17	S18	3403	26
17	S18	3417	28
17	S18	3427	1
17	S18	3440	6
17	S18	3446	3
17	S18	3468	11
17	S18	3495	11
17	S18	3506	8
17	S18	3510	13
17	S18	3630	3
17	S18	3682	6
17	S18	3807	21
17	S18	3811	32
17	S18	3824	61
17	S18	3839	3
17	S18	3850	95
17	S18	3881	2
17	S18	3914	30
17	S18	3940	4
17	S18	3993	3
17	S18	4066	6
17	S18	4087	1
17	S18	4122	90
17	S18	4130	8
17	S18	4154	1
17	S18	4177	46
17	S18	4185	95
17	S18	4195	1
17	S18	4197	2
17	S18	4210	12
17	S18	4462	12
17	S18	4499	12
17	S18	4565	12
17	S18	4687	6
17	S18	4689	3
17	S18	4826	3
17	S18	4878	6
17	S18	4992	3
17	S18	5021	3
17	S18	5026	3
17	S18	5210	9
17	S18	5214	3
17	S18	5274	3
17	S18	5280	39
17	S18	5293	12
17	S18	5314	6
17	S18	5344	6
17	S18	5353	24
17	S18	5366	68
17	S18	5378	3
17	S18	5429	9
17	S18	5492	9
17	S18	5642	3
17	S18	5760	6
17	S18	5991	12
17	S18	6126	3
17	S18	6435	6
17	S18	6653	9
17	S18	6888	3
17	S18	7012	11
17	S18	7034	18
17	S18	7052	21
17	S18	7126	5
17	S18	7133	19
17	S18	7145	7
17	S18	7167	1
17	S18	7178	7
17	S18	7229	59
17	S18	7234	1
17	S18	7252	1
17	S18	7257	3
17	S18	7269	7
17	S18	7276	3
17	S18	7285	10
17	S18	7288	1
17	S18	7295	8
17	S18	7298	5
17	S18	7330	13
17	S18	7368	6
17	S18	7372	2
17	S18	7375	51
17	S18	7392	3
17	S18	7431	6
17	S18	7466	2
17	S18	7474	8
17	S18	7482	13
17	S18	7499	9
17	S18	7508	42
17	S18	7523	1
17	S18	7529	17
17	S18	7540	11
17	S18	7548	8
17	S18	7564	32
17	S18	7566	79
17	S18	7582	2
17	S18	7592	8
17	S18	7605	28
17	S18	7628	26
17	S18	7648	18
17	S18	7661	27
17	S18	7682	2
17	S18	7685	23
17	S18	7719	19
17	S18	7727	11
17	S18	7740	1
17	S18	7746	10
17	S18	7753	3
17	S18	7780	24
17	S18	7808	1
17	S18	7812	1
17	S18	7814	10
17	S18	7834	2497
18	S19	1	1
18	S19	24	1
18	S19	31	2
18	S19	53	2
18	S19	82	9
18	S19	94	6
18	S19	109	5
18	S19	139	23
18	S19	529	21
18	S19	544	9
18	S19	617	6
18	S19	628	6
18	S19	663	3
18	S19	673	6
18	S19	681	3
18	S19	706	6
18	S19	716	3
18	S19	724	25
18	S19	747	3
18	S19	815	3
18	S19	887	3
18	S19	909	15
18	S19	997	7
18	S19	1033	3
18	S19	1159	3
18	S19	1171	27
18	S19	1241	5
18	S19	1265	19
18	S19	1286	3
18	S19	1298	9
18	S19	1310	4
18	S19	1324	36
18	S19	1386	1
18	S19	1414	4
18	S19	1436	8
18	S19	2718	9
18	S19	2748	9
18	S19	2807	1
18	S19	3164	6
18	S19	3178	6
18	S19	3283	4
18	S19	3295	3
18	S19	3336	7
18	S19	3356	30
18	S19	3385	32
18	S19	3403	26
18	S19	3417	28
18	S19	3427	1
18	S19	3440	6
18	S19	3446	3
18	S19	3468	11
18	S19	3495	11
18	S19	3506	8
18	S19	3510	13
18	S19	3630	3
18	S19	3682	6
18	S19	3807	21
18	S19	3811	32
18	S19	3824	61
18	S19	3839	3
18	S19	3850	95
18	S19	3881	2
18	S19	3914	30
18	S19	3940	4
18	S19	3993	3
18	S19	4066	6
18	S19	4087	1
18	S19	4122	90
18	S19	4130	8
18	S19	4154	1
18	S19	4177	46
18	S19	4185	95
18	S19	4195	1
18	S19	4197	2
18	S19	4210	12
18	S19	4462	12
18	S19	4499	12
18	S19	4565	12
18	S19	4687	6
18	S19	4689	3
18	S19	4826	3
18	S19	4878	6
18	S19	4992	3
18	S19	5021	3
18	S19	5026	3
18	S19	5210	9
18	S19	5214	3
18	S19	5274	3
18	S19	5280	39
18	S19	5293	12
18	S19	5314	6
18	S19	5344	6
18	S19	5353	24
18	S19	5366	68
18	S19	5378	3
18	S19	5429	9
18	S19	5492	9
18	S19	5642	3
18	S19	5760	6
18	S19	5991	12
18	S19	6126	3
18	S19	6435	6
18	S19	6653	9
18	S19	6888	3
18	S19	7012	11
18	S19	7034	18
18	S19	7052	21
18	S19	7126	5
18	S19	7133	19
18	S19	7145	7
18	S19	7167	1
18	S19	7178	7
18	S19	7229	59
18	S19	7234	1
18	S19	7252	1
18	S19	7257	3
18	S19	7269	7
18	S19	7276	3
18	S19	7285	10
18	S19	7288	1
18	S19	7295	8
18	S19	7298	5
18	S19	7330	13
18	S19	7368	6
18	S19	7372	2
18	S19	7375	51
18	S19	7392	3
18	S19	7431	6
18	S19	7466	2
18	S19	7474	8
18	S19	7482	13
18	S19	7499	9
18	S19	7508	42
18	S19	7523	1
18	S19	7529	17
18	S19	7540	11
18	S19	7548	8
18	S19	7564	32
18	S19	7566	79
18	S19	7582	2
18	S19	7592	8
18	S19	7605	28
18	S19	7628	26
18	S19	7648	18
18	S19	7661	27
18	S19	7682	2
18	S19	7685	23
18	S19	7719	19
18	S19	7727	11
18	S19	7740	1
18	S19	7746	10
18	S19	7753	3
18	S19	7780	24
18	S19	7808	1
18	S19	7812	1
18	S19	7814	10
18	S19	7834	2497
19	S20	1	1
19	S20	24	1
19	S20	31	2
19	S20	53	2
19	S20	82	9
19	S20	94	6
19	S20	109	5
19	S20	139	23
19	S20	529	21
19	S20	544	9
19	S20	617	6
19	S20	628	6
19	S20	663	3
19	S20	673	6
19	S20	681	3
19	S20	706	6
19	S20	716	3
19	S20	724	25
19	S20	747	3
19	S20	815	3
19	S20	887	3
19	S20	909	15
19	S20	997	7
19	S20	1033	3
19	S20	1159	3
19	S20	1171	27
19	S20	1241	5
19	S20	1265	19
19	S20	1286	3
19	S20	1298	9
19	S20	1310	4
19	S20	1324	36
19	S20	1386	1
19	S20	1414	4
19	S20	1436	8
19	S20	2718	9
19	S20	2748	9
19	S20	2807	1
19	S20	3164	6
19	S20	3178	6
19	S20	3283	4
19	S20	3295	3
19	S20	3336	7
19	S20	3356	30
19	S20	3385	32
19	S20	3403	26
19	S20	3417	28
19	S20	3427	1
19	S20	3440	6
19	S20	3446	3
19	S20	3468	11
19	S20	3495	11
19	S20	3506	8
19	S20	3510	13
19	S20	3630	3
19	S20	3682	6
19	S20	3807	21
19	S20	3811	32
19	S20	3824	61
19	S20	3839	3
19	S20	3850	95
19	S20	3881	2
19	S20	3914	30
19	S20	3940	4
19	S20	3993	3
19	S20	4066	6
19	S20	4087	1
19	S20	4122	90
19	S20	4130	8
19	S20	4154	1
19	S20	4155	3
19	S20	4174	46
19	S20	4182	95
19	S20	4192	1
19	S20	4194	2
19	S20	4207	12
19	S20	4459	12
19	S20	4496	12
19	S20	4562	12
19	S20	4684	6
19	S20	4686	3
19	S20	4823	3
19	S20	4875	6
19	S20	4989	3
19	S20	5018	3
19	S20	5023	3
19	S20	5207	9
19	S20	5211	3
19	S20	5271	3
19	S20	5277	39
19	S20	5290	12
19	S20	5311	6
19	S20	5341	6
19	S20	5350	24
19	S20	5363	68
19	S20	5375	3
19	S20	5426	9
19	S20	5489	9
19	S20	5639	3
19	S20	5757	6
19	S20	5988	12
19	S20	6123	3
19	S20	6432	6
19	S20	6650	9
19	S20	6885	3
19	S20	7009	11
19	S20	7031	18
19	S20	7049	21
19	S20	7123	5
19	S20	7130	19
19	S20	7142	7
19	S20	7164	1
19	S20	7175	7
19	S20	7226	59
19	S20	7231	1
19	S20	7249	1
19	S20	7254	3
19	S20	7266	7
19	S20	7273	3
19	S20	7282	10
19	S20	7285	1
19	S20	7292	8
19	S20	7295	5
19	S20	7327	13
19	S20	7365	6
19	S20	7369	2
19	S20	7372	51
19	S20	7389	3
19	S20	7428	6
19	S20	7463	2
19	S20	7471	8
19	S20	7479	13
19	S20	7496	9
19	S20	7505	42
19	S20	7520	1
19	S20	7526	17
19	S20	7537	11
19	S20	7545	8
19	S20	7561	32
19	S20	7563	79
19	S20	7579	2
19	S20	7589	8
19	S20	7602	28
19	S20	7625	26
19	S20	7645	18
19	S20	7658	27
19	S20	7679	2
19	S20	7682	23
19	S20	7716	19
19	S20	7724	11
19	S20	7737	1
19	S20	7743	10
19	S20	7750	3
19	S20	7777	24
19	S20	7805	1
19	S20	7809	1
19	S20	7811	10
19	S20	7831	2497
20	S21	1	1
20	S21	24	1
20	S21	31	2
20	S21	53	2
20	S21	82	9
20	S21	94	6
20	S21	109	5
20	S21	139	23
20	S21	529	21
20	S21	544	9
20	S21	617	6
20	S21	628	6
20	S21	663	3
20	S21	673	6
20	S21	681	3
20	S21	706	6
20	S21	716	3
20	S21	724	25
20	S21	747	3
20	S21	815	3
20	S21	887	3
20	S21	909	15
20	S21	997	7
20	S21	1033	3
20	S21	1159	3
20	S21	1171	27
20	S21	1241	5
20	S21	1265	19
20	S21	1286	3
20	S21	1298	9
20	S21	1310	4
20	S21	1324	36
20	S21	1386	1
20	S21	1414	4
20	S21	1436	8
20	S21	2718	9
20	S21	2748	9
20	S21	2807	1
20	S21	3164	6
20	S21	3178	6
20	S21	3283	4
20	S21	3295	3
20	S21	3336	7
20	S21	3356	30
20	S21	3385	32
20	S21	3403	26
20	S21	3417	28
20	S21	3427	1
20	S21	3440	6
20	S21	3446	3
20	S21	3468	11
20	S21	3495	11
20	S21	3506	8
20	S21	3510	13
20	S21	3630	3
20	S21	3682	6
20	S21	3807	21
20	S21	3811	32
20	S21	3824	61
20	S21	3839	3
20	S21	3850	95
20	S21	3881	2
20	S21	3914	30
20	S21	3940	4
20	S21	3993	3
20	S21	4066	6
20	S21	4087	1
20	S21	4122	90
20	S21	4130	8
20	S21	4154	1
20	S21	4155	3
20	S21	4174	46
20	S21	4182	95
20	S21	4192	1
20	S21	4194	2
20	S21	4207	12
20	S21	4459	12
20	S21	4496	12
20	S21	4562	12
20	S21	4684	6
20	S21	4686	3
20	S21	4823	3
20	S21	4875	6
20	S21	4989	3
20	S21	5018	3
20	S21	5023	3
20	S21	5207	9
20	S21	5211	3
20	S21	5271	3
20	S21	5277	39
20	S21	5290	12
20	S21	5311	6
20	S21	5341	6
20	S21	5350	24
20	S21	5363	68
20	S21	5375	3
20	S21	5426	9
20	S21	5489	9
20	S21	5639	3
20	S21	5757	6
20	S21	5988	12
20	S21	6123	3
20	S21	6432	6
20	S21	6650	9
20	S21	6885	3
20	S21	7009	11
20	S21	7031	18
20	S21	7049	21
20	S21	7123	5
20	S21	7130	19
20	S21	7142	7
20	S21	7164	1
20	S21	7175	7
20	S21	7226	59
20	S21	7231	1
20	S21	7249	1
20	S21	7254	3
20	S21	7266	7
20	S21	7273	3
20	S21	7282	10
20	S21	7285	1
20	S21	7292	8
20	S21	7295	5
20	S21	7327	13
20	S21	7365	6
20	S21	7369	2
20	S21	7372	51
20	S21	7389	3
20	S21	7428	6
20	S21	7463	2
20	S21	7471	8
20	S21	7479	13
20	S21	7496	9
20	S21	7505	42
20	S21	7520	1
20	S21	7526	17
20	S21	7537	11
20	S21	7545	8
20	S21	7561	32
20	S21	7563	79
20	S21	7579	2
20	S21	7589	8
20	S21	7602	28
20	S21	7625	26
20	S21	7645	18
20	S21	7658	27
20	S21	7679	2
20	S21	7682	23
20	S21	7716	19
20	S21	7724	11
20	S21	7737	1
20	S21	7743	10
20	S21	7750	3
20	S21	7777	24
20	S21	7805	1
20	S21	7809	1
20	S21	7811	10
20	S21	7831	2497
21	S22	1	1
21	S22	24	1
21	S22	31	2
21	S22	53	2
21	S22	82	9
21	S22	94	6
21	S22	109	5
21	S22	139	23
21	S22	529	21
21	S22	544	9
21	S22	617	6
21	S22	628	6
21	S22	663	3
21	S22	673	6
21	S22	681	3
21	S22	706	6
21	S22	716	3
21	S22	724	25
21	S22	747	3
21	S22	815	3
21	S22	887	3
21	S22	909	15
21	S22	997	7
21	S22	1033	3
21	S22	1159	3
21	S22	1171	27
21	S22	1241	5
21	S22	1265	19
21	S22	1286	3
21	S22	1298	9
21	S22	1310	4
21	S22	1324	36
21	S22	1386	1
21	S22	1414	4
21	S22	1436	8
21	S22	2718	9
21	S22	2748	9
21	S22	2807	1
21	S22	3164	6
21	S22	3178	6
21	S22	3283	4
21	S22	3295	3
21	S22	3336	7
21	S22	3356	30
21	S22	3385	32
21	S22	3403	26
21	S22	3417	28
21	S22	3427	1
21	S22	3440	6
21	S22	3446	3
21	S22	3468	11
21	S22	3495	11
21	S22	3506	8
21	S22	3510	13
21	S22	3630	3
21	S22	3682	6
21	S22	3807	21
21	S22	3811	32
21	S22	3824	61
21	S22	3839	3
21	S22	3850	95
21	S22	3881	2
21	S22	3914	30
21	S22	3940	4
21	S22	3993	3
21	S22	4066	6
21	S22	4087	1
21	S22	4122	90
21	S22	4130	8
21	S22	4154	1
21	S22	4155	3
21	S22	4174	46
21	S22	4182	95
21	S22	4192	1
21	S22	4194	2
21	S22	4207	12
21	S22	4459	12
21	S22	4496	12
21	S22	4562	12
21	S22	4684	6
21	S22	4686	3
21	S22	4823	3
21	S22	4875	6
21	S22	4989	3
21	S22	5018	3
21	S22	5023	3
21	S22	5207	9
21	S22	5211	3
21	S22	5271	3
21	S22	5277	39
21	S22	5290	12
21	S22	5311	6
21	S22	5341	6
21	S22	5350	24
21	S22	5363	68
21	S22	5375	3
21	S22	5426	9
21	S22	5489	9
21	S22	5639	3
21	S22	5757	6
21	S22	5988	12
21	S22	6123	3
21	S22	6432	6
21	S22	6650	9
21	S22	6885	3
21	S22	7009	11
21	S22	7031	18
21	S22	7049	21
21	S22	7123	5
21	S22	7130	19
21	S22	7142	7
21	S22	7164	1
21	S22	7175	7
21	S22	7226	59
21	S22	7231	1
21	S22	7249	1
21	S22	7254	3
21	S22	7266	7
21	S22	7273	3
21	S22	7282	10
21	S22	7285	1
21	S22	7292	8
21	S22	7295	5
21	S22	7327	13
21	S22	7365	6
21	S22	7369	2
21	S22	7372	51
21	S22	7389	3
21	S22	7428	6
21	S22	7463	2
21	S22	7471	8
21	S22	7479	13
21	S22	7496	9
21	S22	7505	42
21	S22	7520	1
21	S22	7529	3
21	S22	7532	6
21	S22	7545	11
21	S22	7553	8
21	S22	7569	32
21	S22	7571	79
21	S22	7587	2
21	S22	7597	8
21	S22	7610	28
21	S22	7633	26
21	S22	7653	18
21	S22	7666	27
21	S22	7687	2
21	S22	7690	23
21	S22	7724	19
21	S22	7732	11
21	S22	7745	1
21	S22	7751	10
21	S22	7758	3
21	S22	7785	24
21	S22	7813	1
21	S22	7817	1
21	S22	7819	10
21	S22	7839	2497
22	S23	1	1
22	S23	24	1
22	S23	31	2
22	S23	53	2
22	S23	82	9
22	S23	94	6
22	S23	109	5
22	S23	139	23
22	S23	529	21
22	S23	544	9
22	S23	617	6
22	S23	628	6
22	S23	663	3
22	S23	673	6
22	S23	681	3
22	S23	706	6
22	S23	716	3
22	S23	724	25
22	S23	747	3
22	S23	815	3
22	S23	887	3
22	S23	909	15
22	S23	997	7
22	S23	1033	3
22	S23	1159	3
22	S23	1171	27
22	S23	1241	5
22	S23	1265	19
22	S23	1286	3
22	S23	1298	9
22	S23	1310	4
22	S23	1324	36
22	S23	1386	1
22	S23	1414	4
22	S23	1436	8
22	S23	2718	9
22	S23	2748	9
22	S23	2807	1
22	S23	3164	6
22	S23	3178	6
22	S23	3283	4
22	S23	3295	3
22	S23	3336	7
22	S23	3356	30
22	S23	3385	32
22	S23	3403	26
22	S23	3417	28
22	S23	3427	1
22	S23	3440	6
22	S23	3446	3
22	S23	3468	11
22	S23	3495	11
22	S23	3506	8
22	S23	3510	13
22	S23	3630	3
22	S23	3682	6
22	S23	3807	21
22	S23	3811	32
22	S23	3824	61
22	S23	3839	3
22	S23	3850	95
22	S23	3881	2
22	S23	3914	30
22	S23	3940	4
22	S23	3993	3
22	S23	4066	6
22	S23	4087	1
22	S23	4122	90
22	S23	4130	8
22	S23	4154	1
22	S23	4155	3
22	S23	4174	46
22	S23	4182	95
22	S23	4192	1
22	S23	4194	2
22	S23	4207	12
22	S23	4459	12
22	S23	4496	12
22	S23	4562	12
22	S23	4684	6
22	S23	4686	3
22	S23	4823	3
22	S23	4875	6
22	S23	4989	3
22	S23	5018	3
22	S23	5023	3
22	S23	5207	9
22	S23	5211	3
22	S23	5271	3
22	S23	5277	39
22	S23	5290	12
22	S23	5311	6
22	S23	5341	6
22	S23	5350	24
22	S23	5363	68
22	S23	5375	3
22	S23	5426	9
22	S23	5489	9
22	S23	5639	3
22	S23	5757	6
22	S23	5988	12
22	S23	6123	3
22	S23	6432	6
22	S23	6650	9
22	S23	6885	3
22	S23	7009	11
22	S23	7031	18
22	S23	7049	21
22	S23	7123	5
22	S23	7130	19
22	S23	7142	7
22	S23	7164	1
22	S23	7175	7
22	S23	7226	59
22	S23	7231	1
22	S23	7249	1
22	S23	7254	3
22	S23	7266	7
22	S23	7273	3
22	S23	7282	10
22	S23	7285	1
22	S23	7292	8
22	S23	7295	5
22	S23	7327	13
22	S23	7365	6
22	S23	7369	2
22	S23	7372	51
22	S23	7389	3
22	S23	7428	6
22	S23	7463	2
22	S23	7471	8
22	S23	7479	13
22	S23	7496	9
22	S23	7505	42
22	S23	7520	1
22	S23	7526	17
22	S23	7537	11
22	S23	7545	8
22	S23	7561	32
22	S23	7563	79
22	S23	7579	2
22	S23	7589	8
22	S23	7602	28
22	S23	7625	26
22	S23	7645	18
22	S23	7658	27
22	S23	7679	2
22	S23	7682	23
22	S23	7716	19
22	S23	7724	11
22	S23	7737	1
22	S23	7743	10
22	S23	7750	3
22	S23	7777	24
22	S23	7805	1
22	S23	7809	1
22	S23	7811	10
22	S23	7831	2497
23	S24	1	1
23	S24	24	1
23	S24	31	2
23	S24	53	2
23	S24	82	9
23	S24	94	6
23	S24	109	5
23	S24	139	23
23	S24	529	21
23	S24	544	9
23	S24	617	6
23	S24	628	6
23	S24	663	3
23	S24	673	6
23	S24	681	3
23	S24	706	6
23	S24	716	3
23	S24	724	25
23	S24	747	3
23	S24	815	3
23	S24	887	3
23	S24	909	15
23	S24	997	7
23	S24	1033	3
23	S24	1159	3
23	S24	1171	27
23	S24	1241	5
23	S24	1265	19
23	S24	1286	3
23	S24	1298	9
23	S24	1310	4
23	S24	1324	36
23	S24	1386	1
23	S24	1414	4
23	S24	1436	8
23	S24	2718	9
23	S24	2748	9
23	S24	2807	1
23	S24	3164	6
23	S24	3178	6
23	S24	3283	4
23	S24	3295	3
23	S24	3336	7
23	S24	3356	30
23	S24	3385	32
23	S24	3403	26
23	S24	3417	28
23	S24	3427	1
23	S24	3440	6
23	S24	3446	3
23	S24	3468	11
23	S24	3495	11
23	S24	3506	8
23	S24	3510	13
23	S24	3630	3
23	S24	3682	6
23	S24	3807	21
23	S24	3811	32
23	S24	3824	61
23	S24	3839	3
23	S24	3850	95
23	S24	3881	2
23	S24	3914	30
23	S24	3940	4
23	S24	3993	3
23	S24	4066	6
23	S24	4087	1
23	S24	4122	90
23	S24	4130	8
23	S24	4154	1
23	S24	4155	3
23	S24	4174	46
23	S24	4182	95
23	S24	4192	1
23	S24	4194	2
23	S24	4207	12
23	S24	4459	12
23	S24	4496	12
23	S24	4562	12
23	S24	4684	6
23	S24	4686	3
23	S24	4823	3
23	S24	4875	6
23	S24	4989	3
23	S24	5018	3
23	S24	5023	3
23	S24	5207	9
23	S24	5211	3
23	S24	5271	3
23	S24	5277	39
23	S24	5290	12
23	S24	5311	6
23	S24	5341	6
23	S24	5350	24
23	S24	5363	68
23	S24	5375	3
23	S24	5426	9
23	S24	5489	9
23	S24	5639	3
23	S24	5757	6
23	S24	5988	12
23	S24	6123	3
23	S24	6432	6
23	S24	6650	9
23	S24	6885	3
23	S24	7009	11
23	S24	7031	18
23	S24	7049	21
23	S24	7123	5
23	S24	7130	19
23	S24	7142	7
23	S24	7164	1
23	S24	7175	7
23	S24	7226	59
23	S24	7231	1
23	S24	7249	1
23	S24	7254	3
23	S24	7266	7
23	S24	7273	3
23	S24	7282	10
23	S24	7285	1
23	S24	7292	8
23	S24	7295	5
23	S24	7327	13
23	S24	7365	6
23	S24	7369	2
23	S24	7372	51
23	S24	7389	3
23	S24	7428	6
23	S24	7463	2
23	S24	7471	8
23	S24	7479	13
23	S24	7496	9
23	S24	7505	42
23	S24	7520	1
23	S24	7526	17
23	S24	7537	11
23	S24	7545	8
23	S24	7561	32
23	S24	7563	79
23	S24	7579	2
23	S24	7589	8
23	S24	7602	28
23	S24	7625	26
23	S24	7645	18
23	S24	7658	27
23	S24	7679	2
23	S24	7682	23
23	S24	7716	19
23	S24	7724	11
23	S24	7737	1
23	S24	7743	10
23	S24	7750	3
23	S24	7777	24
23	S24	7805	1
23	S24	7809	1
23	S24	7811	10
23	S24	7831	2497
24	S25	1	1
24	S25	24	1
24	S25	31	2
24	S25	53	2
24	S25	82	9
24	S25	94	6
24	S25	109	5
24	S25	139	23
24	S25	529	21
24	S25	544	9
24	S25	617	6
24	S25	628	6
24	S25	663	3
24	S25	673	6
24	S25	681	3
24	S25	706	6
24	S25	716	3
24	S25	724	25
24	S25	747	3
24	S25	815	3
24	S25	887	3
24	S25	909	15
24	S25	997	7
24	S25	1033	3
24	S25	1159	3
24	S25	1171	27
24	S25	1241	5
24	S25	1265	19
24	S25	1286	3
24	S25	1298	9
24	S25	1310	4
24	S25	1324	36
24	S25	1386	1
24	S25	1414	4
24	S25	1436	8
24	S25	2718	9
24	S25	2748	9
24	S25	2807	1
24	S25	3164	6
24	S25	3178	6
24	S25	3283	4
24	S25	3295	3
24	S25	3336	7
24	S25	3356	30
24	S25	3385	32
24	S25	3403	26
24	S25	3417	28
24	S25	3427	1
24	S25	3440	6
24	S25	3446	3
24	S25	3468	11
24	S25	3495	11
24	S25	3506	8
24	S25	3510	13
24	S25	3630	3
24	S25	3682	6
24	S25	3807	21
24	S25	3811	32
24	S25	3824	61
24	S25	3839	3
24	S25	3850	95
24	S25	3881	2
24	S25	3914	30
24	S25	3940	4
24	S25	3993	3
24	S25	4066	6
24	S25	4087	1
24	S25	4122	90
24	S25	4130	8
24	S25	4154	1
24	S25	4155	1
24	S25	4176	46
24	S25	4184	95
24	S25	4194	1
24	S25	4196	2
24	S25	4209	12
24	S25	4461	12
24	S25	4498	12
24	S25	4564	12
24	S25	4686	6
24	S25	4688	3
24	S25	4825	3
24	S25	4877	6
24	S25	4991	3
24	S25	5020	3
24	S25	5025	3
24	S25	5209	9
24	S25	5213	3
24	S25	5273	3
24	S25	5279	39
24	S25	5292	12
24	S25	5313	6
24	S25	5343	6
24	S25	5352	24
24	S25	5365	68
24	S25	5377	3
24	S25	5428	9
24	S25	5491	9
24	S25	5641	3
24	S25	5759	6
24	S25	5990	12
24	S25	6125	3
24	S25	6434	6
24	S25	6652	9
24	S25	6887	3
24	S25	7011	11
24	S25	7033	18
24	S25	7051	21
24	S25	7125	5
24	S25	7132	19
24	S25	7144	7
24	S25	7166	1
24	S25	7177	7
24	S25	7228	59
24	S25	7233	1
24	S25	7251	1
24	S25	7256	3
24	S25	7268	7
24	S25	7275	3
24	S25	7284	10
24	S25	7287	1
24	S25	7294	8
24	S25	7297	5
24	S25	7329	13
24	S25	7367	6
24	S25	7371	2
24	S25	7374	51
24	S25	7391	3
24	S25	7430	6
24	S25	7465	2
24	S25	7473	8
24	S25	7481	13
24	S25	7498	9
24	S25	7507	42
24	S25	7522	1
24	S25	7528	17
24	S25	7539	11
24	S25	7547	8
24	S25	7563	32
24	S25	7565	79
24	S25	7581	2
24	S25	7591	8
24	S25	7604	28
24	S25	7627	26
24	S25	7647	18
24	S25	7660	27
24	S25	7681	2
24	S25	7684	23
24	S25	7718	19
24	S25	7726	11
24	S25	7739	1
24	S25	7745	10
24	S25	7752	3
24	S25	7779	24
24	S25	7807	1
24	S25	7811	1
24	S25	7813	10
24	S25	7833	2497
