# print count over countCutOffLow=0.1 to countCutOffHigh=0.9 with increment=0.05
POS	prob01	prob10	exp01	exp10	prob01_Rec	prob10_Rec	exp01_Rec	exp10_Rec	prob01_Anc	prob10_Anc	exp01_Anc	exp10_Anc	count01_0.1	count10_0.1	count01_0.15	count10_0.15	count01_0.2	count10_0.2	count01_0.25	count10_0.25	count01_0.3	count10_0.3	count01_0.35	count10_0.35	count01_0.4	count10_0.4	count01_0.45	count10_0.45	count01_0.5	count10_0.5	count01_0.55	count10_0.55	count01_0.6	count10_0.6	count01_0.65	count10_0.65	count01_0.7	count10_0.7	count01_0.75	count10_0.75	count01_0.8	count10_0.8	count01_0.85	count10_0.85	count01_0.9	count10_0.9	
1	0.008842	0.01988	0.008849	0.01988	0.001521	0.01592	0.001521	0.01592	0.00732	0.003958	0.007327	0.003961	0	0	0	0	0	0	0	0	0	0	0	0	0	0	0	0	0	0	0	0	0	0	0	0	0	0	0	0	0	0	0	0	0	0	
2	2.844	2.493	2.844	2.494	1.626	1.765	1.626	1.765	1.218	0.7282	1.219	0.7285	7	5	7	5	4	5	4	4	4	4	4	4	4	4	3	1	3	1	2	1	0	1	0	1	0	1	0	1	0	1	0	1	0	1	
3	0.008842	0.01988	0.008849	0.01988	0.001521	0.01592	0.001521	0.01592	0.00732	0.003958	0.007327	0.003961	0	0	0	0	0	0	0	0	0	0	0	0	0	0	0	0	0	0	0	0	0	0	0	0	0	0	0	0	0	0	0	0	0	0	
4	0.008842	0.01988	0.008849	0.01988	0.001521	0.01592	0.001521	0.01592	0.00732	0.003958	0.007327	0.003961	0	0	0	0	0	0	0	0	0	0	0	0	0	0	0	0	0	0	0	0	0	0	0	0	0	0	0	0	0	0	0	0	0	0	
5	0.008842	0.01988	0.008849	0.01988	0.001521	0.01592	0.001521	0.01592	0.00732	0.003958	0.007327	0.003961	0	0	0	0	0	0	0	0	0	0	0	0	0	0	0	0	0	0	0	0	0	0	0	0	0	0	0	0	0	0	0	0	0	0	
6	0.008842	0.01988	0.008849	0.01988	0.001521	0.01592	0.001521	0.01592	0.00732	0.003958	0.007327	0.003961	0	0	0	0	0	0	0	0	0	0	0	0	0	0	0	0	0	0	0	0	0	0	0	0	0	0	0	0	0	0	0	0	0	0	
7	0.008434	0.004793	0.008441	0.004795	0.001394	0.001329	0.001394	0.00133	0.00704	0.003464	0.007047	0.003466	0	0	0	0	0	0	0	0	0	0	0	0	0	0	0	0	0	0	0	0	0	0	0	0	0	0	0	0	0	0	0	0	0	0	
8	0.008434	0.004793	0.008441	0.004795	0.001394	0.001329	0.001394	0.00133	0.00704	0.003464	0.007047	0.003466	0	0	0	0	0	0	0	0	0	0	0	0	0	0	0	0	0	0	0	0	0	0	0	0	0	0	0	0	0	0	0	0	0	0	
9	0.008434	0.004793	0.008441	0.004795	0.001394	0.001329	0.001394	0.00133	0.00704	0.003464	0.007047	0.003466	0	0	0	0	0	0	0	0	0	0	0	0	0	0	0	0	0	0	0	0	0	0	0	0	0	0	0	0	0	0	0	0	0	0	
10	0.008434	0.004793	0.008441	0.004795	0.001394	0.001329	0.001394	0.00133	0.00704	0.003464	0.007047	0.003466	0	0	0	0	0	0	0	0	0	0	0	0	0	0	0	0	0	0	0	0	0	0	0	0	0	0	0	0	0	0	0	0	0	0	
11	0.008434	0.004793	0.008441	0.004795	0.001394	0.001329	0.001394	0.00133	0.00704	0.003464	0.007047	0.003466	0	0	0	0	0	0	0	0	0	0	0	0	0	0	0	0	0	0	0	0	0	0	0	0	0	0	0	0	0	0	0	0	0	0	
12	0.008434	0.004793	0.008441	0.004795	0.001394	0.001329	0.001394	0.00133	0.00704	0.003464	0.007047	0.003466	0	0	0	0	0	0	0	0	0	0	0	0	0	0	0	0	0	0	0	0	0	0	0	0	0	0	0	0	0	0	0	0	0	0	
13	0.008434	0.004793	0.008441	0.004795	0.001394	0.001329	0.001394	0.00133	0.00704	0.003464	0.007047	0.003466	0	0	0	0	0	0	0	0	0	0	0	0	0	0	0	0	0	0	0	0	0	0	0	0	0	0	0	0	0	0	0	0	0	0	
14	0.008434	0.004793	0.008441	0.004795	0.001394	0.001329	0.001394	0.00133	0.00704	0.003464	0.007047	0.003466	0	0	0	0	0	0	0	0	0	0	0	0	0	0	0	0	0	0	0	0	0	0	0	0	0	0	0	0	0	0	0	0	0	0	
15	0.008434	0.004793	0.008441	0.004795	0.001394	0.001329	0.001394	0.00133	0.00704	0.003464	0.007047	0.003466	0	0	0	0	0	0	0	0	0	0	0	0	0	0	0	0	0	0	0	0	0	0	0	0	0	0	0	0	0	0	0	0	0	0	
16	0.008434	0.004793	0.008441	0.004795	0.001394	0.001329	0.001394	0.00133	0.00704	0.003464	0.007047	0.003466	0	0	0	0	0	0	0	0	0	0	0	0	0	0	0	0	0	0	0	0	0	0	0	0	0	0	0	0	0	0	0	0	0	0	
17	0.008434	0.004793	0.008441	0.004795	0.001394	0.001329	0.001394	0.00133	0.00704	0.003464	0.007047	0.003466	0	0	0	0	0	0	0	0	0	0	0	0	0	0	0	0	0	0	0	0	0	0	0	0	0	0	0	0	0	0	0	0	0	0	
18	0.008434	0.004793	0.008441	0.004795	0.001394	0.001329	0.001394	0.00133	0.00704	0.003464	0.007047	0.003466	0	0	0	0	0	0	0	0	0	0	0	0	0	0	0	0	0	0	0	0	0	0	0	0	0	0	0	0	0	0	0	0	0	0	
19	0.008434	0.004793	0.008441	0.004795	0.001394	0.001329	0.001394	0.00133	0.00704	0.003464	0.007047	0.003466	0	0	0	0	0	0	0	0	0	0	0	0	0	0	0	0	0	0	0	0	0	0	0	0	0	0	0	0	0	0	0	0	0	0	
20	0.008434	0.004793	0.008441	0.004795	0.001394	0.001329	0.001394	0.00133	0.00704	0.003464	0.007047	0.003466	0	0	0	0	0	0	0	0	0	0	0	0	0	0	0	0	0	0	0	0	0	0	0	0	0	0	0	0	0	0	0	0	0	0	
21	0.008434	0.004793	0.008441	0.004795	0.001394	0.001329	0.001394	0.00133	0.00704	0.003464	0.007047	0.003466	0	0	0	0	0	0	0	0	0	0	0	0	0	0	0	0	0	0	0	0	0	0	0	0	0	0	0	0	0	0	0	0	0	0	
22	0.008434	0.004793	0.008441	0.004795	0.001394	0.001329	0.001394	0.00133	0.00704	0.003464	0.007047	0.003466	0	0	0	0	0	0	0	0	0	0	0	0	0	0	0	0	0	0	0	0	0	0	0	0	0	0	0	0	0	0	0	0	0	0	
23	0.008434	0.004793	0.008441	0.004795	0.001394	0.001329	0.001394	0.00133	0.00704	0.003464	0.007047	0.003466	0	0	0	0	0	0	0	0	0	0	0	0	0	0	0	0	0	0	0	0	0	0	0	0	0	0	0	0	0	0	0	0	0	0	
24	0.008434	0.004793	0.008441	0.004795	0.001394	0.001329	0.001394	0.00133	0.00704	0.003464	0.007047	0.003466	0	0	0	0	0	0	0	0	0	0	0	0	0	0	0	0	0	0	0	0	0	0	0	0	0	0	0	0	0	0	0	0	0	0	
25	0.008434	0.004793	0.008441	0.004795	0.001394	0.001329	0.001394	0.00133	0.00704	0.003464	0.007047	0.003466	0	0	0	0	0	0	0	0	0	0	0	0	0	0	0	0	0	0	0	0	0	0	0	0	0	0	0	0	0	0	0	0	0	0	
26	0.008434	0.004793	0.008441	0.004795	0.001394	0.001329	0.001394	0.00133	0.00704	0.003464	0.007047	0.003466	0	0	0	0	0	0	0	0	0	0	0	0	0	0	0	0	0	0	0	0	0	0	0	0	0	0	0	0	0	0	0	0	0	0	
27	0.008434	0.004793	0.008441	0.004795	0.001394	0.001329	0.001394	0.00133	0.00704	0.003464	0.007047	0.003466	0	0	0	0	0	0	0	0	0	0	0	0	0	0	0	0	0	0	0	0	0	0	0	0	0	0	0	0	0	0	0	0	0	0	
28	0.008434	0.004793	0.008441	0.004795	0.001394	0.001329	0.001394	0.00133	0.00704	0.003464	0.007047	0.003466	0	0	0	0	0	0	0	0	0	0	0	0	0	0	0	0	0	0	0	0	0	0	0	0	0	0	0	0	0	0	0	0	0	0	
29	0.008434	0.004793	0.008441	0.004795	0.001394	0.001329	0.001394	0.00133	0.00704	0.003464	0.007047	0.003466	0	0	0	0	0	0	0	0	0	0	0	0	0	0	0	0	0	0	0	0	0	0	0	0	0	0	0	0	0	0	0	0	0	0	
30	0.008434	0.004793	0.008441	0.004795	0.001394	0.001329	0.001394	0.00133	0.00704	0.003464	0.007047	0.003466	0	0	0	0	0	0	0	0	0	0	0	0	0	0	0	0	0	0	0	0	0	0	0	0	0	0	0	0	0	0	0	0	0	0	
31	0.008434	0.004793	0.008441	0.004795	0.001394	0.001329	0.001394	0.00133	0.00704	0.003464	0.007047	0.003466	0	0	0	0	0	0	0	0	0	0	0	0	0	0	0	0	0	0	0	0	0	0	0	0	0	0	0	0	0	0	0	0	0	0	
32	0.008434	0.004793	0.008441	0.004795	0.001394	0.001329	0.001394	0.00133	0.00704	0.003464	0.007047	0.003466	0	0	0	0	0	0	0	0	0	0	0	0	0	0	0	0	0	0	0	0	0	0	0	0	0	0	0	0	0	0	0	0	0	0	
33	0.008434	0.004793	0.008441	0.004795	0.001394	0.001329	0.001394	0.00133	0.00704	0.003464	0.007047	0.003466	0	0	0	0	0	0	0	0	0	0	0	0	0	0	0	0	0	0	0	0	0	0	0	0	0	0	0	0	0	0	0	0	0	0	
34	0.008434	0.004793	0.008441	0.004795	0.001394	0.001329	0.001394	0.00133	0.00704	0.003464	0.007047	0.003466	0	0	0	0	0	0	0	0	0	0	0	0	0	0	0	0	0	0	0	0	0	0	0	0	0	0	0	0	0	0	0	0	0	0	
35	0.008434	0.004793	0.008441	0.004795	0.001394	0.001329	0.001394	0.00133	0.00704	0.003464	0.007047	0.003466	0	0	0	0	0	0	0	0	0	0	0	0	0	0	0	0	0	0	0	0	0	0	0	0	0	0	0	0	0	0	0	0	0	0	
36	0.008434	0.004793	0.008441	0.004795	0.001394	0.001329	0.001394	0.00133	0.00704	0.003464	0.007047	0.003466	0	0	0	0	0	0	0	0	0	0	0	0	0	0	0	0	0	0	0	0	0	0	0	0	0	0	0	0	0	0	0	0	0	0	
37	0.008434	0.004793	0.008441	0.004795	0.001394	0.001329	0.001394	0.00133	0.00704	0.003464	0.007047	0.003466	0	0	0	0	0	0	0	0	0	0	0	0	0	0	0	0	0	0	0	0	0	0	0	0	0	0	0	0	0	0	0	0	0	0	
38	0.008434	0.004793	0.008441	0.004795	0.001394	0.001329	0.001394	0.00133	0.00704	0.003464	0.007047	0.003466	0	0	0	0	0	0	0	0	0	0	0	0	0	0	0	0	0	0	0	0	0	0	0	0	0	0	0	0	0	0	0	0	0	0	
39	0.008434	0.004793	0.008441	0.004795	0.001394	0.001329	0.001394	0.00133	0.00704	0.003464	0.007047	0.003466	0	0	0	0	0	0	0	0	0	0	0	0	0	0	0	0	0	0	0	0	0	0	0	0	0	0	0	0	0	0	0	0	0	0	
40	0.008434	0.004793	0.008441	0.004795	0.001394	0.001329	0.001394	0.00133	0.00704	0.003464	0.007047	0.003466	0	0	0	0	0	0	0	0	0	0	0	0	0	0	0	0	0	0	0	0	0	0	0	0	0	0	0	0	0	0	0	0	0	0	
41	0.008434	0.004793	0.008441	0.004795	0.001394	0.001329	0.001394	0.00133	0.00704	0.003464	0.007047	0.003466	0	0	0	0	0	0	0	0	0	0	0	0	0	0	0	0	0	0	0	0	0	0	0	0	0	0	0	0	0	0	0	0	0	0	
42	0.008434	0.004793	0.008441	0.004795	0.001394	0.001329	0.001394	0.00133	0.00704	0.003464	0.007047	0.003466	0	0	0	0	0	0	0	0	0	0	0	0	0	0	0	0	0	0	0	0	0	0	0	0	0	0	0	0	0	0	0	0	0	0	
43	0.008434	0.004793	0.008441	0.004795	0.001394	0.001329	0.001394	0.00133	0.00704	0.003464	0.007047	0.003466	0	0	0	0	0	0	0	0	0	0	0	0	0	0	0	0	0	0	0	0	0	0	0	0	0	0	0	0	0	0	0	0	0	0	
44	0.008434	0.004793	0.008441	0.004795	0.001394	0.001329	0.001394	0.00133	0.00704	0.003464	0.007047	0.003466	0	0	0	0	0	0	0	0	0	0	0	0	0	0	0	0	0	0	0	0	0	0	0	0	0	0	0	0	0	0	0	0	0	0	
45	0.008434	0.004793	0.008441	0.004795	0.001394	0.001329	0.001394	0.00133	0.00704	0.003464	0.007047	0.003466	0	0	0	0	0	0	0	0	0	0	0	0	0	0	0	0	0	0	0	0	0	0	0	0	0	0	0	0	0	0	0	0	0	0	
46	0.008434	0.004793	0.008441	0.004795	0.001394	0.001329	0.001394	0.00133	0.00704	0.003464	0.007047	0.003466	0	0	0	0	0	0	0	0	0	0	0	0	0	0	0	0	0	0	0	0	0	0	0	0	0	0	0	0	0	0	0	0	0	0	
47	0.008434	0.004793	0.008441	0.004795	0.001394	0.001329	0.001394	0.00133	0.00704	0.003464	0.007047	0.003466	0	0	0	0	0	0	0	0	0	0	0	0	0	0	0	0	0	0	0	0	0	0	0	0	0	0	0	0	0	0	0	0	0	0	
48	0.008434	0.004793	0.008441	0.004795	0.001394	0.001329	0.001394	0.00133	0.00704	0.003464	0.007047	0.003466	0	0	0	0	0	0	0	0	0	0	0	0	0	0	0	0	0	0	0	0	0	0	0	0	0	0	0	0	0	0	0	0	0	0	
49	0.008434	0.004793	0.008441	0.004795	0.001394	0.001329	0.001394	0.00133	0.00704	0.003464	0.007047	0.003466	0	0	0	0	0	0	0	0	0	0	0	0	0	0	0	0	0	0	0	0	0	0	0	0	0	0	0	0	0	0	0	0	0	0	
50	0.008434	0.004793	0.008441	0.004795	0.001394	0.001329	0.001394	0.00133	0.00704	0.003464	0.007047	0.003466	0	0	0	0	0	0	0	0	0	0	0	0	0	0	0	0	0	0	0	0	0	0	0	0	0	0	0	0	0	0	0	0	0	0	
51	0.008434	0.004793	0.008441	0.004795	0.001394	0.001329	0.001394	0.00133	0.00704	0.003464	0.007047	0.003466	0	0	0	0	0	0	0	0	0	0	0	0	0	0	0	0	0	0	0	0	0	0	0	0	0	0	0	0	0	0	0	0	0	0	
52	0.008434	0.004793	0.008441	0.004795	0.001394	0.001329	0.001394	0.00133	0.00704	0.003464	0.007047	0.003466	0	0	0	0	0	0	0	0	0	0	0	0	0	0	0	0	0	0	0	0	0	0	0	0	0	0	0	0	0	0	0	0	0	0	
53	0.008434	0.004793	0.008441	0.004795	0.001394	0.001329	0.001394	0.00133	0.00704	0.003464	0.007047	0.003466	0	0	0	0	0	0	0	0	0	0	0	0	0	0	0	0	0	0	0	0	0	0	0	0	0	0	0	0	0	0	0	0	0	0	
54	0.008434	0.004793	0.008441	0.004795	0.001394	0.001329	0.001394	0.00133	0.00704	0.003464	0.007047	0.003466	0	0	0	0	0	0	0	0	0	0	0	0	0	0	0	0	0	0	0	0	0	0	0	0	0	0	0	0	0	0	0	0	0	0	
55	0.008434	0.004793	0.008441	0.004795	0.001394	0.001329	0.001394	0.00133	0.00704	0.003464	0.007047	0.003466	0	0	0	0	0	0	0	0	0	0	0	0	0	0	0	0	0	0	0	0	0	0	0	0	0	0	0	0	0	0	0	0	0	0	
56	0.008434	0.004793	0.008441	0.004795	0.001394	0.001329	0.001394	0.00133	0.00704	0.003464	0.007047	0.003466	0	0	0	0	0	0	0	0	0	0	0	0	0	0	0	0	0	0	0	0	0	0	0	0	0	0	0	0	0	0	0	0	0	0	
57	0.008434	0.004793	0.008441	0.004795	0.001394	0.001329	0.001394	0.00133	0.00704	0.003464	0.007047	0.003466	0	0	0	0	0	0	0	0	0	0	0	0	0	0	0	0	0	0	0	0	0	0	0	0	0	0	0	0	0	0	0	0	0	0	
58	0.008434	0.004793	0.008441	0.004795	0.001394	0.001329	0.001394	0.00133	0.00704	0.003464	0.007047	0.003466	0	0	0	0	0	0	0	0	0	0	0	0	0	0	0	0	0	0	0	0	0	0	0	0	0	0	0	0	0	0	0	0	0	0	
59	0.008434	0.004793	0.008441	0.004795	0.001394	0.001329	0.001394	0.00133	0.00704	0.003464	0.007047	0.003466	0	0	0	0	0	0	0	0	0	0	0	0	0	0	0	0	0	0	0	0	0	0	0	0	0	0	0	0	0	0	0	0	0	0	
60	0.008434	0.004793	0.008441	0.004795	0.001394	0.001329	0.001394	0.00133	0.00704	0.003464	0.007047	0.003466	0	0	0	0	0	0	0	0	0	0	0	0	0	0	0	0	0	0	0	0	0	0	0	0	0	0	0	0	0	0	0	0	0	0	
61	0.008434	0.004793	0.008441	0.004795	0.001394	0.001329	0.001394	0.00133	0.00704	0.003464	0.007047	0.003466	0	0	0	0	0	0	0	0	0	0	0	0	0	0	0	0	0	0	0	0	0	0	0	0	0	0	0	0	0	0	0	0	0	0	
62	0.008434	0.004793	0.008441	0.004795	0.001394	0.001329	0.001394	0.00133	0.00704	0.003464	0.007047	0.003466	0	0	0	0	0	0	0	0	0	0	0	0	0	0	0	0	0	0	0	0	0	0	0	0	0	0	0	0	0	0	0	0	0	0	
63	0.008434	0.004793	0.008441	0.004795	0.001394	0.001329	0.001394	0.00133	0.00704	0.003464	0.007047	0.003466	0	0	0	0	0	0	0	0	0	0	0	0	0	0	0	0	0	0	0	0	0	0	0	0	0	0	0	0	0	0	0	0	0	0	
64	0.008434	0.004793	0.008441	0.004795	0.001394	0.001329	0.001394	0.00133	0.00704	0.003464	0.007047	0.003466	0	0	0	0	0	0	0	0	0	0	0	0	0	0	0	0	0	0	0	0	0	0	0	0	0	0	0	0	0	0	0	0	0	0	
65	0.008434	0.004793	0.008441	0.004795	0.001394	0.001329	0.001394	0.00133	0.00704	0.003464	0.007047	0.003466	0	0	0	0	0	0	0	0	0	0	0	0	0	0	0	0	0	0	0	0	0	0	0	0	0	0	0	0	0	0	0	0	0	0	
66	0.008434	0.004793	0.008441	0.004795	0.001394	0.001329	0.001394	0.00133	0.00704	0.003464	0.007047	0.003466	0	0	0	0	0	0	0	0	0	0	0	0	0	0	0	0	0	0	0	0	0	0	0	0	0	0	0	0	0	0	0	0	0	0	
67	0.008434	0.004793	0.008441	0.004795	0.001394	0.001329	0.001394	0.00133	0.00704	0.003464	0.007047	0.003466	0	0	0	0	0	0	0	0	0	0	0	0	0	0	0	0	0	0	0	0	0	0	0	0	0	0	0	0	0	0	0	0	0	0	
68	0.008434	0.004793	0.008441	0.004795	0.001394	0.001329	0.001394	0.00133	0.00704	0.003464	0.007047	0.003466	0	0	0	0	0	0	0	0	0	0	0	0	0	0	0	0	0	0	0	0	0	0	0	0	0	0	0	0	0	0	0	0	0	0	
69	0.008434	0.004793	0.008441	0.004795	0.001394	0.001329	0.001394	0.00133	0.00704	0.003464	0.007047	0.003466	0	0	0	0	0	0	0	0	0	0	0	0	0	0	0	0	0	0	0	0	0	0	0	0	0	0	0	0	0	0	0	0	0	0	
70	0.008434	0.004793	0.008441	0.004795	0.001394	0.001329	0.001394	0.00133	0.00704	0.003464	0.007047	0.003466	0	0	0	0	0	0	0	0	0	0	0	0	0	0	0	0	0	0	0	0	0	0	0	0	0	0	0	0	0	0	0	0	0	0	
71	0.008434	0.004793	0.008441	0.004795	0.001394	0.001329	0.001394	0.00133	0.00704	0.003464	0.007047	0.003466	0	0	0	0	0	0	0	0	0	0	0	0	0	0	0	0	0	0	0	0	0	0	0	0	0	0	0	0	0	0	0	0	0	0	
72	0.008434	0.004793	0.008441	0.004795	0.001394	0.001329	0.001394	0.00133	0.00704	0.003464	0.007047	0.003466	0	0	0	0	0	0	0	0	0	0	0	0	0	0	0	0	0	0	0	0	0	0	0	0	0	0	0	0	0	0	0	0	0	0	
73	0.008434	0.004793	0.008441	0.004795	0.001394	0.001329	0.001394	0.00133	0.00704	0.003464	0.007047	0.003466	0	0	0	0	0	0	0	0	0	0	0	0	0	0	0	0	0	0	0	0	0	0	0	0	0	0	0	0	0	0	0	0	0	0	
74	0.2803	1.994	0.2804	1.995	0.172	1.839	0.172	1.839	0.1083	0.1555	0.1084	0.1556	1	3	1	2	0	2	0	2	0	2	0	2	0	2	0	2	0	2	0	2	0	2	0	2	0	2	0	2	0	2	0	1	0	1	
75	0.008434	0.004793	0.008441	0.004795	0.001394	0.001329	0.001394	0.00133	0.00704	0.003464	0.007047	0.003466	0	0	0	0	0	0	0	0	0	0	0	0	0	0	0	0	0	0	0	0	0	0	0	0	0	0	0	0	0	0	0	0	0	0	
76	0.008434	0.004793	0.008441	0.004795	0.001394	0.001329	0.001394	0.00133	0.00704	0.003464	0.007047	0.003466	0	0	0	0	0	0	0	0	0	0	0	0	0	0	0	0	0	0	0	0	0	0	0	0	0	0	0	0	0	0	0	0	0	0	
77	0.008434	0.004793	0.008441	0.004795	0.001394	0.001329	0.001394	0.00133	0.00704	0.003464	0.007047	0.003466	0	0	0	0	0	0	0	0	0	0	0	0	0	0	0	0	0	0	0	0	0	0	0	0	0	0	0	0	0	0	0	0	0	0	
78	0.008434	0.004793	0.008441	0.004795	0.001394	0.001329	0.001394	0.00133	0.00704	0.003464	0.007047	0.003466	0	0	0	0	0	0	0	0	0	0	0	0	0	0	0	0	0	0	0	0	0	0	0	0	0	0	0	0	0	0	0	0	0	0	
79	0.008434	0.004793	0.008441	0.004795	0.001394	0.001329	0.001394	0.00133	0.00704	0.003464	0.007047	0.003466	0	0	0	0	0	0	0	0	0	0	0	0	0	0	0	0	0	0	0	0	0	0	0	0	0	0	0	0	0	0	0	0	0	0	
80	0.008434	0.004793	0.008441	0.004795	0.001394	0.001329	0.001394	0.00133	0.00704	0.003464	0.007047	0.003466	0	0	0	0	0	0	0	0	0	0	0	0	0	0	0	0	0	0	0	0	0	0	0	0	0	0	0	0	0	0	0	0	0	0	
81	0.008434	0.004793	0.008441	0.004795	0.001394	0.001329	0.001394	0.00133	0.00704	0.003464	0.007047	0.003466	0	0	0	0	0	0	0	0	0	0	0	0	0	0	0	0	0	0	0	0	0	0	0	0	0	0	0	0	0	0	0	0	0	0	
82	0.008434	0.004793	0.008441	0.004795	0.001394	0.001329	0.001394	0.00133	0.00704	0.003464	0.007047	0.003466	0	0	0	0	0	0	0	0	0	0	0	0	0	0	0	0	0	0	0	0	0	0	0	0	0	0	0	0	0	0	0	0	0	0	
83	0.008434	0.004793	0.008441	0.004795	0.001394	0.001329	0.001394	0.00133	0.00704	0.003464	0.007047	0.003466	0	0	0	0	0	0	0	0	0	0	0	0	0	0	0	0	0	0	0	0	0	0	0	0	0	0	0	0	0	0	0	0	0	0	
84	0.008434	0.004793	0.008441	0.004795	0.001394	0.001329	0.001394	0.00133	0.00704	0.003464	0.007047	0.003466	0	0	0	0	0	0	0	0	0	0	0	0	0	0	0	0	0	0	0	0	0	0	0	0	0	0	0	0	0	0	0	0	0	0	
85	0.008434	0.004793	0.008441	0.004795	0.001394	0.001329	0.001394	0.00133	0.00704	0.003464	0.007047	0.003466	0	0	0	0	0	0	0	0	0	0	0	0	0	0	0	0	0	0	0	0	0	0	0	0	0	0	0	0	0	0	0	0	0	0	
86	0.008434	0.004793	0.008441	0.004795	0.001394	0.001329	0.001394	0.00133	0.00704	0.003464	0.007047	0.003466	0	0	0	0	0	0	0	0	0	0	0	0	0	0	0	0	0	0	0	0	0	0	0	0	0	0	0	0	0	0	0	0	0	0	
87	0.008434	0.004793	0.008441	0.004795	0.001394	0.001329	0.001394	0.00133	0.00704	0.003464	0.007047	0.003466	0	0	0	0	0	0	0	0	0	0	0	0	0	0	0	0	0	0	0	0	0	0	0	0	0	0	0	0	0	0	0	0	0	0	
88	0.008434	0.004793	0.008441	0.004795	0.001394	0.001329	0.001394	0.00133	0.00704	0.003464	0.007047	0.003466	0	0	0	0	0	0	0	0	0	0	0	0	0	0	0	0	0	0	0	0	0	0	0	0	0	0	0	0	0	0	0	0	0	0	
89	0.008434	0.004793	0.008441	0.004795	0.001394	0.001329	0.001394	0.00133	0.00704	0.003464	0.007047	0.003466	0	0	0	0	0	0	0	0	0	0	0	0	0	0	0	0	0	0	0	0	0	0	0	0	0	0	0	0	0	0	0	0	0	0	
90	0.008434	0.004793	0.008441	0.004795	0.001394	0.001329	0.001394	0.00133	0.00704	0.003464	0.007047	0.003466	0	0	0	0	0	0	0	0	0	0	0	0	0	0	0	0	0	0	0	0	0	0	0	0	0	0	0	0	0	0	0	0	0	0	
91	0.008434	0.004793	0.008441	0.004795	0.001394	0.001329	0.001394	0.00133	0.00704	0.003464	0.007047	0.003466	0	0	0	0	0	0	0	0	0	0	0	0	0	0	0	0	0	0	0	0	0	0	0	0	0	0	0	0	0	0	0	0	0	0	
92	0.008434	0.004793	0.008441	0.004795	0.001394	0.001329	0.001394	0.00133	0.00704	0.003464	0.007047	0.003466	0	0	0	0	0	0	0	0	0	0	0	0	0	0	0	0	0	0	0	0	0	0	0	0	0	0	0	0	0	0	0	0	0	0	
93	0.008434	0.004793	0.008441	0.004795	0.001394	0.001329	0.001394	0.00133	0.00704	0.003464	0.007047	0.003466	0	0	0	0	0	0	0	0	0	0	0	0	0	0	0	0	0	0	0	0	0	0	0	0	0	0	0	0	0	0	0	0	0	0	
94	0.008434	0.004793	0.008441	0.004795	0.001394	0.001329	0.001394	0.00133	0.00704	0.003464	0.007047	0.003466	0	0	0	0	0	0	0	0	0	0	0	0	0	0	0	0	0	0	0	0	0	0	0	0	0	0	0	0	0	0	0	0	0	0	
95	0.008434	0.004793	0.008441	0.004795	0.001394	0.001329	0.001394	0.00133	0.00704	0.003464	0.007047	0.003466	0	0	0	0	0	0	0	0	0	0	0	0	0	0	0	0	0	0	0	0	0	0	0	0	0	0	0	0	0	0	0	0	0	0	
96	0.008434	0.004793	0.008441	0.004795	0.001394	0.001329	0.001394	0.00133	0.00704	0.003464	0.007047	0.003466	0	0	0	0	0	0	0	0	0	0	0	0	0	0	0	0	0	0	0	0	0	0	0	0	0	0	0	0	0	0	0	0	0	0	
97	0.008434	0.004793	0.008441	0.004795	0.001394	0.001329	0.001394	0.00133	0.00704	0.003464	0.007047	0.003466	0	0	0	0	0	0	0	0	0	0	0	0	0	0	0	0	0	0	0	0	0	0	0	0	0	0	0	0	0	0	0	0	0	0	
98	0.008434	0.004793	0.008441	0.004795	0.001394	0.001329	0.001394	0.00133	0.00704	0.003464	0.007047	0.003466	0	0	0	0	0	0	0	0	0	0	0	0	0	0	0	0	0	0	0	0	0	0	0	0	0	0	0	0	0	0	0	0	0	0	
99	0.008434	0.004793	0.008441	0.004795	0.001394	0.001329	0.001394	0.00133	0.00704	0.003464	0.007047	0.003466	0	0	0	0	0	0	0	0	0	0	0	0	0	0	0	0	0	0	0	0	0	0	0	0	0	0	0	0	0	0	0	0	0	0	
100	0.008434	0.004793	0.008441	0.004795	0.001394	0.001329	0.001394	0.00133	0.00704	0.003464	0.007047	0.003466	0	0	0	0	0	0	0	0	0	0	0	0	0	0	0	0	0	0	0	0	0	0	0	0	0	0	0	0	0	0	0	0	0	0	
101	0.008434	0.004793	0.008441	0.004795	0.001394	0.001329	0.001394	0.00133	0.00704	0.003464	0.007047	0.003466	0	0	0	0	0	0	0	0	0	0	0	0	0	0	0	0	0	0	0	0	0	0	0	0	0	0	0	0	0	0	0	0	0	0	
102	0.008434	0.004793	0.008441	0.004795	0.001394	0.001329	0.001394	0.00133	0.00704	0.003464	0.007047	0.003466	0	0	0	0	0	0	0	0	0	0	0	0	0	0	0	0	0	0	0	0	0	0	0	0	0	0	0	0	0	0	0	0	0	0	
103	0.008434	0.004793	0.008441	0.004795	0.001394	0.001329	0.001394	0.00133	0.00704	0.003464	0.007047	0.003466	0	0	0	0	0	0	0	0	0	0	0	0	0	0	0	0	0	0	0	0	0	0	0	0	0	0	0	0	0	0	0	0	0	0	
104	0.008434	0.004793	0.008441	0.004795	0.001394	0.001329	0.001394	0.00133	0.00704	0.003464	0.007047	0.003466	0	0	0	0	0	0	0	0	0	0	0	0	0	0	0	0	0	0	0	0	0	0	0	0	0	0	0	0	0	0	0	0	0	0	
105	0.008434	0.004793	0.008441	0.004795	0.001394	0.001329	0.001394	0.00133	0.00704	0.003464	0.007047	0.003466	0	0	0	0	0	0	0	0	0	0	0	0	0	0	0	0	0	0	0	0	0	0	0	0	0	0	0	0	0	0	0	0	0	0	
106	0.008434	0.004793	0.008441	0.004795	0.001394	0.001329	0.001394	0.00133	0.00704	0.003464	0.007047	0.003466	0	0	0	0	0	0	0	0	0	0	0	0	0	0	0	0	0	0	0	0	0	0	0	0	0	0	0	0	0	0	0	0	0	0	
107	0.008434	0.004793	0.008441	0.004795	0.001394	0.001329	0.001394	0.00133	0.00704	0.003464	0.007047	0.003466	0	0	0	0	0	0	0	0	0	0	0	0	0	0	0	0	0	0	0	0	0	0	0	0	0	0	0	0	0	0	0	0	0	0	
108	0.008434	0.004793	0.008441	0.004795	0.001394	0.001329	0.001394	0.00133	0.00704	0.003464	0.007047	0.003466	0	0	0	0	0	0	0	0	0	0	0	0	0	0	0	0	0	0	0	0	0	0	0	0	0	0	0	0	0	0	0	0	0	0	
109	0.008434	0.004793	0.008441	0.004795	0.001394	0.001329	0.001394	0.00133	0.00704	0.003464	0.007047	0.003466	0	0	0	0	0	0	0	0	0	0	0	0	0	0	0	0	0	0	0	0	0	0	0	0	0	0	0	0	0	0	0	0	0	0	
110	0.008434	0.004793	0.008441	0.004795	0.001394	0.001329	0.001394	0.00133	0.00704	0.003464	0.007047	0.003466	0	0	0	0	0	0	0	0	0	0	0	0	0	0	0	0	0	0	0	0	0	0	0	0	0	0	0	0	0	0	0	0	0	0	
111	0.008434	0.004793	0.008441	0.004795	0.001394	0.001329	0.001394	0.00133	0.00704	0.003464	0.007047	0.003466	0	0	0	0	0	0	0	0	0	0	0	0	0	0	0	0	0	0	0	0	0	0	0	0	0	0	0	0	0	0	0	0	0	0	
112	0.008434	0.004793	0.008441	0.004795	0.001394	0.001329	0.001394	0.00133	0.00704	0.003464	0.007047	0.003466	0	0	0	0	0	0	0	0	0	0	0	0	0	0	0	0	0	0	0	0	0	0	0	0	0	0	0	0	0	0	0	0	0	0	
113	0.008434	0.004793	0.008441	0.004795	0.001394	0.001329	0.001394	0.00133	0.00704	0.003464	0.007047	0.003466	0	0	0	0	0	0	0	0	0	0	0	0	0	0	0	0	0	0	0	0	0	0	0	0	0	0	0	0	0	0	0	0	0	0	
114	0.008434	0.004793	0.008441	0.004795	0.001394	0.001329	0.001394	0.00133	0.00704	0.003464	0.007047	0.003466	0	0	0	0	0	0	0	0	0	0	0	0	0	0	0	0	0	0	0	0	0	0	0	0	0	0	0	0	0	0	0	0	0	0	
115	0.008434	0.004793	0.008441	0.004795	0.001394	0.001329	0.001394	0.00133	0.00704	0.003464	0.007047	0.003466	0	0	0	0	0	0	0	0	0	0	0	0	0	0	0	0	0	0	0	0	0	0	0	0	0	0	0	0	0	0	0	0	0	0	
116	0.008434	0.004793	0.008441	0.004795	0.001394	0.001329	0.001394	0.00133	0.00704	0.003464	0.007047	0.003466	0	0	0	0	0	0	0	0	0	0	0	0	0	0	0	0	0	0	0	0	0	0	0	0	0	0	0	0	0	0	0	0	0	0	
117	0.008434	0.004793	0.008441	0.004795	0.001394	0.001329	0.001394	0.00133	0.00704	0.003464	0.007047	0.003466	0	0	0	0	0	0	0	0	0	0	0	0	0	0	0	0	0	0	0	0	0	0	0	0	0	0	0	0	0	0	0	0	0	0	
118	0.008434	0.004793	0.008441	0.004795	0.001394	0.001329	0.001394	0.00133	0.00704	0.003464	0.007047	0.003466	0	0	0	0	0	0	0	0	0	0	0	0	0	0	0	0	0	0	0	0	0	0	0	0	0	0	0	0	0	0	0	0	0	0	
119	0.008434	0.004793	0.008441	0.004795	0.001394	0.001329	0.001394	0.00133	0.00704	0.003464	0.007047	0.003466	0	0	0	0	0	0	0	0	0	0	0	0	0	0	0	0	0	0	0	0	0	0	0	0	0	0	0	0	0	0	0	0	0	0	
120	0.008434	0.004793	0.008441	0.004795	0.001394	0.001329	0.001394	0.00133	0.00704	0.003464	0.007047	0.003466	0	0	0	0	0	0	0	0	0	0	0	0	0	0	0	0	0	0	0	0	0	0	0	0	0	0	0	0	0	0	0	0	0	0	
121	0.008434	0.004793	0.008441	0.004795	0.001394	0.001329	0.001394	0.00133	0.00704	0.003464	0.007047	0.003466	0	0	0	0	0	0	0	0	0	0	0	0	0	0	0	0	0	0	0	0	0	0	0	0	0	0	0	0	0	0	0	0	0	0	
122	0.008434	0.004793	0.008441	0.004795	0.001394	0.001329	0.001394	0.00133	0.00704	0.003464	0.007047	0.003466	0	0	0	0	0	0	0	0	0	0	0	0	0	0	0	0	0	0	0	0	0	0	0	0	0	0	0	0	0	0	0	0	0	0	
123	0.008434	0.004793	0.008441	0.004795	0.001394	0.001329	0.001394	0.00133	0.00704	0.003464	0.007047	0.003466	0	0	0	0	0	0	0	0	0	0	0	0	0	0	0	0	0	0	0	0	0	0	0	0	0	0	0	0	0	0	0	0	0	0	
124	0.008434	0.004793	0.008441	0.004795	0.001394	0.001329	0.001394	0.00133	0.00704	0.003464	0.007047	0.003466	0	0	0	0	0	0	0	0	0	0	0	0	0	0	0	0	0	0	0	0	0	0	0	0	0	0	0	0	0	0	0	0	0	0	
125	0.4697	1.579	0.4704	1.58	0.005515	0.00539	0.005515	0.005391	0.4642	1.573	0.4649	1.574	1	2	1	2	1	2	1	2	1	2	1	2	1	2	1	2	0	2	0	1	0	1	0	1	0	1	0	1	0	1	0	1	0	1	
126	0.6508	0.5189	0.6512	0.5193	0.09733	0.04156	0.09735	0.04157	0.5534	0.4774	0.5539	0.4777	2	1	1	1	1	1	1	1	1	1	1	1	1	1	0	1	0	0	0	0	0	0	0	0	0	0	0	0	0	0	0	0	0	0	
127	0.02407	0.03052	0.02409	0.03054	0.01167	0.0198	0.01167	0.01981	0.01241	0.01072	0.01242	0.01073	0	0	0	0	0	0	0	0	0	0	0	0	0	0	0	0	0	0	0	0	0	0	0	0	0	0	0	0	0	0	0	0	0	0	
128	0.02407	0.03052	0.02409	0.03054	0.01167	0.0198	0.01167	0.01981	0.01241	0.01072	0.01242	0.01073	0	0	0	0	0	0	0	0	0	0	0	0	0	0	0	0	0	0	0	0	0	0	0	0	0	0	0	0	0	0	0	0	0	0	
129	0.008434	0.004793	0.008441	0.004795	0.001394	0.001329	0.001394	0.00133	0.00704	0.003464	0.007047	0.003466	0	0	0	0	0	0	0	0	0	0	0	0	0	0	0	0	0	0	0	0	0	0	0	0	0	0	0	0	0	0	0	0	0	0	
130	1.004	0.008729	1.004	0.008737	1.001	0.001143	1.001	0.001143	0.003156	0.007585	0.003158	0.007593	1	0	1	0	1	0	1	0	1	0	1	0	1	0	1	0	1	0	1	0	1	0	1	0	1	0	1	0	1	0	1	0	1	0	
131	0.008434	0.004793	0.008441	0.004795	0.001394	0.001329	0.001394	0.00133	0.00704	0.003464	0.007047	0.003466	0	0	0	0	0	0	0	0	0	0	0	0	0	0	0	0	0	0	0	0	0	0	0	0	0	0	0	0	0	0	0	0	0	0	
132	0.008434	0.004793	0.008441	0.004795	0.001394	0.001329	0.001394	0.00133	0.00704	0.003464	0.007047	0.003466	0	0	0	0	0	0	0	0	0	0	0	0	0	0	0	0	0	0	0	0	0	0	0	0	0	0	0	0	0	0	0	0	0	0	
133	0.008434	0.004793	0.008441	0.004795	0.001394	0.001329	0.001394	0.00133	0.00704	0.003464	0.007047	0.003466	0	0	0	0	0	0	0	0	0	0	0	0	0	0	0	0	0	0	0	0	0	0	0	0	0	0	0	0	0	0	0	0	0	0	
134	0.008434	0.004793	0.008441	0.004795	0.001394	0.001329	0.001394	0.00133	0.00704	0.003464	0.007047	0.003466	0	0	0	0	0	0	0	0	0	0	0	0	0	0	0	0	0	0	0	0	0	0	0	0	0	0	0	0	0	0	0	0	0	0	
135	0.4962	0.5355	0.4966	0.5358	0.003447	0.003446	0.003448	0.003446	0.4928	0.532	0.4932	0.5324	1	1	1	1	1	1	1	1	1	1	1	1	1	1	1	1	0	1	0	0	0	0	0	0	0	0	0	0	0	0	0	0	0	0	
136	0.008434	0.004793	0.008441	0.004795	0.001394	0.001329	0.001394	0.00133	0.00704	0.003464	0.007047	0.003466	0	0	0	0	0	0	0	0	0	0	0	0	0	0	0	0	0	0	0	0	0	0	0	0	0	0	0	0	0	0	0	0	0	0	
137	0.008434	0.004793	0.008441	0.004795	0.001394	0.001329	0.001394	0.00133	0.00704	0.003464	0.007047	0.003466	0	0	0	0	0	0	0	0	0	0	0	0	0	0	0	0	0	0	0	0	0	0	0	0	0	0	0	0	0	0	0	0	0	0	
138	0.008434	0.004793	0.008441	0.004795	0.001394	0.001329	0.001394	0.00133	0.00704	0.003464	0.007047	0.003466	0	0	0	0	0	0	0	0	0	0	0	0	0	0	0	0	0	0	0	0	0	0	0	0	0	0	0	0	0	0	0	0	0	0	
139	0.008434	0.004793	0.008441	0.004795	0.001394	0.001329	0.001394	0.00133	0.00704	0.003464	0.007047	0.003466	0	0	0	0	0	0	0	0	0	0	0	0	0	0	0	0	0	0	0	0	0	0	0	0	0	0	0	0	0	0	0	0	0	0	
140	0.008434	0.004793	0.008441	0.004795	0.001394	0.001329	0.001394	0.00133	0.00704	0.003464	0.007047	0.003466	0	0	0	0	0	0	0	0	0	0	0	0	0	0	0	0	0	0	0	0	0	0	0	0	0	0	0	0	0	0	0	0	0	0	
141	0.008434	0.004793	0.008441	0.004795	0.001394	0.001329	0.001394	0.00133	0.00704	0.003464	0.007047	0.003466	0	0	0	0	0	0	0	0	0	0	0	0	0	0	0	0	0	0	0	0	0	0	0	0	0	0	0	0	0	0	0	0	0	0	
142	0.008434	0.004793	0.008441	0.004795	0.001394	0.001329	0.001394	0.00133	0.00704	0.003464	0.007047	0.003466	0	0	0	0	0	0	0	0	0	0	0	0	0	0	0	0	0	0	0	0	0	0	0	0	0	0	0	0	0	0	0	0	0	0	
143	0.008434	0.004793	0.008441	0.004795	0.001394	0.001329	0.001394	0.00133	0.00704	0.003464	0.007047	0.003466	0	0	0	0	0	0	0	0	0	0	0	0	0	0	0	0	0	0	0	0	0	0	0	0	0	0	0	0	0	0	0	0	0	0	
144	0.008434	0.004793	0.008441	0.004795	0.001394	0.001329	0.001394	0.00133	0.00704	0.003464	0.007047	0.003466	0	0	0	0	0	0	0	0	0	0	0	0	0	0	0	0	0	0	0	0	0	0	0	0	0	0	0	0	0	0	0	0	0	0	
145	0.008434	0.004793	0.008441	0.004795	0.001394	0.001329	0.001394	0.00133	0.00704	0.003464	0.007047	0.003466	0	0	0	0	0	0	0	0	0	0	0	0	0	0	0	0	0	0	0	0	0	0	0	0	0	0	0	0	0	0	0	0	0	0	
146	0.008434	0.004793	0.008441	0.004795	0.001394	0.001329	0.001394	0.00133	0.00704	0.003464	0.007047	0.003466	0	0	0	0	0	0	0	0	0	0	0	0	0	0	0	0	0	0	0	0	0	0	0	0	0	0	0	0	0	0	0	0	0	0	
147	0.008448	0.005438	0.008455	0.005441	0.001396	0.001969	0.001396	0.001969	0.007052	0.00347	0.007059	0.003472	0	0	0	0	0	0	0	0	0	0	0	0	0	0	0	0	0	0	0	0	0	0	0	0	0	0	0	0	0	0	0	0	0	0	
148	1.004	0.008727	1.004	0.008734	1.001	0.001141	1.001	0.001141	0.003153	0.007586	0.003155	0.007594	1	0	1	0	1	0	1	0	1	0	1	0	1	0	1	0	1	0	1	0	1	0	1	0	1	0	1	0	1	0	1	0	1	0	
149	0.008448	0.005438	0.008455	0.005441	0.001396	0.001969	0.001396	0.001969	0.007052	0.00347	0.007059	0.003472	0	0	0	0	0	0	0	0	0	0	0	0	0	0	0	0	0	0	0	0	0	0	0	0	0	0	0	0	0	0	0	0	0	0	
150	0.008434	0.004793	0.008441	0.004795	0.001394	0.001329	0.001394	0.00133	0.00704	0.003464	0.007047	0.003466	0	0	0	0	0	0	0	0	0	0	0	0	0	0	0	0	0	0	0	0	0	0	0	0	0	0	0	0	0	0	0	0	0	0	
151	0.008434	0.004793	0.008441	0.004795	0.001394	0.001329	0.001394	0.00133	0.00704	0.003464	0.007047	0.003466	0	0	0	0	0	0	0	0	0	0	0	0	0	0	0	0	0	0	0	0	0	0	0	0	0	0	0	0	0	0	0	0	0	0	
152	0.008434	0.004793	0.008441	0.004795	0.001394	0.001329	0.001394	0.00133	0.00704	0.003464	0.007047	0.003466	0	0	0	0	0	0	0	0	0	0	0	0	0	0	0	0	0	0	0	0	0	0	0	0	0	0	0	0	0	0	0	0	0	0	
153	0.008434	0.004793	0.008441	0.004795	0.001394	0.001329	0.001394	0.00133	0.00704	0.003464	0.007047	0.003466	0	0	0	0	0	0	0	0	0	0	0	0	0	0	0	0	0	0	0	0	0	0	0	0	0	0	0	0	0	0	0	0	0	0	
154	0.008434	0.004793	0.008441	0.004795	0.001394	0.001329	0.001394	0.00133	0.00704	0.003464	0.007047	0.003466	0	0	0	0	0	0	0	0	0	0	0	0	0	0	0	0	0	0	0	0	0	0	0	0	0	0	0	0	0	0	0	0	0	0	
155	0.008434	0.004793	0.008441	0.004795	0.001394	0.001329	0.001394	0.00133	0.00704	0.003464	0.007047	0.003466	0	0	0	0	0	0	0	0	0	0	0	0	0	0	0	0	0	0	0	0	0	0	0	0	0	0	0	0	0	0	0	0	0	0	
156	0.008434	0.004793	0.008441	0.004795	0.001394	0.001329	0.001394	0.00133	0.00704	0.003464	0.007047	0.003466	0	0	0	0	0	0	0	0	0	0	0	0	0	0	0	0	0	0	0	0	0	0	0	0	0	0	0	0	0	0	0	0	0	0	
157	0.008434	0.004793	0.008441	0.004795	0.001394	0.001329	0.001394	0.00133	0.00704	0.003464	0.007047	0.003466	0	0	0	0	0	0	0	0	0	0	0	0	0	0	0	0	0	0	0	0	0	0	0	0	0	0	0	0	0	0	0	0	0	0	
158	0.008434	0.004793	0.008441	0.004795	0.001394	0.001329	0.001394	0.00133	0.00704	0.003464	0.007047	0.003466	0	0	0	0	0	0	0	0	0	0	0	0	0	0	0	0	0	0	0	0	0	0	0	0	0	0	0	0	0	0	0	0	0	0	
159	0.008434	0.004793	0.008441	0.004795	0.001394	0.001329	0.001394	0.00133	0.00704	0.003464	0.007047	0.003466	0	0	0	0	0	0	0	0	0	0	0	0	0	0	0	0	0	0	0	0	0	0	0	0	0	0	0	0	0	0	0	0	0	0	
160	0.008434	0.004793	0.008441	0.004795	0.001394	0.001329	0.001394	0.00133	0.00704	0.003464	0.007047	0.003466	0	0	0	0	0	0	0	0	0	0	0	0	0	0	0	0	0	0	0	0	0	0	0	0	0	0	0	0	0	0	0	0	0	0	
161	0.008434	0.004793	0.008441	0.004795	0.001394	0.001329	0.001394	0.00133	0.00704	0.003464	0.007047	0.003466	0	0	0	0	0	0	0	0	0	0	0	0	0	0	0	0	0	0	0	0	0	0	0	0	0	0	0	0	0	0	0	0	0	0	
162	4.487	0.6252	4.488	0.6262	3.004	0.008822	3.004	0.008823	1.483	0.6164	1.484	0.6174	5	1	5	1	5	1	5	1	5	1	4	1	4	1	4	1	4	1	4	1	4	1	4	0	4	0	4	0	4	0	4	0	4	0	
163	0.01863	0.02809	0.01864	0.0281	0.005192	0.01106	0.005192	0.01106	0.01343	0.01703	0.01345	0.01704	0	0	0	0	0	0	0	0	0	0	0	0	0	0	0	0	0	0	0	0	0	0	0	0	0	0	0	0	0	0	0	0	0	0	
164	0.01863	0.02809	0.01864	0.0281	0.005192	0.01106	0.005192	0.01106	0.01343	0.01703	0.01345	0.01704	0	0	0	0	0	0	0	0	0	0	0	0	0	0	0	0	0	0	0	0	0	0	0	0	0	0	0	0	0	0	0	0	0	0	
165	0.01863	0.02809	0.01864	0.0281	0.005192	0.01106	0.005192	0.01106	0.01343	0.01703	0.01345	0.01704	0	0	0	0	0	0	0	0	0	0	0	0	0	0	0	0	0	0	0	0	0	0	0	0	0	0	0	0	0	0	0	0	0	0	
166	0.01863	0.02809	0.01864	0.0281	0.005192	0.01106	0.005192	0.01106	0.01343	0.01703	0.01345	0.01704	0	0	0	0	0	0	0	0	0	0	0	0	0	0	0	0	0	0	0	0	0	0	0	0	0	0	0	0	0	0	0	0	0	0	
