# Rates were calculated using the expectation of the posterior rate distribution
# Prior distribution is Gamma with 4 discrete categories
# The alpha parameter 0.2358
# sp.rates(j)  j= 0	0.001513	0.25
# sp.rates(j)  j= 1	0.05662	0.25
# sp.rates(j)  j= 2	0.4704	0.25
# sp.rates(j)  j= 3	3.471	0.25

=========================================================================================================================================================
# POS	RATE
1	0.9457
2	3.47
3	0.9457
4	0.9457
5	0.9457
6	0.9457
7	0.9152
8	0.9152
9	0.9152
10	0.9152
11	0.9152
12	0.9152
13	0.9152
14	0.9152
15	0.9152
16	0.9152
17	0.9152
18	0.9152
19	0.9152
20	0.9152
21	0.9152
22	0.9152
23	0.9152
24	0.9152
25	0.9152
26	0.9152
27	0.9152
28	0.9152
29	0.9152
30	0.9152
31	0.9152
32	0.9152
33	0.9152
34	0.9152
35	0.9152
36	0.9152
37	0.9152
38	0.9152
39	0.9152
40	0.9152
41	0.9152
42	0.9152
43	0.9152
44	0.9152
45	0.9152
46	0.9152
47	0.9152
48	0.9152
49	0.9152
50	0.9152
51	0.9152
52	0.9152
53	0.9152
54	0.9152
55	0.9152
56	0.9152
57	0.9152
58	0.9152
59	0.9152
60	0.9152
61	0.9152
62	0.9152
63	0.9152
64	0.9152
65	0.9152
66	0.9152
67	0.9152
68	0.9152
69	0.9152
70	0.9152
71	0.9152
72	0.9152
73	0.9152
74	3.414
75	0.9152
76	0.9152
77	0.9152
78	0.9152
79	0.9152
80	0.9152
81	0.9152
82	0.9152
83	0.9152
84	0.9152
85	0.9152
86	0.9152
87	0.9152
88	0.9152
89	0.9152
90	0.9152
91	0.9152
92	0.9152
93	0.9152
94	0.9152
95	0.9152
96	0.9152
97	0.9152
98	0.9152
99	0.9152
100	0.9152
101	0.9152
102	0.9152
103	0.9152
104	0.9152
105	0.9152
106	0.9152
107	0.9152
108	0.9152
109	0.9152
110	0.9152
111	0.9152
112	0.9152
113	0.9152
114	0.9152
115	0.9152
116	0.9152
117	0.9152
118	0.9152
119	0.9152
120	0.9152
121	0.9152
122	0.9152
123	0.9152
124	0.9152
125	3.217
126	2.192
127	0.9731
128	0.9731
129	0.9152
130	0.9127
131	0.9152
132	0.9152
133	0.9152
134	0.9152
135	2.185
136	0.9152
137	0.9152
138	0.9152
139	0.9152
140	0.9152
141	0.9152
142	0.9152
143	0.9152
144	0.9152
145	0.9152
146	0.9152
147	0.9165
148	0.9128
149	0.9165
150	0.9152
151	0.9152
152	0.9152
153	0.9152
154	0.9152
155	0.9152
156	0.9152
157	0.9152
158	0.9152
159	0.9152
160	0.9152
161	0.9152
162	3.471
163	0.9675
164	0.9675
165	0.9675
166	0.9675
# Average = 0.9931
# Standard Deviation = 0.4035
