# Start coordinate are with the genome as reference (not MSA).
# Count starts from zero (first position = 1).
seqID	seqName	start	length
0	S1	1	9
0	S1	5	4
0	S1	12	1
0	S1	19	2
0	S1	41	2
0	S1	54	1
0	S1	131	42
0	S1	517	21
0	S1	518	48
0	S1	572	3
0	S1	580	6
0	S1	615	3
0	S1	625	6
0	S1	630	4
0	S1	647	33
0	S1	671	3
0	S1	696	3
0	S1	764	3
0	S1	809	3
0	S1	817	1
0	S1	832	3
0	S1	854	15
0	S1	942	7
0	S1	978	3
0	S1	1011	9
0	S1	1115	3
0	S1	1150	20
0	S1	1218	10
0	S1	1243	3
0	S1	1256	18
0	S1	1258	4
0	S1	1272	3
0	S1	1292	3
0	S1	1336	4
0	S1	1360	9
0	S1	1380	3
0	S1	1403	6
0	S1	2687	9
0	S1	2714	12
0	S1	2773	1
0	S1	3130	6
0	S1	3144	6
0	S1	3264	7
0	S1	3302	7
0	S1	3328	24
0	S1	3356	35
0	S1	3379	3
0	S1	3409	16
0	S1	3443	6
0	S1	3451	37
0	S1	3477	3
0	S1	3501	3
0	S1	3512	12
0	S1	3681	6
0	S1	3806	21
0	S1	3818	1
0	S1	3825	9
0	S1	3848	32
0	S1	3852	38
0	S1	3869	36
0	S1	3883	17
0	S1	3927	13
0	S1	3971	15
0	S1	4004	2
0	S1	4056	3
0	S1	4129	6
0	S1	4150	1
0	S1	4172	3
0	S1	4182	90
0	S1	4222	1
0	S1	4246	22
0	S1	4371	2
0	S1	4399	4
0	S1	4416	3
0	S1	4655	12
0	S1	4692	12
0	S1	4758	12
0	S1	4851	3
0	S1	4857	3
0	S1	4874	12
0	S1	5010	3
0	S1	5062	6
0	S1	5176	3
0	S1	5183	6
0	S1	5206	6
0	S1	5388	9
0	S1	5395	18
0	S1	5420	12
0	S1	5425	3
0	S1	5435	60
0	S1	5456	6
0	S1	5486	2
0	S1	5499	9
0	S1	5513	1
0	S1	5526	29
0	S1	5541	32
0	S1	5545	4
0	S1	5595	9
0	S1	5658	9
0	S1	5763	6
0	S1	5923	6
0	S1	5924	3
0	S1	5928	6
0	S1	6177	12
0	S1	6592	6
0	S1	6805	9
0	S1	7045	3
0	S1	7169	11
0	S1	7194	6
0	S1	7220	18
0	S1	7281	9
0	S1	7296	23
0	S1	7304	15
0	S1	7316	4
0	S1	7327	17
0	S1	7352	83
0	S1	7353	1
0	S1	7369	3
0	S1	7374	3
0	S1	7380	13
0	S1	7387	3
0	S1	7396	10
0	S1	7414	11
0	S1	7424	11
0	S1	7431	22
0	S1	7462	7
0	S1	7465	2
0	S1	7466	41
0	S1	7498	1
0	S1	7509	2
0	S1	7533	19
0	S1	7554	10
0	S1	7556	8
0	S1	7565	12
0	S1	7574	3
0	S1	7577	11
0	S1	7586	42
0	S1	7602	1
0	S1	7605	35
0	S1	7615	17
0	S1	7626	6
0	S1	7641	11
0	S1	7642	77
0	S1	7664	7
0	S1	7686	19
0	S1	7712	4
0	S1	7722	34
0	S1	7732	13
0	S1	7738	21
0	S1	7759	1
0	S1	7771	1
0	S1	7775	23
0	S1	7784	1
0	S1	7814	9
0	S1	7826	11
0	S1	7848	8
0	S1	7863	1
0	S1	7882	35
0	S1	7892	10
0	S1	7896	1
0	S1	7907	3
0	S1	7925	2497
1	S2	1	1
1	S2	13	4
1	S2	20	1
1	S2	27	2
1	S2	49	2
1	S2	62	1
1	S2	139	42
1	S2	525	21
1	S2	526	48
1	S2	580	3
1	S2	588	6
1	S2	623	3
1	S2	633	6
1	S2	638	4
1	S2	655	33
1	S2	679	3
1	S2	704	3
1	S2	772	3
1	S2	817	3
1	S2	825	1
1	S2	840	3
1	S2	862	15
1	S2	950	7
1	S2	986	3
1	S2	1019	9
1	S2	1123	3
1	S2	1158	20
1	S2	1226	10
1	S2	1251	3
1	S2	1264	18
1	S2	1266	4
1	S2	1280	3
1	S2	1300	3
1	S2	1344	4
1	S2	1368	9
1	S2	1388	3
1	S2	1411	6
1	S2	2695	9
1	S2	2722	12
1	S2	2781	1
1	S2	3138	6
1	S2	3152	6
1	S2	3272	7
1	S2	3310	7
1	S2	3336	24
1	S2	3364	35
1	S2	3387	3
1	S2	3417	16
1	S2	3451	6
1	S2	3459	37
1	S2	3485	3
1	S2	3509	3
1	S2	3520	12
1	S2	3689	6
1	S2	3814	21
1	S2	3826	1
1	S2	3833	9
1	S2	3856	32
1	S2	3860	38
1	S2	3877	36
1	S2	3891	17
1	S2	3935	13
1	S2	3979	15
1	S2	4012	2
1	S2	4064	3
1	S2	4137	6
1	S2	4158	1
1	S2	4180	3
1	S2	4190	90
1	S2	4230	1
1	S2	4254	22
1	S2	4379	2
1	S2	4407	4
1	S2	4424	3
1	S2	4663	12
1	S2	4700	12
1	S2	4766	12
1	S2	4859	3
1	S2	4865	3
1	S2	4882	12
1	S2	5018	3
1	S2	5070	6
1	S2	5184	3
1	S2	5191	6
1	S2	5214	6
1	S2	5396	9
1	S2	5403	18
1	S2	5428	12
1	S2	5433	3
1	S2	5443	60
1	S2	5464	6
1	S2	5494	2
1	S2	5507	9
1	S2	5521	1
1	S2	5534	29
1	S2	5549	32
1	S2	5553	4
1	S2	5603	9
1	S2	5666	9
1	S2	5771	6
1	S2	5931	6
1	S2	5932	3
1	S2	5936	6
1	S2	6185	12
1	S2	6600	6
1	S2	6813	9
1	S2	7053	3
1	S2	7177	11
1	S2	7202	6
1	S2	7228	18
1	S2	7289	9
1	S2	7304	23
1	S2	7312	15
1	S2	7324	4
1	S2	7335	17
1	S2	7360	83
1	S2	7361	1
1	S2	7377	3
1	S2	7382	3
1	S2	7388	13
1	S2	7395	3
1	S2	7404	10
1	S2	7422	11
1	S2	7432	11
1	S2	7439	22
1	S2	7470	7
1	S2	7473	2
1	S2	7474	41
1	S2	7506	1
1	S2	7517	2
1	S2	7541	19
1	S2	7562	10
1	S2	7564	8
1	S2	7573	12
1	S2	7582	2
1	S2	7586	11
1	S2	7595	42
1	S2	7611	1
1	S2	7614	35
1	S2	7624	17
1	S2	7635	6
1	S2	7650	11
1	S2	7651	77
1	S2	7673	7
1	S2	7695	19
1	S2	7721	4
1	S2	7731	34
1	S2	7741	13
1	S2	7747	21
1	S2	7768	1
1	S2	7780	1
1	S2	7784	23
1	S2	7793	1
1	S2	7823	9
1	S2	7835	11
1	S2	7857	8
1	S2	7872	1
1	S2	7891	35
1	S2	7901	10
1	S2	7905	1
1	S2	7916	3
1	S2	7934	2497
2	S3	1	1
2	S3	13	4
2	S3	20	1
2	S3	27	2
2	S3	49	2
2	S3	62	1
2	S3	139	42
2	S3	525	21
2	S3	526	48
2	S3	580	3
2	S3	588	6
2	S3	623	3
2	S3	633	6
2	S3	638	4
2	S3	655	33
2	S3	679	3
2	S3	704	3
2	S3	772	3
2	S3	817	3
2	S3	825	1
2	S3	840	3
2	S3	862	15
2	S3	950	7
2	S3	986	3
2	S3	1019	9
2	S3	1123	3
2	S3	1158	20
2	S3	1226	10
2	S3	1251	3
2	S3	1264	18
2	S3	1266	4
2	S3	1280	3
2	S3	1300	3
2	S3	1344	4
2	S3	1368	9
2	S3	1388	3
2	S3	1411	6
2	S3	2695	9
2	S3	2722	12
2	S3	2781	1
2	S3	3138	6
2	S3	3152	6
2	S3	3272	7
2	S3	3310	7
2	S3	3336	24
2	S3	3364	35
2	S3	3387	3
2	S3	3417	16
2	S3	3451	6
2	S3	3459	37
2	S3	3485	3
2	S3	3509	3
2	S3	3520	12
2	S3	3689	6
2	S3	3814	21
2	S3	3826	1
2	S3	3833	9
2	S3	3856	32
2	S3	3860	38
2	S3	3877	36
2	S3	3891	17
2	S3	3935	13
2	S3	3979	15
2	S3	4012	2
2	S3	4064	3
2	S3	4137	6
2	S3	4158	1
2	S3	4180	3
2	S3	4190	90
2	S3	4230	1
2	S3	4254	22
2	S3	4379	2
2	S3	4407	4
2	S3	4424	3
2	S3	4663	12
2	S3	4700	12
2	S3	4766	12
2	S3	4859	3
2	S3	4865	3
2	S3	4882	12
2	S3	5018	3
2	S3	5070	6
2	S3	5184	3
2	S3	5191	6
2	S3	5214	6
2	S3	5396	9
2	S3	5403	18
2	S3	5428	12
2	S3	5433	3
2	S3	5443	60
2	S3	5464	6
2	S3	5494	2
2	S3	5507	9
2	S3	5521	1
2	S3	5534	29
2	S3	5549	32
2	S3	5553	4
2	S3	5603	9
2	S3	5666	9
2	S3	5771	6
2	S3	5931	6
2	S3	5932	3
2	S3	5936	6
2	S3	6185	12
2	S3	6600	6
2	S3	6813	9
2	S3	7053	3
2	S3	7177	11
2	S3	7202	6
2	S3	7228	18
2	S3	7289	9
2	S3	7304	23
2	S3	7312	15
2	S3	7324	4
2	S3	7335	17
2	S3	7360	83
2	S3	7361	1
2	S3	7377	3
2	S3	7382	3
2	S3	7388	13
2	S3	7395	3
2	S3	7404	10
2	S3	7422	11
2	S3	7432	11
2	S3	7439	22
2	S3	7470	7
2	S3	7473	2
2	S3	7474	41
2	S3	7506	1
2	S3	7517	2
2	S3	7541	19
2	S3	7562	10
2	S3	7564	8
2	S3	7573	12
2	S3	7582	2
2	S3	7586	11
2	S3	7595	42
2	S3	7611	1
2	S3	7614	35
2	S3	7624	17
2	S3	7635	6
2	S3	7650	11
2	S3	7651	77
2	S3	7673	7
2	S3	7695	19
2	S3	7721	4
2	S3	7731	34
2	S3	7741	13
2	S3	7747	21
2	S3	7768	1
2	S3	7780	1
2	S3	7784	23
2	S3	7793	1
2	S3	7823	9
2	S3	7835	11
2	S3	7857	8
2	S3	7872	1
2	S3	7891	35
2	S3	7901	10
2	S3	7905	1
2	S3	7916	3
2	S3	7934	2497
3	S4	1	1
3	S4	13	4
3	S4	20	1
3	S4	27	2
3	S4	49	2
3	S4	62	1
3	S4	139	42
3	S4	525	21
3	S4	526	48
3	S4	580	3
3	S4	588	6
3	S4	623	3
3	S4	633	6
3	S4	638	4
3	S4	655	33
3	S4	679	3
3	S4	704	3
3	S4	772	3
3	S4	817	3
3	S4	825	1
3	S4	840	3
3	S4	862	15
3	S4	950	7
3	S4	986	3
3	S4	1019	9
3	S4	1123	3
3	S4	1158	20
3	S4	1226	10
3	S4	1251	3
3	S4	1264	18
3	S4	1266	4
3	S4	1280	3
3	S4	1300	3
3	S4	1344	4
3	S4	1368	9
3	S4	1388	3
3	S4	1411	6
3	S4	2695	9
3	S4	2722	12
3	S4	2781	1
3	S4	3138	6
3	S4	3152	6
3	S4	3272	7
3	S4	3310	7
3	S4	3336	24
3	S4	3364	35
3	S4	3387	3
3	S4	3417	16
3	S4	3451	6
3	S4	3459	37
3	S4	3485	3
3	S4	3509	3
3	S4	3520	12
3	S4	3689	6
3	S4	3814	21
3	S4	3826	1
3	S4	3833	9
3	S4	3856	32
3	S4	3860	38
3	S4	3877	36
3	S4	3891	17
3	S4	3935	13
3	S4	3979	15
3	S4	4012	2
3	S4	4064	3
3	S4	4137	6
3	S4	4158	1
3	S4	4180	3
3	S4	4190	90
3	S4	4230	1
3	S4	4254	22
3	S4	4379	2
3	S4	4407	4
3	S4	4424	3
3	S4	4663	12
3	S4	4700	12
3	S4	4766	12
3	S4	4859	3
3	S4	4865	3
3	S4	4882	12
3	S4	5018	3
3	S4	5070	6
3	S4	5184	3
3	S4	5191	6
3	S4	5214	6
3	S4	5396	9
3	S4	5403	18
3	S4	5428	12
3	S4	5433	3
3	S4	5443	60
3	S4	5464	6
3	S4	5494	2
3	S4	5507	9
3	S4	5521	1
3	S4	5534	29
3	S4	5549	32
3	S4	5553	4
3	S4	5603	9
3	S4	5666	9
3	S4	5771	6
3	S4	5931	6
3	S4	5932	3
3	S4	5936	6
3	S4	6185	12
3	S4	6600	6
3	S4	6813	9
3	S4	7053	3
3	S4	7177	11
3	S4	7202	6
3	S4	7228	18
3	S4	7289	9
3	S4	7304	23
3	S4	7312	15
3	S4	7324	4
3	S4	7335	17
3	S4	7360	83
3	S4	7361	1
3	S4	7377	3
3	S4	7382	3
3	S4	7388	13
3	S4	7395	3
3	S4	7404	10
3	S4	7422	11
3	S4	7432	11
3	S4	7439	22
3	S4	7470	7
3	S4	7473	2
3	S4	7474	41
3	S4	7506	1
3	S4	7517	2
3	S4	7541	19
3	S4	7562	10
3	S4	7564	8
3	S4	7573	12
3	S4	7582	2
3	S4	7586	11
3	S4	7595	42
3	S4	7611	1
3	S4	7614	35
3	S4	7624	17
3	S4	7635	6
3	S4	7650	11
3	S4	7651	77
3	S4	7673	7
3	S4	7695	19
3	S4	7721	4
3	S4	7731	34
3	S4	7741	13
3	S4	7747	21
3	S4	7768	1
3	S4	7780	1
3	S4	7784	23
3	S4	7793	1
3	S4	7823	9
3	S4	7835	11
3	S4	7857	8
3	S4	7872	1
3	S4	7891	35
3	S4	7901	10
3	S4	7905	1
3	S4	7916	3
3	S4	7934	2497
4	S5	1	1
4	S5	13	4
4	S5	20	1
4	S5	27	2
4	S5	49	2
4	S5	62	1
4	S5	139	42
4	S5	525	21
4	S5	526	48
4	S5	580	3
4	S5	588	6
4	S5	623	3
4	S5	633	6
4	S5	638	4
4	S5	655	33
4	S5	679	3
4	S5	704	3
4	S5	772	3
4	S5	817	3
4	S5	825	1
4	S5	840	3
4	S5	862	15
4	S5	950	7
4	S5	986	3
4	S5	1019	9
4	S5	1123	3
4	S5	1158	20
4	S5	1226	10
4	S5	1251	3
4	S5	1264	18
4	S5	1266	4
4	S5	1280	3
4	S5	1300	3
4	S5	1344	4
4	S5	1368	9
4	S5	1388	3
4	S5	1411	6
4	S5	2695	9
4	S5	2722	12
4	S5	2781	1
4	S5	3138	6
4	S5	3152	6
4	S5	3272	7
4	S5	3310	7
4	S5	3336	24
4	S5	3364	35
4	S5	3387	3
4	S5	3417	16
4	S5	3451	6
4	S5	3459	37
4	S5	3485	3
4	S5	3509	3
4	S5	3520	12
4	S5	3689	6
4	S5	3814	21
4	S5	3826	1
4	S5	3833	9
4	S5	3856	32
4	S5	3860	38
4	S5	3877	36
4	S5	3891	17
4	S5	3935	13
4	S5	3979	15
4	S5	4012	2
4	S5	4064	3
4	S5	4137	6
4	S5	4158	1
4	S5	4180	3
4	S5	4190	90
4	S5	4230	1
4	S5	4254	22
4	S5	4379	2
4	S5	4407	4
4	S5	4424	3
4	S5	4663	12
4	S5	4700	12
4	S5	4766	12
4	S5	4859	3
4	S5	4865	3
4	S5	4882	12
4	S5	5018	3
4	S5	5070	6
4	S5	5184	3
4	S5	5191	6
4	S5	5214	6
4	S5	5396	9
4	S5	5403	18
4	S5	5428	12
4	S5	5433	3
4	S5	5443	60
4	S5	5464	6
4	S5	5494	2
4	S5	5507	9
4	S5	5521	1
4	S5	5534	29
4	S5	5549	32
4	S5	5553	4
4	S5	5603	9
4	S5	5666	9
4	S5	5771	6
4	S5	5931	6
4	S5	5932	3
4	S5	5936	6
4	S5	6185	12
4	S5	6600	6
4	S5	6813	9
4	S5	7053	3
4	S5	7177	11
4	S5	7202	6
4	S5	7228	18
4	S5	7289	9
4	S5	7304	23
4	S5	7312	15
4	S5	7324	4
4	S5	7335	17
4	S5	7360	83
4	S5	7361	1
4	S5	7377	3
4	S5	7382	3
4	S5	7388	13
4	S5	7395	3
4	S5	7404	10
4	S5	7422	11
4	S5	7432	11
4	S5	7439	22
4	S5	7470	7
4	S5	7473	2
4	S5	7474	41
4	S5	7506	1
4	S5	7517	2
4	S5	7541	19
4	S5	7562	10
4	S5	7564	8
4	S5	7573	12
4	S5	7582	2
4	S5	7586	11
4	S5	7595	42
4	S5	7611	1
4	S5	7614	35
4	S5	7624	17
4	S5	7635	6
4	S5	7650	11
4	S5	7651	77
4	S5	7673	7
4	S5	7695	19
4	S5	7721	4
4	S5	7731	34
4	S5	7741	13
4	S5	7747	21
4	S5	7768	1
4	S5	7780	1
4	S5	7784	23
4	S5	7793	1
4	S5	7823	9
4	S5	7835	11
4	S5	7857	8
4	S5	7872	1
4	S5	7891	35
4	S5	7901	10
4	S5	7905	1
4	S5	7916	3
4	S5	7934	2497
5	S6	1	1
5	S6	13	4
5	S6	20	1
5	S6	27	2
5	S6	49	2
5	S6	62	1
5	S6	139	42
5	S6	525	21
5	S6	526	48
5	S6	580	3
5	S6	588	6
5	S6	623	3
5	S6	633	6
5	S6	638	4
5	S6	655	33
5	S6	679	3
5	S6	704	3
5	S6	772	3
5	S6	817	3
5	S6	825	1
5	S6	840	3
5	S6	862	15
5	S6	950	7
5	S6	986	3
5	S6	1019	9
5	S6	1123	3
5	S6	1158	20
5	S6	1226	10
5	S6	1251	3
5	S6	1264	18
5	S6	1266	4
5	S6	1280	3
5	S6	1300	3
5	S6	1344	4
5	S6	1368	9
5	S6	1388	3
5	S6	1411	6
5	S6	2695	9
5	S6	2722	12
5	S6	2781	1
5	S6	3138	6
5	S6	3152	6
5	S6	3272	7
5	S6	3310	7
5	S6	3336	24
5	S6	3364	35
5	S6	3387	3
5	S6	3417	16
5	S6	3451	6
5	S6	3459	37
5	S6	3485	3
5	S6	3509	3
5	S6	3520	12
5	S6	3689	6
5	S6	3814	21
5	S6	3826	1
5	S6	3833	9
5	S6	3856	32
5	S6	3860	38
5	S6	3877	36
5	S6	3891	17
5	S6	3935	13
5	S6	3979	15
5	S6	4012	2
5	S6	4064	3
5	S6	4137	6
5	S6	4158	1
5	S6	4180	3
5	S6	4190	90
5	S6	4230	1
5	S6	4254	22
5	S6	4379	2
5	S6	4407	4
5	S6	4424	3
5	S6	4663	12
5	S6	4700	12
5	S6	4766	12
5	S6	4859	3
5	S6	4865	3
5	S6	4882	12
5	S6	5018	3
5	S6	5070	6
5	S6	5184	3
5	S6	5191	6
5	S6	5214	6
5	S6	5396	9
5	S6	5403	18
5	S6	5428	12
5	S6	5433	3
5	S6	5443	60
5	S6	5464	6
5	S6	5494	2
5	S6	5507	9
5	S6	5521	1
5	S6	5534	29
5	S6	5549	32
5	S6	5553	4
5	S6	5603	9
5	S6	5666	9
5	S6	5771	6
5	S6	5931	6
5	S6	5932	3
5	S6	5936	6
5	S6	6185	12
5	S6	6600	6
5	S6	6813	9
5	S6	7053	3
5	S6	7177	11
5	S6	7202	6
5	S6	7228	18
5	S6	7289	9
5	S6	7304	23
5	S6	7312	15
5	S6	7324	4
5	S6	7335	17
5	S6	7360	83
5	S6	7361	1
5	S6	7377	3
5	S6	7382	3
5	S6	7388	13
5	S6	7395	3
5	S6	7404	10
5	S6	7422	11
5	S6	7432	11
5	S6	7439	22
5	S6	7470	7
5	S6	7473	2
5	S6	7474	41
5	S6	7506	1
5	S6	7517	2
5	S6	7541	19
5	S6	7562	10
5	S6	7564	8
5	S6	7573	12
5	S6	7582	2
5	S6	7586	11
5	S6	7595	42
5	S6	7611	1
5	S6	7614	35
5	S6	7624	17
5	S6	7635	6
5	S6	7650	11
5	S6	7651	77
5	S6	7673	7
5	S6	7695	19
5	S6	7721	4
5	S6	7731	34
5	S6	7741	13
5	S6	7747	21
5	S6	7768	1
5	S6	7780	1
5	S6	7784	23
5	S6	7793	1
5	S6	7823	9
5	S6	7835	11
5	S6	7857	8
5	S6	7872	1
5	S6	7891	35
5	S6	7901	10
5	S6	7905	1
5	S6	7916	3
5	S6	7934	2497
6	S7	1	1
6	S7	13	4
6	S7	20	1
6	S7	27	2
6	S7	49	2
6	S7	62	1
6	S7	139	42
6	S7	525	21
6	S7	526	48
6	S7	580	3
6	S7	588	6
6	S7	623	3
6	S7	633	6
6	S7	638	4
6	S7	655	33
6	S7	679	3
6	S7	704	3
6	S7	772	3
6	S7	817	3
6	S7	825	1
6	S7	840	3
6	S7	862	15
6	S7	950	7
6	S7	986	3
6	S7	1019	9
6	S7	1123	3
6	S7	1158	20
6	S7	1226	10
6	S7	1251	3
6	S7	1264	18
6	S7	1266	4
6	S7	1280	3
6	S7	1300	3
6	S7	1344	4
6	S7	1368	9
6	S7	1388	3
6	S7	1411	6
6	S7	2695	9
6	S7	2722	12
6	S7	2781	1
6	S7	3138	6
6	S7	3152	6
6	S7	3272	7
6	S7	3310	7
6	S7	3336	24
6	S7	3364	35
6	S7	3387	3
6	S7	3417	16
6	S7	3451	6
6	S7	3459	37
6	S7	3485	3
6	S7	3509	3
6	S7	3520	12
6	S7	3689	6
6	S7	3814	21
6	S7	3826	1
6	S7	3833	9
6	S7	3856	32
6	S7	3860	38
6	S7	3877	36
6	S7	3891	17
6	S7	3935	13
6	S7	3979	15
6	S7	4012	2
6	S7	4064	3
6	S7	4137	6
6	S7	4158	1
6	S7	4180	3
6	S7	4190	90
6	S7	4230	1
6	S7	4254	22
6	S7	4379	2
6	S7	4407	4
6	S7	4424	3
6	S7	4663	12
6	S7	4700	12
6	S7	4766	12
6	S7	4859	3
6	S7	4865	3
6	S7	4882	12
6	S7	5018	3
6	S7	5070	6
6	S7	5184	3
6	S7	5191	6
6	S7	5214	6
6	S7	5396	9
6	S7	5403	18
6	S7	5428	12
6	S7	5433	3
6	S7	5443	60
6	S7	5464	6
6	S7	5494	2
6	S7	5507	9
6	S7	5521	1
6	S7	5534	29
6	S7	5549	32
6	S7	5553	4
6	S7	5603	9
6	S7	5666	9
6	S7	5771	6
6	S7	5931	6
6	S7	5932	3
6	S7	5936	6
6	S7	6185	12
6	S7	6600	6
6	S7	6813	9
6	S7	7053	3
6	S7	7177	11
6	S7	7202	6
6	S7	7228	18
6	S7	7289	9
6	S7	7304	23
6	S7	7312	15
6	S7	7324	4
6	S7	7335	17
6	S7	7360	83
6	S7	7361	1
6	S7	7377	3
6	S7	7382	3
6	S7	7388	13
6	S7	7395	3
6	S7	7404	10
6	S7	7422	11
6	S7	7432	11
6	S7	7439	22
6	S7	7470	7
6	S7	7473	2
6	S7	7474	41
6	S7	7506	1
6	S7	7517	2
6	S7	7541	19
6	S7	7562	10
6	S7	7564	8
6	S7	7573	12
6	S7	7582	2
6	S7	7586	11
6	S7	7595	42
6	S7	7611	1
6	S7	7614	35
6	S7	7624	17
6	S7	7635	6
6	S7	7650	11
6	S7	7651	77
6	S7	7673	7
6	S7	7695	19
6	S7	7721	4
6	S7	7731	34
6	S7	7741	13
6	S7	7747	21
6	S7	7768	1
6	S7	7780	1
6	S7	7784	23
6	S7	7793	1
6	S7	7823	9
6	S7	7835	11
6	S7	7857	8
6	S7	7872	1
6	S7	7891	35
6	S7	7901	10
6	S7	7905	1
6	S7	7916	3
6	S7	7934	2497
7	S8	1	1
7	S8	13	4
7	S8	20	1
7	S8	27	2
7	S8	49	2
7	S8	62	1
7	S8	139	42
7	S8	282	1
7	S8	524	21
7	S8	525	48
7	S8	579	3
7	S8	587	6
7	S8	622	3
7	S8	632	6
7	S8	637	4
7	S8	654	33
7	S8	678	3
7	S8	703	3
7	S8	771	3
7	S8	816	3
7	S8	824	1
7	S8	839	3
7	S8	861	15
7	S8	949	7
7	S8	985	3
7	S8	1018	9
7	S8	1122	3
7	S8	1157	20
7	S8	1225	10
7	S8	1250	3
7	S8	1263	18
7	S8	1265	4
7	S8	1279	3
7	S8	1299	3
7	S8	1343	4
7	S8	1367	9
7	S8	1387	3
7	S8	1410	6
7	S8	2694	9
7	S8	2721	12
7	S8	2780	1
7	S8	3137	6
7	S8	3151	6
7	S8	3271	7
7	S8	3309	7
7	S8	3335	24
7	S8	3363	35
7	S8	3386	3
7	S8	3416	16
7	S8	3450	6
7	S8	3458	37
7	S8	3484	3
7	S8	3508	3
7	S8	3519	12
7	S8	3688	6
7	S8	3813	21
7	S8	3825	1
7	S8	3832	9
7	S8	3855	32
7	S8	3859	38
7	S8	3876	36
7	S8	3890	17
7	S8	3934	13
7	S8	3978	15
7	S8	4011	2
7	S8	4063	3
7	S8	4136	6
7	S8	4157	1
7	S8	4179	3
7	S8	4189	90
7	S8	4229	1
7	S8	4253	22
7	S8	4378	2
7	S8	4406	4
7	S8	4423	3
7	S8	4662	12
7	S8	4699	12
7	S8	4765	12
7	S8	4858	3
7	S8	4864	3
7	S8	4881	12
7	S8	5017	3
7	S8	5069	6
7	S8	5183	3
7	S8	5190	6
7	S8	5213	6
7	S8	5395	9
7	S8	5402	18
7	S8	5427	12
7	S8	5432	3
7	S8	5442	60
7	S8	5463	6
7	S8	5493	2
7	S8	5506	9
7	S8	5520	1
7	S8	5533	29
7	S8	5548	32
7	S8	5552	4
7	S8	5602	9
7	S8	5665	9
7	S8	5770	6
7	S8	5930	6
7	S8	5931	3
7	S8	5935	6
7	S8	6184	12
7	S8	6599	6
7	S8	6812	9
7	S8	7052	3
7	S8	7176	11
7	S8	7201	6
7	S8	7227	18
7	S8	7288	9
7	S8	7303	23
7	S8	7311	15
7	S8	7323	4
7	S8	7334	17
7	S8	7359	83
7	S8	7360	1
7	S8	7376	3
7	S8	7381	3
7	S8	7387	13
7	S8	7394	3
7	S8	7403	10
7	S8	7421	11
7	S8	7431	11
7	S8	7438	22
7	S8	7469	7
7	S8	7472	2
7	S8	7473	41
7	S8	7505	1
7	S8	7516	2
7	S8	7540	19
7	S8	7561	10
7	S8	7563	8
7	S8	7572	12
7	S8	7581	2
7	S8	7585	11
7	S8	7594	42
7	S8	7610	1
7	S8	7613	35
7	S8	7623	17
7	S8	7634	6
7	S8	7649	11
7	S8	7650	77
7	S8	7672	7
7	S8	7694	19
7	S8	7720	4
7	S8	7730	34
7	S8	7740	13
7	S8	7746	21
7	S8	7767	1
7	S8	7779	1
7	S8	7783	23
7	S8	7792	1
7	S8	7822	9
7	S8	7834	11
7	S8	7856	8
7	S8	7871	1
7	S8	7890	35
7	S8	7900	10
7	S8	7904	1
7	S8	7915	3
7	S8	7950	3
7	S8	7980	1
7	S8	7994	1
8	S9	1	1
8	S9	13	4
8	S9	20	1
8	S9	27	2
8	S9	49	2
8	S9	62	1
8	S9	139	42
8	S9	525	21
8	S9	526	48
8	S9	580	3
8	S9	588	6
8	S9	623	3
8	S9	633	6
8	S9	638	4
8	S9	655	33
8	S9	679	3
8	S9	704	3
8	S9	772	3
8	S9	817	3
8	S9	825	1
8	S9	840	3
8	S9	862	15
8	S9	950	7
8	S9	986	3
8	S9	1019	9
8	S9	1123	3
8	S9	1158	20
8	S9	1226	10
8	S9	1251	3
8	S9	1264	18
8	S9	1266	4
8	S9	1280	3
8	S9	1300	3
8	S9	1344	4
8	S9	1368	9
8	S9	1388	3
8	S9	1411	6
8	S9	2695	9
8	S9	2722	12
8	S9	2781	1
8	S9	3138	6
8	S9	3152	6
8	S9	3272	7
8	S9	3310	7
8	S9	3336	24
8	S9	3364	35
8	S9	3387	3
8	S9	3417	16
8	S9	3451	6
8	S9	3459	37
8	S9	3485	3
8	S9	3509	3
8	S9	3520	12
8	S9	3689	6
8	S9	3814	21
8	S9	3826	1
8	S9	3833	9
8	S9	3856	32
8	S9	3860	38
8	S9	3877	36
8	S9	3891	17
8	S9	3935	13
8	S9	3979	15
8	S9	4012	2
8	S9	4064	3
8	S9	4137	6
8	S9	4158	1
8	S9	4180	3
8	S9	4190	90
8	S9	4230	1
8	S9	4254	22
8	S9	4379	2
8	S9	4407	4
8	S9	4424	3
8	S9	4663	12
8	S9	4700	12
8	S9	4766	12
8	S9	4859	3
8	S9	4865	3
8	S9	4882	12
8	S9	5018	3
8	S9	5070	6
8	S9	5184	3
8	S9	5191	6
8	S9	5214	6
8	S9	5396	9
8	S9	5403	18
8	S9	5428	12
8	S9	5433	3
8	S9	5443	60
8	S9	5464	6
8	S9	5494	2
8	S9	5507	9
8	S9	5521	1
8	S9	5534	29
8	S9	5549	32
8	S9	5553	4
8	S9	5603	9
8	S9	5666	9
8	S9	5771	6
8	S9	5931	6
8	S9	5932	3
8	S9	5936	6
8	S9	6185	12
8	S9	6600	6
8	S9	6813	9
8	S9	7053	3
8	S9	7177	11
8	S9	7202	6
8	S9	7228	18
8	S9	7289	9
8	S9	7304	23
8	S9	7312	15
8	S9	7324	4
8	S9	7335	17
8	S9	7360	83
8	S9	7361	1
8	S9	7377	3
8	S9	7382	3
8	S9	7388	13
8	S9	7395	3
8	S9	7404	10
8	S9	7422	11
8	S9	7432	11
8	S9	7439	22
8	S9	7470	7
8	S9	7473	2
8	S9	7474	41
8	S9	7518	2
8	S9	7542	19
8	S9	7563	10
8	S9	7565	8
8	S9	7574	12
8	S9	7583	2
8	S9	7587	11
8	S9	7596	42
8	S9	7612	1
8	S9	7615	35
8	S9	7625	17
8	S9	7636	6
8	S9	7651	11
8	S9	7652	77
8	S9	7674	7
8	S9	7696	19
8	S9	7722	4
8	S9	7732	34
8	S9	7742	13
8	S9	7748	21
8	S9	7769	1
8	S9	7781	1
8	S9	7785	23
8	S9	7794	1
8	S9	7824	9
8	S9	7836	11
8	S9	7858	8
8	S9	7873	1
8	S9	7892	35
8	S9	7902	10
8	S9	7906	1
8	S9	7917	3
8	S9	7935	2497
9	S10	1	1
9	S10	13	4
9	S10	20	1
9	S10	27	2
9	S10	49	2
9	S10	62	1
9	S10	139	42
9	S10	525	21
9	S10	526	48
9	S10	580	3
9	S10	588	6
9	S10	623	3
9	S10	633	6
9	S10	638	4
9	S10	655	33
9	S10	679	3
9	S10	704	3
9	S10	772	3
9	S10	817	3
9	S10	825	1
9	S10	840	3
9	S10	862	15
9	S10	950	7
9	S10	986	3
9	S10	1019	9
9	S10	1123	3
9	S10	1158	20
9	S10	1226	10
9	S10	1251	3
9	S10	1264	18
9	S10	1266	4
9	S10	1280	3
9	S10	1300	3
9	S10	1344	4
9	S10	1368	9
9	S10	1388	3
9	S10	1411	6
9	S10	2695	9
9	S10	2722	12
9	S10	2781	1
9	S10	3138	6
9	S10	3152	6
9	S10	3272	7
9	S10	3310	7
9	S10	3336	24
9	S10	3364	35
9	S10	3387	3
9	S10	3417	16
9	S10	3451	6
9	S10	3459	37
9	S10	3485	3
9	S10	3509	3
9	S10	3520	12
9	S10	3689	6
9	S10	3814	21
9	S10	3826	1
9	S10	3833	9
9	S10	3856	32
9	S10	3860	38
9	S10	3877	36
9	S10	3891	17
9	S10	3935	13
9	S10	3979	15
9	S10	4012	2
9	S10	4064	3
9	S10	4137	6
9	S10	4158	1
9	S10	4180	3
9	S10	4190	90
9	S10	4230	1
9	S10	4254	22
9	S10	4379	2
9	S10	4407	4
9	S10	4424	3
9	S10	4663	12
9	S10	4700	12
9	S10	4766	12
9	S10	4859	3
9	S10	4865	3
9	S10	4882	12
9	S10	5018	3
9	S10	5070	6
9	S10	5184	3
9	S10	5191	6
9	S10	5214	6
9	S10	5396	9
9	S10	5403	18
9	S10	5428	12
9	S10	5433	3
9	S10	5443	60
9	S10	5464	6
9	S10	5494	2
9	S10	5507	9
9	S10	5521	1
9	S10	5534	29
9	S10	5549	32
9	S10	5553	4
9	S10	5603	9
9	S10	5666	9
9	S10	5771	6
9	S10	5931	6
9	S10	5932	3
9	S10	5936	6
9	S10	6185	12
9	S10	6600	6
9	S10	6813	9
9	S10	7053	3
9	S10	7177	11
9	S10	7202	6
9	S10	7228	18
9	S10	7289	9
9	S10	7304	23
9	S10	7312	15
9	S10	7324	4
9	S10	7335	17
9	S10	7360	83
9	S10	7361	1
9	S10	7377	3
9	S10	7382	3
9	S10	7388	13
9	S10	7395	3
9	S10	7404	10
9	S10	7422	11
9	S10	7432	11
9	S10	7439	22
9	S10	7470	7
9	S10	7473	2
9	S10	7474	41
9	S10	7506	1
9	S10	7517	2
9	S10	7541	19
9	S10	7562	10
9	S10	7564	8
9	S10	7573	12
9	S10	7582	2
9	S10	7586	11
9	S10	7595	42
9	S10	7611	1
9	S10	7614	35
9	S10	7624	17
9	S10	7635	6
9	S10	7650	11
9	S10	7651	77
9	S10	7673	7
9	S10	7695	19
9	S10	7721	4
9	S10	7731	34
9	S10	7741	13
9	S10	7747	21
9	S10	7768	1
9	S10	7780	1
9	S10	7784	23
9	S10	7793	1
9	S10	7823	9
9	S10	7835	11
9	S10	7857	8
9	S10	7872	1
9	S10	7891	35
9	S10	7901	10
9	S10	7905	1
9	S10	7916	3
9	S10	7934	2497
10	S11	1	1
10	S11	13	4
10	S11	20	1
10	S11	27	2
10	S11	49	2
10	S11	62	1
10	S11	139	42
10	S11	525	21
10	S11	526	48
10	S11	580	3
10	S11	588	6
10	S11	623	3
10	S11	633	6
10	S11	638	4
10	S11	655	33
10	S11	679	3
10	S11	704	3
10	S11	772	3
10	S11	817	3
10	S11	825	1
10	S11	840	3
10	S11	862	15
10	S11	950	7
10	S11	986	3
10	S11	1019	9
10	S11	1123	3
10	S11	1158	20
10	S11	1226	10
10	S11	1251	3
10	S11	1264	18
10	S11	1266	4
10	S11	1280	3
10	S11	1300	3
10	S11	1344	4
10	S11	1368	9
10	S11	1388	3
10	S11	1411	6
10	S11	2695	9
10	S11	2722	12
10	S11	2781	1
10	S11	3138	6
10	S11	3152	6
10	S11	3272	7
10	S11	3310	7
10	S11	3336	24
10	S11	3364	35
10	S11	3387	3
10	S11	3417	16
10	S11	3451	6
10	S11	3459	37
10	S11	3485	3
10	S11	3509	3
10	S11	3520	12
10	S11	3689	6
10	S11	3814	21
10	S11	3826	1
10	S11	3833	9
10	S11	3856	32
10	S11	3860	38
10	S11	3877	36
10	S11	3891	17
10	S11	3935	13
10	S11	3979	15
10	S11	4012	2
10	S11	4064	3
10	S11	4137	6
10	S11	4158	1
10	S11	4180	3
10	S11	4190	90
10	S11	4230	1
10	S11	4254	22
10	S11	4379	2
10	S11	4407	4
10	S11	4424	3
10	S11	4663	12
10	S11	4700	12
10	S11	4766	12
10	S11	4859	3
10	S11	4865	3
10	S11	4882	12
10	S11	5018	3
10	S11	5070	6
10	S11	5184	3
10	S11	5191	6
10	S11	5214	6
10	S11	5396	9
10	S11	5403	18
10	S11	5428	12
10	S11	5433	3
10	S11	5443	60
10	S11	5464	6
10	S11	5494	2
10	S11	5507	9
10	S11	5521	1
10	S11	5534	29
10	S11	5549	32
10	S11	5553	4
10	S11	5603	9
10	S11	5666	9
10	S11	5771	6
10	S11	5931	6
10	S11	5932	3
10	S11	5936	6
10	S11	6185	12
10	S11	6600	6
10	S11	6813	9
10	S11	7053	3
10	S11	7177	11
10	S11	7202	6
10	S11	7228	18
10	S11	7289	9
10	S11	7304	23
10	S11	7312	15
10	S11	7324	4
10	S11	7335	17
10	S11	7360	83
10	S11	7361	1
10	S11	7377	3
10	S11	7382	3
10	S11	7388	13
10	S11	7395	3
10	S11	7404	10
10	S11	7422	11
10	S11	7432	11
10	S11	7439	22
10	S11	7470	7
10	S11	7473	2
10	S11	7474	41
10	S11	7506	1
10	S11	7517	2
10	S11	7541	19
10	S11	7562	10
10	S11	7564	8
10	S11	7573	12
10	S11	7582	2
10	S11	7586	11
10	S11	7595	42
10	S11	7611	1
10	S11	7614	35
10	S11	7624	17
10	S11	7635	6
10	S11	7650	11
10	S11	7651	77
10	S11	7673	7
10	S11	7695	19
10	S11	7721	4
10	S11	7731	34
10	S11	7741	13
10	S11	7747	21
10	S11	7768	1
10	S11	7780	1
10	S11	7784	23
10	S11	7793	1
10	S11	7823	9
10	S11	7835	11
10	S11	7857	8
10	S11	7872	1
10	S11	7891	35
10	S11	7901	10
10	S11	7905	1
10	S11	7916	3
10	S11	7934	2497
11	S12	1	1
11	S12	13	4
11	S12	20	1
11	S12	27	2
11	S12	49	2
11	S12	62	1
11	S12	139	42
11	S12	525	21
11	S12	526	48
11	S12	580	3
11	S12	588	6
11	S12	623	3
11	S12	633	6
11	S12	638	4
11	S12	655	33
11	S12	679	3
11	S12	704	3
11	S12	772	3
11	S12	817	3
11	S12	825	1
11	S12	840	3
11	S12	862	15
11	S12	950	7
11	S12	986	3
11	S12	1019	9
11	S12	1123	3
11	S12	1158	20
11	S12	1226	10
11	S12	1251	3
11	S12	1264	18
11	S12	1266	4
11	S12	1280	3
11	S12	1300	3
11	S12	1344	4
11	S12	1368	9
11	S12	1388	3
11	S12	1411	6
11	S12	2695	9
11	S12	2722	12
11	S12	2781	1
11	S12	3138	6
11	S12	3152	6
11	S12	3272	7
11	S12	3310	7
11	S12	3336	24
11	S12	3364	35
11	S12	3387	3
11	S12	3417	16
11	S12	3451	6
11	S12	3459	37
11	S12	3485	3
11	S12	3509	3
11	S12	3520	12
11	S12	3689	6
11	S12	3814	21
11	S12	3826	1
11	S12	3833	9
11	S12	3856	32
11	S12	3860	38
11	S12	3877	36
11	S12	3891	17
11	S12	3935	13
11	S12	3979	15
11	S12	4012	2
11	S12	4064	3
11	S12	4137	6
11	S12	4158	1
11	S12	4180	3
11	S12	4190	90
11	S12	4230	1
11	S12	4254	22
11	S12	4379	2
11	S12	4407	4
11	S12	4424	3
11	S12	4663	12
11	S12	4700	12
11	S12	4766	12
11	S12	4859	3
11	S12	4865	3
11	S12	4882	12
11	S12	5018	3
11	S12	5070	6
11	S12	5184	3
11	S12	5191	6
11	S12	5214	6
11	S12	5396	9
11	S12	5403	18
11	S12	5428	12
11	S12	5433	3
11	S12	5443	60
11	S12	5464	6
11	S12	5494	2
11	S12	5507	9
11	S12	5521	1
11	S12	5534	29
11	S12	5549	32
11	S12	5553	4
11	S12	5603	9
11	S12	5666	9
11	S12	5771	6
11	S12	5931	6
11	S12	5932	3
11	S12	5936	6
11	S12	6185	12
11	S12	6600	6
11	S12	6813	9
11	S12	7053	3
11	S12	7177	11
11	S12	7202	6
11	S12	7228	18
11	S12	7289	9
11	S12	7304	23
11	S12	7312	15
11	S12	7324	4
11	S12	7335	17
11	S12	7360	83
11	S12	7361	1
11	S12	7377	3
11	S12	7382	3
11	S12	7388	13
11	S12	7395	3
11	S12	7404	10
11	S12	7422	11
11	S12	7432	11
11	S12	7439	22
11	S12	7470	7
11	S12	7473	2
11	S12	7474	41
11	S12	7506	1
11	S12	7517	2
11	S12	7541	19
11	S12	7562	10
11	S12	7564	8
11	S12	7573	12
11	S12	7582	3
11	S12	7585	11
11	S12	7594	42
11	S12	7610	1
11	S12	7613	35
11	S12	7623	17
11	S12	7634	6
11	S12	7649	11
11	S12	7650	77
11	S12	7672	7
11	S12	7694	19
11	S12	7720	4
11	S12	7730	34
11	S12	7740	13
11	S12	7746	21
11	S12	7767	1
11	S12	7779	1
11	S12	7783	23
11	S12	7792	1
11	S12	7822	9
11	S12	7834	11
11	S12	7856	8
11	S12	7871	1
11	S12	7890	35
11	S12	7900	10
11	S12	7904	1
11	S12	7915	3
11	S12	7933	2497
12	S13	1	1
12	S13	13	4
12	S13	20	1
12	S13	27	2
12	S13	49	2
12	S13	62	1
12	S13	139	42
12	S13	525	21
12	S13	526	48
12	S13	580	3
12	S13	588	6
12	S13	623	3
12	S13	633	6
12	S13	638	4
12	S13	655	33
12	S13	679	3
12	S13	704	3
12	S13	772	3
12	S13	817	3
12	S13	825	1
12	S13	840	3
12	S13	862	15
12	S13	950	7
12	S13	986	3
12	S13	1019	9
12	S13	1123	3
12	S13	1158	20
12	S13	1226	10
12	S13	1251	3
12	S13	1264	18
12	S13	1266	4
12	S13	1280	3
12	S13	1300	3
12	S13	1344	4
12	S13	1368	9
12	S13	1388	3
12	S13	1411	6
12	S13	2695	9
12	S13	2722	12
12	S13	2781	1
12	S13	3138	6
12	S13	3152	6
12	S13	3272	7
12	S13	3310	7
12	S13	3336	24
12	S13	3364	35
12	S13	3387	3
12	S13	3417	16
12	S13	3451	6
12	S13	3459	37
12	S13	3485	3
12	S13	3509	3
12	S13	3520	12
12	S13	3689	6
12	S13	3814	21
12	S13	3826	1
12	S13	3833	9
12	S13	3856	32
12	S13	3860	38
12	S13	3877	36
12	S13	3891	17
12	S13	3935	13
12	S13	3979	15
12	S13	4012	2
12	S13	4064	3
12	S13	4137	6
12	S13	4158	1
12	S13	4180	3
12	S13	4190	90
12	S13	4230	1
12	S13	4254	22
12	S13	4379	2
12	S13	4407	4
12	S13	4424	3
12	S13	4663	12
12	S13	4700	12
12	S13	4766	12
12	S13	4859	3
12	S13	4865	3
12	S13	4882	12
12	S13	5018	3
12	S13	5070	6
12	S13	5184	3
12	S13	5191	6
12	S13	5214	6
12	S13	5396	9
12	S13	5403	18
12	S13	5428	12
12	S13	5433	3
12	S13	5443	60
12	S13	5464	6
12	S13	5494	2
12	S13	5507	9
12	S13	5521	1
12	S13	5534	29
12	S13	5549	32
12	S13	5553	4
12	S13	5603	9
12	S13	5666	9
12	S13	5771	6
12	S13	5931	6
12	S13	5932	3
12	S13	5936	6
12	S13	6185	12
12	S13	6600	6
12	S13	6813	9
12	S13	7053	3
12	S13	7177	11
12	S13	7202	6
12	S13	7228	18
12	S13	7289	9
12	S13	7304	23
12	S13	7312	15
12	S13	7324	4
12	S13	7335	17
12	S13	7360	83
12	S13	7361	1
12	S13	7377	3
12	S13	7382	3
12	S13	7388	13
12	S13	7395	3
12	S13	7404	10
12	S13	7422	11
12	S13	7432	11
12	S13	7439	22
12	S13	7470	7
12	S13	7473	2
12	S13	7474	41
12	S13	7506	1
12	S13	7517	2
12	S13	7541	19
12	S13	7562	10
12	S13	7564	8
12	S13	7573	12
12	S13	7583	1
12	S13	7587	11
12	S13	7596	42
12	S13	7612	1
12	S13	7615	35
12	S13	7625	17
12	S13	7636	6
12	S13	7651	11
12	S13	7652	77
12	S13	7674	7
12	S13	7696	19
12	S13	7722	4
12	S13	7732	34
12	S13	7742	13
12	S13	7748	21
12	S13	7769	1
12	S13	7781	1
12	S13	7785	23
12	S13	7794	1
12	S13	7824	9
12	S13	7836	11
12	S13	7858	8
12	S13	7873	1
12	S13	7892	35
12	S13	7902	10
12	S13	7906	1
12	S13	7917	3
12	S13	7935	2497
13	S14	1	1
13	S14	13	4
13	S14	20	1
13	S14	27	2
13	S14	49	2
13	S14	62	1
13	S14	139	42
13	S14	525	21
13	S14	526	48
13	S14	580	3
13	S14	588	6
13	S14	623	3
13	S14	633	6
13	S14	638	4
13	S14	655	33
13	S14	679	3
13	S14	704	3
13	S14	772	3
13	S14	817	3
13	S14	825	1
13	S14	840	3
13	S14	862	15
13	S14	950	7
13	S14	986	3
13	S14	1019	9
13	S14	1123	3
13	S14	1158	20
13	S14	1226	10
13	S14	1251	3
13	S14	1264	18
13	S14	1266	4
13	S14	1280	3
13	S14	1300	3
13	S14	1344	4
13	S14	1368	9
13	S14	1388	3
13	S14	1411	6
13	S14	2695	9
13	S14	2722	12
13	S14	2781	1
13	S14	3138	6
13	S14	3152	6
13	S14	3272	7
13	S14	3310	7
13	S14	3336	24
13	S14	3364	35
13	S14	3387	3
13	S14	3417	16
13	S14	3451	6
13	S14	3459	37
13	S14	3485	3
13	S14	3509	3
13	S14	3520	12
13	S14	3689	6
13	S14	3814	21
13	S14	3826	1
13	S14	3833	9
13	S14	3856	32
13	S14	3860	38
13	S14	3877	36
13	S14	3891	17
13	S14	3935	13
13	S14	3979	15
13	S14	4012	2
13	S14	4064	3
13	S14	4137	6
13	S14	4158	1
13	S14	4180	3
13	S14	4190	90
13	S14	4230	1
13	S14	4254	22
13	S14	4379	2
13	S14	4407	4
13	S14	4424	3
13	S14	4663	12
13	S14	4700	12
13	S14	4766	12
13	S14	4859	3
13	S14	4865	3
13	S14	4882	12
13	S14	5018	3
13	S14	5070	6
13	S14	5184	3
13	S14	5191	6
13	S14	5214	6
13	S14	5396	9
13	S14	5403	18
13	S14	5428	12
13	S14	5433	3
13	S14	5443	60
13	S14	5464	6
13	S14	5494	2
13	S14	5507	9
13	S14	5521	1
13	S14	5534	29
13	S14	5549	32
13	S14	5553	4
13	S14	5603	9
13	S14	5666	9
13	S14	5771	6
13	S14	5931	6
13	S14	5932	3
13	S14	5936	6
13	S14	6185	12
13	S14	6600	6
13	S14	6813	9
13	S14	7053	3
13	S14	7177	11
13	S14	7202	6
13	S14	7228	18
13	S14	7289	9
13	S14	7304	23
13	S14	7312	15
13	S14	7324	4
13	S14	7335	17
13	S14	7360	83
13	S14	7361	1
13	S14	7377	3
13	S14	7382	3
13	S14	7388	13
13	S14	7395	3
13	S14	7404	10
13	S14	7422	11
13	S14	7432	11
13	S14	7439	22
13	S14	7470	7
13	S14	7473	2
13	S14	7474	41
13	S14	7518	2
13	S14	7542	19
13	S14	7563	10
13	S14	7565	8
13	S14	7574	12
13	S14	7583	2
13	S14	7587	11
13	S14	7596	42
13	S14	7612	1
13	S14	7615	35
13	S14	7625	17
13	S14	7636	6
13	S14	7651	11
13	S14	7652	77
13	S14	7674	7
13	S14	7696	19
13	S14	7722	4
13	S14	7732	34
13	S14	7742	13
13	S14	7748	21
13	S14	7769	1
13	S14	7781	1
13	S14	7785	23
13	S14	7794	1
13	S14	7824	9
13	S14	7836	11
13	S14	7858	8
13	S14	7873	1
13	S14	7892	35
13	S14	7902	10
13	S14	7906	1
13	S14	7917	3
13	S14	7935	2497
14	S15	1	1
14	S15	13	4
14	S15	20	1
14	S15	27	2
14	S15	49	2
14	S15	62	1
14	S15	139	42
14	S15	525	21
14	S15	526	48
14	S15	580	3
14	S15	588	6
14	S15	623	3
14	S15	633	6
14	S15	638	4
14	S15	655	33
14	S15	679	3
14	S15	704	3
14	S15	772	3
14	S15	817	3
14	S15	825	1
14	S15	840	3
14	S15	862	15
14	S15	950	7
14	S15	986	3
14	S15	1019	9
14	S15	1123	3
14	S15	1158	20
14	S15	1226	10
14	S15	1251	3
14	S15	1264	18
14	S15	1266	4
14	S15	1280	3
14	S15	1300	3
14	S15	1344	4
14	S15	1368	9
14	S15	1388	3
14	S15	1411	6
14	S15	2695	9
14	S15	2722	12
14	S15	2781	1
14	S15	3138	6
14	S15	3152	6
14	S15	3272	7
14	S15	3310	7
14	S15	3336	24
14	S15	3364	35
14	S15	3387	3
14	S15	3417	16
14	S15	3451	6
14	S15	3459	37
14	S15	3485	3
14	S15	3509	3
14	S15	3520	12
14	S15	3689	6
14	S15	3814	21
14	S15	3826	1
14	S15	3833	9
14	S15	3856	32
14	S15	3860	38
14	S15	3877	36
14	S15	3891	17
14	S15	3935	13
14	S15	3979	15
14	S15	4012	2
14	S15	4064	3
14	S15	4137	6
14	S15	4158	1
14	S15	4180	3
14	S15	4190	90
14	S15	4230	1
14	S15	4254	22
14	S15	4379	2
14	S15	4407	4
14	S15	4424	3
14	S15	4663	12
14	S15	4700	12
14	S15	4766	12
14	S15	4859	3
14	S15	4865	3
14	S15	4882	12
14	S15	5018	3
14	S15	5070	6
14	S15	5184	3
14	S15	5191	6
14	S15	5214	6
14	S15	5396	9
14	S15	5403	18
14	S15	5428	12
14	S15	5433	3
14	S15	5443	60
14	S15	5464	6
14	S15	5494	2
14	S15	5507	9
14	S15	5521	1
14	S15	5534	29
14	S15	5549	32
14	S15	5553	4
14	S15	5603	9
14	S15	5666	9
14	S15	5771	6
14	S15	5931	6
14	S15	5932	3
14	S15	5936	6
14	S15	6185	12
14	S15	6600	6
14	S15	6813	9
14	S15	7053	3
14	S15	7177	11
14	S15	7202	6
14	S15	7228	18
14	S15	7289	9
14	S15	7304	23
14	S15	7312	15
14	S15	7324	4
14	S15	7335	17
14	S15	7360	83
14	S15	7361	1
14	S15	7377	3
14	S15	7382	3
14	S15	7388	13
14	S15	7395	3
14	S15	7404	10
14	S15	7422	11
14	S15	7432	11
14	S15	7439	22
14	S15	7470	7
14	S15	7473	2
14	S15	7474	41
14	S15	7518	2
14	S15	7542	19
14	S15	7563	10
14	S15	7565	8
14	S15	7574	12
14	S15	7576	1
14	S15	7582	2
14	S15	7586	11
14	S15	7595	42
14	S15	7611	1
14	S15	7614	35
14	S15	7624	17
14	S15	7635	6
14	S15	7650	11
14	S15	7651	77
14	S15	7673	7
14	S15	7695	19
14	S15	7721	4
14	S15	7731	34
14	S15	7741	13
14	S15	7747	21
14	S15	7768	1
14	S15	7780	1
14	S15	7784	23
14	S15	7793	1
14	S15	7823	9
14	S15	7835	11
14	S15	7857	8
14	S15	7872	1
14	S15	7891	35
14	S15	7901	10
14	S15	7905	1
14	S15	7916	3
14	S15	7934	2497
15	S16	1	1
15	S16	13	4
15	S16	20	1
15	S16	27	2
15	S16	49	2
15	S16	62	1
15	S16	139	42
15	S16	525	21
15	S16	526	48
15	S16	580	3
15	S16	588	6
15	S16	623	3
15	S16	633	6
15	S16	638	4
15	S16	655	33
15	S16	679	3
15	S16	704	3
15	S16	772	3
15	S16	817	3
15	S16	825	1
15	S16	840	3
15	S16	862	15
15	S16	950	7
15	S16	986	3
15	S16	1019	9
15	S16	1123	3
15	S16	1158	20
15	S16	1226	10
15	S16	1251	3
15	S16	1264	18
15	S16	1266	4
15	S16	1280	3
15	S16	1300	3
15	S16	1344	4
15	S16	1368	9
15	S16	1388	3
15	S16	1411	6
15	S16	2695	9
15	S16	2722	12
15	S16	2781	1
15	S16	3138	6
15	S16	3152	6
15	S16	3272	7
15	S16	3310	7
15	S16	3336	24
15	S16	3364	35
15	S16	3387	3
15	S16	3417	16
15	S16	3451	6
15	S16	3459	37
15	S16	3485	3
15	S16	3509	3
15	S16	3520	12
15	S16	3689	6
15	S16	3814	21
15	S16	3826	1
15	S16	3833	9
15	S16	3856	32
15	S16	3860	38
15	S16	3877	36
15	S16	3891	17
15	S16	3935	13
15	S16	3979	15
15	S16	4012	2
15	S16	4064	3
15	S16	4137	6
15	S16	4158	1
15	S16	4180	3
15	S16	4190	90
15	S16	4230	1
15	S16	4254	22
15	S16	4379	2
15	S16	4407	4
15	S16	4424	3
15	S16	4663	12
15	S16	4700	12
15	S16	4766	12
15	S16	4859	3
15	S16	4865	3
15	S16	4882	12
15	S16	5018	3
15	S16	5070	6
15	S16	5184	3
15	S16	5191	6
15	S16	5214	6
15	S16	5396	9
15	S16	5403	18
15	S16	5428	12
15	S16	5433	3
15	S16	5443	60
15	S16	5464	6
15	S16	5494	2
15	S16	5507	9
15	S16	5521	1
15	S16	5534	29
15	S16	5549	32
15	S16	5553	4
15	S16	5603	9
15	S16	5666	9
15	S16	5771	6
15	S16	5931	6
15	S16	5932	3
15	S16	5936	6
15	S16	6185	12
15	S16	6600	6
15	S16	6813	9
15	S16	7053	3
15	S16	7177	11
15	S16	7202	6
15	S16	7228	18
15	S16	7289	9
15	S16	7304	23
15	S16	7312	15
15	S16	7324	4
15	S16	7335	17
15	S16	7360	83
15	S16	7361	1
15	S16	7377	3
15	S16	7382	3
15	S16	7388	13
15	S16	7395	3
15	S16	7404	10
15	S16	7422	11
15	S16	7432	11
15	S16	7439	22
15	S16	7470	7
15	S16	7473	2
15	S16	7474	41
15	S16	7518	2
15	S16	7542	19
15	S16	7563	10
15	S16	7565	8
15	S16	7574	12
15	S16	7576	1
15	S16	7582	2
15	S16	7586	11
15	S16	7595	42
15	S16	7611	1
15	S16	7614	35
15	S16	7624	17
15	S16	7635	6
15	S16	7650	11
15	S16	7651	77
15	S16	7673	7
15	S16	7695	19
15	S16	7721	4
15	S16	7731	34
15	S16	7741	13
15	S16	7747	21
15	S16	7768	1
15	S16	7780	1
15	S16	7784	23
15	S16	7793	1
15	S16	7823	9
15	S16	7835	11
15	S16	7857	8
15	S16	7872	1
15	S16	7891	35
15	S16	7901	10
15	S16	7905	1
15	S16	7916	3
15	S16	7934	2497
16	S17	1	1
16	S17	13	4
16	S17	20	1
16	S17	27	2
16	S17	49	2
16	S17	62	1
16	S17	139	42
16	S17	525	21
16	S17	526	48
16	S17	580	3
16	S17	588	6
16	S17	623	3
16	S17	633	6
16	S17	638	4
16	S17	655	33
16	S17	679	3
16	S17	704	3
16	S17	772	3
16	S17	817	3
16	S17	825	1
16	S17	840	3
16	S17	862	15
16	S17	950	7
16	S17	986	3
16	S17	1019	9
16	S17	1123	3
16	S17	1158	20
16	S17	1226	10
16	S17	1251	3
16	S17	1264	18
16	S17	1266	4
16	S17	1280	3
16	S17	1300	3
16	S17	1344	4
16	S17	1368	9
16	S17	1388	3
16	S17	1411	6
16	S17	2695	9
16	S17	2722	12
16	S17	2781	1
16	S17	3138	6
16	S17	3152	6
16	S17	3272	7
16	S17	3310	7
16	S17	3336	24
16	S17	3364	35
16	S17	3387	3
16	S17	3417	16
16	S17	3451	6
16	S17	3459	37
16	S17	3485	3
16	S17	3509	3
16	S17	3520	12
16	S17	3689	6
16	S17	3814	21
16	S17	3826	1
16	S17	3833	9
16	S17	3856	32
16	S17	3860	38
16	S17	3877	36
16	S17	3891	17
16	S17	3935	13
16	S17	3979	15
16	S17	4012	2
16	S17	4064	3
16	S17	4137	6
16	S17	4158	1
16	S17	4180	3
16	S17	4190	90
16	S17	4230	1
16	S17	4254	22
16	S17	4379	2
16	S17	4407	4
16	S17	4424	3
16	S17	4663	12
16	S17	4700	12
16	S17	4766	12
16	S17	4859	3
16	S17	4865	3
16	S17	4882	12
16	S17	5018	3
16	S17	5070	6
16	S17	5184	3
16	S17	5191	6
16	S17	5214	6
16	S17	5396	9
16	S17	5403	18
16	S17	5428	12
16	S17	5433	3
16	S17	5443	60
16	S17	5464	6
16	S17	5494	2
16	S17	5507	9
16	S17	5521	1
16	S17	5534	29
16	S17	5549	32
16	S17	5553	4
16	S17	5603	9
16	S17	5666	9
16	S17	5771	6
16	S17	5931	6
16	S17	5932	3
16	S17	5936	6
16	S17	6185	12
16	S17	6600	6
16	S17	6813	9
16	S17	7053	3
16	S17	7177	11
16	S17	7202	6
16	S17	7228	18
16	S17	7289	9
16	S17	7304	23
16	S17	7312	15
16	S17	7324	4
16	S17	7335	17
16	S17	7360	83
16	S17	7361	1
16	S17	7377	3
16	S17	7382	3
16	S17	7388	13
16	S17	7395	3
16	S17	7404	10
16	S17	7422	11
16	S17	7432	11
16	S17	7439	22
16	S17	7470	7
16	S17	7473	2
16	S17	7474	41
16	S17	7518	2
16	S17	7542	19
16	S17	7563	10
16	S17	7565	8
16	S17	7574	12
16	S17	7576	1
16	S17	7582	2
16	S17	7586	11
16	S17	7595	42
16	S17	7611	1
16	S17	7614	35
16	S17	7624	17
16	S17	7635	6
16	S17	7650	11
16	S17	7651	77
16	S17	7673	7
16	S17	7695	19
16	S17	7717	2
16	S17	7719	4
16	S17	7729	34
16	S17	7739	13
16	S17	7745	21
16	S17	7766	1
16	S17	7778	1
16	S17	7782	23
16	S17	7791	1
16	S17	7821	9
16	S17	7833	11
16	S17	7855	8
16	S17	7870	1
16	S17	7889	35
16	S17	7899	10
16	S17	7903	1
16	S17	7914	3
16	S17	7932	2497
