# print count over countCutOffLow=0.1 to countCutOffHigh=0.9 with increment=0.05
POS	prob01	prob10	exp01	exp10	prob01_Rec	prob10_Rec	exp01_Rec	exp10_Rec	prob01_Anc	prob10_Anc	exp01_Anc	exp10_Anc	count01_0.1	count10_0.1	count01_0.15	count10_0.15	count01_0.2	count10_0.2	count01_0.25	count10_0.25	count01_0.3	count10_0.3	count01_0.35	count10_0.35	count01_0.4	count10_0.4	count01_0.45	count10_0.45	count01_0.5	count10_0.5	count01_0.55	count10_0.55	count01_0.6	count10_0.6	count01_0.65	count10_0.65	count01_0.7	count10_0.7	count01_0.75	count10_0.75	count01_0.8	count10_0.8	count01_0.85	count10_0.85	count01_0.9	count10_0.9	
1	0.005286	0.003261	0.005288	0.003262	0.001571	0.001491	0.001571	0.001492	0.003715	0.001769	0.003717	0.00177	0	0	0	0	0	0	0	0	0	0	0	0	0	0	0	0	0	0	0	0	0	0	0	0	0	0	0	0	0	0	0	0	0	0	
2	1.015	0.6889	1.016	0.6889	1.007	0.6689	1.007	0.6689	0.008133	0.02003	0.008136	0.02004	2	1	2	1	2	1	2	1	2	1	1	1	1	1	1	1	1	1	1	1	1	1	1	1	0	0	0	0	0	0	0	0	0	0	
3	0.005286	0.003261	0.005288	0.003262	0.001571	0.001491	0.001571	0.001492	0.003715	0.001769	0.003717	0.00177	0	0	0	0	0	0	0	0	0	0	0	0	0	0	0	0	0	0	0	0	0	0	0	0	0	0	0	0	0	0	0	0	0	0	
4	0.005286	0.003261	0.005288	0.003262	0.001571	0.001491	0.001571	0.001492	0.003715	0.001769	0.003717	0.00177	0	0	0	0	0	0	0	0	0	0	0	0	0	0	0	0	0	0	0	0	0	0	0	0	0	0	0	0	0	0	0	0	0	0	
5	0.005281	0.003256	0.005284	0.003258	0.001567	0.001487	0.001567	0.001488	0.003715	0.001769	0.003717	0.00177	0	0	0	0	0	0	0	0	0	0	0	0	0	0	0	0	0	0	0	0	0	0	0	0	0	0	0	0	0	0	0	0	0	0	
6	0.005281	0.003256	0.005284	0.003258	0.001567	0.001487	0.001567	0.001488	0.003715	0.001769	0.003717	0.00177	0	0	0	0	0	0	0	0	0	0	0	0	0	0	0	0	0	0	0	0	0	0	0	0	0	0	0	0	0	0	0	0	0	0	
7	0.005281	0.003256	0.005284	0.003258	0.001567	0.001487	0.001567	0.001488	0.003715	0.001769	0.003717	0.00177	0	0	0	0	0	0	0	0	0	0	0	0	0	0	0	0	0	0	0	0	0	0	0	0	0	0	0	0	0	0	0	0	0	0	
8	0.005281	0.003256	0.005284	0.003258	0.001567	0.001487	0.001567	0.001488	0.003715	0.001769	0.003717	0.00177	0	0	0	0	0	0	0	0	0	0	0	0	0	0	0	0	0	0	0	0	0	0	0	0	0	0	0	0	0	0	0	0	0	0	
9	0.005281	0.003256	0.005284	0.003258	0.001567	0.001487	0.001567	0.001488	0.003715	0.001769	0.003717	0.00177	0	0	0	0	0	0	0	0	0	0	0	0	0	0	0	0	0	0	0	0	0	0	0	0	0	0	0	0	0	0	0	0	0	0	
10	0.005281	0.003256	0.005284	0.003258	0.001567	0.001487	0.001567	0.001488	0.003715	0.001769	0.003717	0.00177	0	0	0	0	0	0	0	0	0	0	0	0	0	0	0	0	0	0	0	0	0	0	0	0	0	0	0	0	0	0	0	0	0	0	
11	0.005281	0.003256	0.005284	0.003258	0.001567	0.001487	0.001567	0.001488	0.003715	0.001769	0.003717	0.00177	0	0	0	0	0	0	0	0	0	0	0	0	0	0	0	0	0	0	0	0	0	0	0	0	0	0	0	0	0	0	0	0	0	0	
12	0.005281	0.003256	0.005284	0.003258	0.001567	0.001487	0.001567	0.001488	0.003715	0.001769	0.003717	0.00177	0	0	0	0	0	0	0	0	0	0	0	0	0	0	0	0	0	0	0	0	0	0	0	0	0	0	0	0	0	0	0	0	0	0	
13	0.005281	0.003256	0.005284	0.003258	0.001567	0.001487	0.001567	0.001488	0.003715	0.001769	0.003717	0.00177	0	0	0	0	0	0	0	0	0	0	0	0	0	0	0	0	0	0	0	0	0	0	0	0	0	0	0	0	0	0	0	0	0	0	
14	0.005281	0.003256	0.005284	0.003258	0.001567	0.001487	0.001567	0.001488	0.003715	0.001769	0.003717	0.00177	0	0	0	0	0	0	0	0	0	0	0	0	0	0	0	0	0	0	0	0	0	0	0	0	0	0	0	0	0	0	0	0	0	0	
15	0.005281	0.003256	0.005284	0.003258	0.001567	0.001487	0.001567	0.001488	0.003715	0.001769	0.003717	0.00177	0	0	0	0	0	0	0	0	0	0	0	0	0	0	0	0	0	0	0	0	0	0	0	0	0	0	0	0	0	0	0	0	0	0	
16	0.005281	0.003256	0.005284	0.003258	0.001567	0.001487	0.001567	0.001488	0.003715	0.001769	0.003717	0.00177	0	0	0	0	0	0	0	0	0	0	0	0	0	0	0	0	0	0	0	0	0	0	0	0	0	0	0	0	0	0	0	0	0	0	
17	0.005281	0.003256	0.005284	0.003258	0.001567	0.001487	0.001567	0.001488	0.003715	0.001769	0.003717	0.00177	0	0	0	0	0	0	0	0	0	0	0	0	0	0	0	0	0	0	0	0	0	0	0	0	0	0	0	0	0	0	0	0	0	0	
18	0.005281	0.003256	0.005284	0.003258	0.001567	0.001487	0.001567	0.001488	0.003715	0.001769	0.003717	0.00177	0	0	0	0	0	0	0	0	0	0	0	0	0	0	0	0	0	0	0	0	0	0	0	0	0	0	0	0	0	0	0	0	0	0	
19	0.005281	0.003256	0.005284	0.003258	0.001567	0.001487	0.001567	0.001488	0.003715	0.001769	0.003717	0.00177	0	0	0	0	0	0	0	0	0	0	0	0	0	0	0	0	0	0	0	0	0	0	0	0	0	0	0	0	0	0	0	0	0	0	
20	0.005281	0.003256	0.005284	0.003258	0.001567	0.001487	0.001567	0.001488	0.003715	0.001769	0.003717	0.00177	0	0	0	0	0	0	0	0	0	0	0	0	0	0	0	0	0	0	0	0	0	0	0	0	0	0	0	0	0	0	0	0	0	0	
21	0.005281	0.003256	0.005284	0.003258	0.001567	0.001487	0.001567	0.001488	0.003715	0.001769	0.003717	0.00177	0	0	0	0	0	0	0	0	0	0	0	0	0	0	0	0	0	0	0	0	0	0	0	0	0	0	0	0	0	0	0	0	0	0	
22	0.005281	0.003256	0.005284	0.003258	0.001567	0.001487	0.001567	0.001488	0.003715	0.001769	0.003717	0.00177	0	0	0	0	0	0	0	0	0	0	0	0	0	0	0	0	0	0	0	0	0	0	0	0	0	0	0	0	0	0	0	0	0	0	
23	0.005281	0.003256	0.005284	0.003258	0.001567	0.001487	0.001567	0.001488	0.003715	0.001769	0.003717	0.00177	0	0	0	0	0	0	0	0	0	0	0	0	0	0	0	0	0	0	0	0	0	0	0	0	0	0	0	0	0	0	0	0	0	0	
24	0.005281	0.003256	0.005284	0.003258	0.001567	0.001487	0.001567	0.001488	0.003715	0.001769	0.003717	0.00177	0	0	0	0	0	0	0	0	0	0	0	0	0	0	0	0	0	0	0	0	0	0	0	0	0	0	0	0	0	0	0	0	0	0	
25	0.005281	0.003256	0.005284	0.003258	0.001567	0.001487	0.001567	0.001488	0.003715	0.001769	0.003717	0.00177	0	0	0	0	0	0	0	0	0	0	0	0	0	0	0	0	0	0	0	0	0	0	0	0	0	0	0	0	0	0	0	0	0	0	
26	0.005281	0.003256	0.005284	0.003258	0.001567	0.001487	0.001567	0.001488	0.003715	0.001769	0.003717	0.00177	0	0	0	0	0	0	0	0	0	0	0	0	0	0	0	0	0	0	0	0	0	0	0	0	0	0	0	0	0	0	0	0	0	0	
27	0.005281	0.003256	0.005284	0.003258	0.001567	0.001487	0.001567	0.001488	0.003715	0.001769	0.003717	0.00177	0	0	0	0	0	0	0	0	0	0	0	0	0	0	0	0	0	0	0	0	0	0	0	0	0	0	0	0	0	0	0	0	0	0	
28	0.005281	0.003256	0.005284	0.003258	0.001567	0.001487	0.001567	0.001488	0.003715	0.001769	0.003717	0.00177	0	0	0	0	0	0	0	0	0	0	0	0	0	0	0	0	0	0	0	0	0	0	0	0	0	0	0	0	0	0	0	0	0	0	
29	0.005281	0.003256	0.005284	0.003258	0.001567	0.001487	0.001567	0.001488	0.003715	0.001769	0.003717	0.00177	0	0	0	0	0	0	0	0	0	0	0	0	0	0	0	0	0	0	0	0	0	0	0	0	0	0	0	0	0	0	0	0	0	0	
30	0.005281	0.003256	0.005284	0.003258	0.001567	0.001487	0.001567	0.001488	0.003715	0.001769	0.003717	0.00177	0	0	0	0	0	0	0	0	0	0	0	0	0	0	0	0	0	0	0	0	0	0	0	0	0	0	0	0	0	0	0	0	0	0	
31	0.005281	0.003256	0.005284	0.003258	0.001567	0.001487	0.001567	0.001488	0.003715	0.001769	0.003717	0.00177	0	0	0	0	0	0	0	0	0	0	0	0	0	0	0	0	0	0	0	0	0	0	0	0	0	0	0	0	0	0	0	0	0	0	
32	0.005281	0.003256	0.005284	0.003258	0.001567	0.001487	0.001567	0.001488	0.003715	0.001769	0.003717	0.00177	0	0	0	0	0	0	0	0	0	0	0	0	0	0	0	0	0	0	0	0	0	0	0	0	0	0	0	0	0	0	0	0	0	0	
33	0.005281	0.003256	0.005284	0.003258	0.001567	0.001487	0.001567	0.001488	0.003715	0.001769	0.003717	0.00177	0	0	0	0	0	0	0	0	0	0	0	0	0	0	0	0	0	0	0	0	0	0	0	0	0	0	0	0	0	0	0	0	0	0	
34	0.005281	0.003256	0.005284	0.003258	0.001567	0.001487	0.001567	0.001488	0.003715	0.001769	0.003717	0.00177	0	0	0	0	0	0	0	0	0	0	0	0	0	0	0	0	0	0	0	0	0	0	0	0	0	0	0	0	0	0	0	0	0	0	
35	0.005281	0.003256	0.005284	0.003258	0.001567	0.001487	0.001567	0.001488	0.003715	0.001769	0.003717	0.00177	0	0	0	0	0	0	0	0	0	0	0	0	0	0	0	0	0	0	0	0	0	0	0	0	0	0	0	0	0	0	0	0	0	0	
36	0.005281	0.003256	0.005284	0.003258	0.001567	0.001487	0.001567	0.001488	0.003715	0.001769	0.003717	0.00177	0	0	0	0	0	0	0	0	0	0	0	0	0	0	0	0	0	0	0	0	0	0	0	0	0	0	0	0	0	0	0	0	0	0	
37	0.005281	0.003256	0.005284	0.003258	0.001567	0.001487	0.001567	0.001488	0.003715	0.001769	0.003717	0.00177	0	0	0	0	0	0	0	0	0	0	0	0	0	0	0	0	0	0	0	0	0	0	0	0	0	0	0	0	0	0	0	0	0	0	
38	0.005281	0.003256	0.005284	0.003258	0.001567	0.001487	0.001567	0.001488	0.003715	0.001769	0.003717	0.00177	0	0	0	0	0	0	0	0	0	0	0	0	0	0	0	0	0	0	0	0	0	0	0	0	0	0	0	0	0	0	0	0	0	0	
39	0.005281	0.003256	0.005284	0.003258	0.001567	0.001487	0.001567	0.001488	0.003715	0.001769	0.003717	0.00177	0	0	0	0	0	0	0	0	0	0	0	0	0	0	0	0	0	0	0	0	0	0	0	0	0	0	0	0	0	0	0	0	0	0	
40	0.005281	0.003256	0.005284	0.003258	0.001567	0.001487	0.001567	0.001488	0.003715	0.001769	0.003717	0.00177	0	0	0	0	0	0	0	0	0	0	0	0	0	0	0	0	0	0	0	0	0	0	0	0	0	0	0	0	0	0	0	0	0	0	
41	0.005281	0.003256	0.005284	0.003258	0.001567	0.001487	0.001567	0.001488	0.003715	0.001769	0.003717	0.00177	0	0	0	0	0	0	0	0	0	0	0	0	0	0	0	0	0	0	0	0	0	0	0	0	0	0	0	0	0	0	0	0	0	0	
42	0.005281	0.003256	0.005284	0.003258	0.001567	0.001487	0.001567	0.001488	0.003715	0.001769	0.003717	0.00177	0	0	0	0	0	0	0	0	0	0	0	0	0	0	0	0	0	0	0	0	0	0	0	0	0	0	0	0	0	0	0	0	0	0	
43	0.005281	0.003256	0.005284	0.003258	0.001567	0.001487	0.001567	0.001488	0.003715	0.001769	0.003717	0.00177	0	0	0	0	0	0	0	0	0	0	0	0	0	0	0	0	0	0	0	0	0	0	0	0	0	0	0	0	0	0	0	0	0	0	
44	0.005281	0.003256	0.005284	0.003258	0.001567	0.001487	0.001567	0.001488	0.003715	0.001769	0.003717	0.00177	0	0	0	0	0	0	0	0	0	0	0	0	0	0	0	0	0	0	0	0	0	0	0	0	0	0	0	0	0	0	0	0	0	0	
45	0.005281	0.003256	0.005284	0.003258	0.001567	0.001487	0.001567	0.001488	0.003715	0.001769	0.003717	0.00177	0	0	0	0	0	0	0	0	0	0	0	0	0	0	0	0	0	0	0	0	0	0	0	0	0	0	0	0	0	0	0	0	0	0	
46	0.005281	0.003256	0.005284	0.003258	0.001567	0.001487	0.001567	0.001488	0.003715	0.001769	0.003717	0.00177	0	0	0	0	0	0	0	0	0	0	0	0	0	0	0	0	0	0	0	0	0	0	0	0	0	0	0	0	0	0	0	0	0	0	
47	0.005281	0.003256	0.005284	0.003258	0.001567	0.001487	0.001567	0.001488	0.003715	0.001769	0.003717	0.00177	0	0	0	0	0	0	0	0	0	0	0	0	0	0	0	0	0	0	0	0	0	0	0	0	0	0	0	0	0	0	0	0	0	0	
48	0.005281	0.003256	0.005284	0.003258	0.001567	0.001487	0.001567	0.001488	0.003715	0.001769	0.003717	0.00177	0	0	0	0	0	0	0	0	0	0	0	0	0	0	0	0	0	0	0	0	0	0	0	0	0	0	0	0	0	0	0	0	0	0	
49	0.005281	0.003256	0.005284	0.003258	0.001567	0.001487	0.001567	0.001488	0.003715	0.001769	0.003717	0.00177	0	0	0	0	0	0	0	0	0	0	0	0	0	0	0	0	0	0	0	0	0	0	0	0	0	0	0	0	0	0	0	0	0	0	
50	0.005281	0.003256	0.005284	0.003258	0.001567	0.001487	0.001567	0.001488	0.003715	0.001769	0.003717	0.00177	0	0	0	0	0	0	0	0	0	0	0	0	0	0	0	0	0	0	0	0	0	0	0	0	0	0	0	0	0	0	0	0	0	0	
51	0.005281	0.003256	0.005284	0.003258	0.001567	0.001487	0.001567	0.001488	0.003715	0.001769	0.003717	0.00177	0	0	0	0	0	0	0	0	0	0	0	0	0	0	0	0	0	0	0	0	0	0	0	0	0	0	0	0	0	0	0	0	0	0	
52	0.005281	0.003256	0.005284	0.003258	0.001567	0.001487	0.001567	0.001488	0.003715	0.001769	0.003717	0.00177	0	0	0	0	0	0	0	0	0	0	0	0	0	0	0	0	0	0	0	0	0	0	0	0	0	0	0	0	0	0	0	0	0	0	
53	0.005281	0.003256	0.005284	0.003258	0.001567	0.001487	0.001567	0.001488	0.003715	0.001769	0.003717	0.00177	0	0	0	0	0	0	0	0	0	0	0	0	0	0	0	0	0	0	0	0	0	0	0	0	0	0	0	0	0	0	0	0	0	0	
54	0.005281	0.003256	0.005284	0.003258	0.001567	0.001487	0.001567	0.001488	0.003715	0.001769	0.003717	0.00177	0	0	0	0	0	0	0	0	0	0	0	0	0	0	0	0	0	0	0	0	0	0	0	0	0	0	0	0	0	0	0	0	0	0	
55	0.005281	0.003256	0.005284	0.003258	0.001567	0.001487	0.001567	0.001488	0.003715	0.001769	0.003717	0.00177	0	0	0	0	0	0	0	0	0	0	0	0	0	0	0	0	0	0	0	0	0	0	0	0	0	0	0	0	0	0	0	0	0	0	
56	0.005281	0.003256	0.005284	0.003258	0.001567	0.001487	0.001567	0.001488	0.003715	0.001769	0.003717	0.00177	0	0	0	0	0	0	0	0	0	0	0	0	0	0	0	0	0	0	0	0	0	0	0	0	0	0	0	0	0	0	0	0	0	0	
57	0.005281	0.003256	0.005284	0.003258	0.001567	0.001487	0.001567	0.001488	0.003715	0.001769	0.003717	0.00177	0	0	0	0	0	0	0	0	0	0	0	0	0	0	0	0	0	0	0	0	0	0	0	0	0	0	0	0	0	0	0	0	0	0	
58	0.005281	0.003256	0.005284	0.003258	0.001567	0.001487	0.001567	0.001488	0.003715	0.001769	0.003717	0.00177	0	0	0	0	0	0	0	0	0	0	0	0	0	0	0	0	0	0	0	0	0	0	0	0	0	0	0	0	0	0	0	0	0	0	
59	0.005281	0.003256	0.005284	0.003258	0.001567	0.001487	0.001567	0.001488	0.003715	0.001769	0.003717	0.00177	0	0	0	0	0	0	0	0	0	0	0	0	0	0	0	0	0	0	0	0	0	0	0	0	0	0	0	0	0	0	0	0	0	0	
60	0.005281	0.003256	0.005284	0.003258	0.001567	0.001487	0.001567	0.001488	0.003715	0.001769	0.003717	0.00177	0	0	0	0	0	0	0	0	0	0	0	0	0	0	0	0	0	0	0	0	0	0	0	0	0	0	0	0	0	0	0	0	0	0	
61	0.005281	0.003256	0.005284	0.003258	0.001567	0.001487	0.001567	0.001488	0.003715	0.001769	0.003717	0.00177	0	0	0	0	0	0	0	0	0	0	0	0	0	0	0	0	0	0	0	0	0	0	0	0	0	0	0	0	0	0	0	0	0	0	
62	0.005281	0.003256	0.005284	0.003258	0.001567	0.001487	0.001567	0.001488	0.003715	0.001769	0.003717	0.00177	0	0	0	0	0	0	0	0	0	0	0	0	0	0	0	0	0	0	0	0	0	0	0	0	0	0	0	0	0	0	0	0	0	0	
63	0.005281	0.003256	0.005284	0.003258	0.001567	0.001487	0.001567	0.001488	0.003715	0.001769	0.003717	0.00177	0	0	0	0	0	0	0	0	0	0	0	0	0	0	0	0	0	0	0	0	0	0	0	0	0	0	0	0	0	0	0	0	0	0	
64	0.005281	0.003256	0.005284	0.003258	0.001567	0.001487	0.001567	0.001488	0.003715	0.001769	0.003717	0.00177	0	0	0	0	0	0	0	0	0	0	0	0	0	0	0	0	0	0	0	0	0	0	0	0	0	0	0	0	0	0	0	0	0	0	
65	0.005281	0.003256	0.005284	0.003258	0.001567	0.001487	0.001567	0.001488	0.003715	0.001769	0.003717	0.00177	0	0	0	0	0	0	0	0	0	0	0	0	0	0	0	0	0	0	0	0	0	0	0	0	0	0	0	0	0	0	0	0	0	0	
66	0.005281	0.003256	0.005284	0.003258	0.001567	0.001487	0.001567	0.001488	0.003715	0.001769	0.003717	0.00177	0	0	0	0	0	0	0	0	0	0	0	0	0	0	0	0	0	0	0	0	0	0	0	0	0	0	0	0	0	0	0	0	0	0	
67	0.005281	0.003256	0.005284	0.003258	0.001567	0.001487	0.001567	0.001488	0.003715	0.001769	0.003717	0.00177	0	0	0	0	0	0	0	0	0	0	0	0	0	0	0	0	0	0	0	0	0	0	0	0	0	0	0	0	0	0	0	0	0	0	
68	0.005281	0.003256	0.005284	0.003258	0.001567	0.001487	0.001567	0.001488	0.003715	0.001769	0.003717	0.00177	0	0	0	0	0	0	0	0	0	0	0	0	0	0	0	0	0	0	0	0	0	0	0	0	0	0	0	0	0	0	0	0	0	0	
69	0.005281	0.003256	0.005284	0.003258	0.001567	0.001487	0.001567	0.001488	0.003715	0.001769	0.003717	0.00177	0	0	0	0	0	0	0	0	0	0	0	0	0	0	0	0	0	0	0	0	0	0	0	0	0	0	0	0	0	0	0	0	0	0	
70	0.005281	0.003256	0.005284	0.003258	0.001567	0.001487	0.001567	0.001488	0.003715	0.001769	0.003717	0.00177	0	0	0	0	0	0	0	0	0	0	0	0	0	0	0	0	0	0	0	0	0	0	0	0	0	0	0	0	0	0	0	0	0	0	
71	0.005281	0.003256	0.005284	0.003258	0.001567	0.001487	0.001567	0.001488	0.003715	0.001769	0.003717	0.00177	0	0	0	0	0	0	0	0	0	0	0	0	0	0	0	0	0	0	0	0	0	0	0	0	0	0	0	0	0	0	0	0	0	0	
72	1.951	0.6066	1.951	0.6069	1.293	0.1434	1.293	0.1435	0.6578	0.4631	0.6582	0.4635	3	2	2	1	2	1	2	1	2	1	2	1	1	1	1	0	1	0	1	0	1	0	1	0	1	0	1	0	1	0	1	0	0	0	
73	2.468	0.05112	2.468	0.05114	1.715	0.02441	1.716	0.02441	0.7522	0.02671	0.7523	0.02673	3	0	3	0	3	0	3	0	3	0	2	0	2	0	2	0	2	0	2	0	2	0	2	0	1	0	1	0	1	0	1	0	1	0	
74	2.413	6.331	2.414	6.332	0.5893	5.322	0.5894	5.323	1.824	1.009	1.824	1.01	5	10	4	10	4	7	4	7	4	7	3	7	3	6	3	6	3	5	1	5	1	5	1	5	1	5	1	5	1	5	0	5	0	5	
75	0.005281	0.003256	0.005284	0.003258	0.001567	0.001487	0.001567	0.001488	0.003715	0.001769	0.003717	0.00177	0	0	0	0	0	0	0	0	0	0	0	0	0	0	0	0	0	0	0	0	0	0	0	0	0	0	0	0	0	0	0	0	0	0	
76	0.005281	0.003256	0.005284	0.003258	0.001567	0.001487	0.001567	0.001488	0.003715	0.001769	0.003717	0.00177	0	0	0	0	0	0	0	0	0	0	0	0	0	0	0	0	0	0	0	0	0	0	0	0	0	0	0	0	0	0	0	0	0	0	
77	0.005281	0.003256	0.005284	0.003258	0.001567	0.001487	0.001567	0.001488	0.003715	0.001769	0.003717	0.00177	0	0	0	0	0	0	0	0	0	0	0	0	0	0	0	0	0	0	0	0	0	0	0	0	0	0	0	0	0	0	0	0	0	0	
78	0.005281	0.003256	0.005284	0.003258	0.001567	0.001487	0.001567	0.001488	0.003715	0.001769	0.003717	0.00177	0	0	0	0	0	0	0	0	0	0	0	0	0	0	0	0	0	0	0	0	0	0	0	0	0	0	0	0	0	0	0	0	0	0	
79	0.005281	0.003256	0.005284	0.003258	0.001567	0.001487	0.001567	0.001488	0.003715	0.001769	0.003717	0.00177	0	0	0	0	0	0	0	0	0	0	0	0	0	0	0	0	0	0	0	0	0	0	0	0	0	0	0	0	0	0	0	0	0	0	
80	0.005281	0.003256	0.005284	0.003258	0.001567	0.001487	0.001567	0.001488	0.003715	0.001769	0.003717	0.00177	0	0	0	0	0	0	0	0	0	0	0	0	0	0	0	0	0	0	0	0	0	0	0	0	0	0	0	0	0	0	0	0	0	0	
81	0.005281	0.003256	0.005284	0.003258	0.001567	0.001487	0.001567	0.001488	0.003715	0.001769	0.003717	0.00177	0	0	0	0	0	0	0	0	0	0	0	0	0	0	0	0	0	0	0	0	0	0	0	0	0	0	0	0	0	0	0	0	0	0	
82	0.005281	0.003256	0.005284	0.003258	0.001567	0.001487	0.001567	0.001488	0.003715	0.001769	0.003717	0.00177	0	0	0	0	0	0	0	0	0	0	0	0	0	0	0	0	0	0	0	0	0	0	0	0	0	0	0	0	0	0	0	0	0	0	
83	0.005281	0.003256	0.005284	0.003258	0.001567	0.001487	0.001567	0.001488	0.003715	0.001769	0.003717	0.00177	0	0	0	0	0	0	0	0	0	0	0	0	0	0	0	0	0	0	0	0	0	0	0	0	0	0	0	0	0	0	0	0	0	0	
84	0.005281	0.003256	0.005284	0.003258	0.001567	0.001487	0.001567	0.001488	0.003715	0.001769	0.003717	0.00177	0	0	0	0	0	0	0	0	0	0	0	0	0	0	0	0	0	0	0	0	0	0	0	0	0	0	0	0	0	0	0	0	0	0	
85	0.005281	0.003256	0.005284	0.003258	0.001567	0.001487	0.001567	0.001488	0.003715	0.001769	0.003717	0.00177	0	0	0	0	0	0	0	0	0	0	0	0	0	0	0	0	0	0	0	0	0	0	0	0	0	0	0	0	0	0	0	0	0	0	
86	0.005281	0.003256	0.005284	0.003258	0.001567	0.001487	0.001567	0.001488	0.003715	0.001769	0.003717	0.00177	0	0	0	0	0	0	0	0	0	0	0	0	0	0	0	0	0	0	0	0	0	0	0	0	0	0	0	0	0	0	0	0	0	0	
87	0.005281	0.003256	0.005284	0.003258	0.001567	0.001487	0.001567	0.001488	0.003715	0.001769	0.003717	0.00177	0	0	0	0	0	0	0	0	0	0	0	0	0	0	0	0	0	0	0	0	0	0	0	0	0	0	0	0	0	0	0	0	0	0	
88	0.005281	0.003256	0.005284	0.003258	0.001567	0.001487	0.001567	0.001488	0.003715	0.001769	0.003717	0.00177	0	0	0	0	0	0	0	0	0	0	0	0	0	0	0	0	0	0	0	0	0	0	0	0	0	0	0	0	0	0	0	0	0	0	
89	0.005281	0.003256	0.005284	0.003258	0.001567	0.001487	0.001567	0.001488	0.003715	0.001769	0.003717	0.00177	0	0	0	0	0	0	0	0	0	0	0	0	0	0	0	0	0	0	0	0	0	0	0	0	0	0	0	0	0	0	0	0	0	0	
90	0.005281	0.003256	0.005284	0.003258	0.001567	0.001487	0.001567	0.001488	0.003715	0.001769	0.003717	0.00177	0	0	0	0	0	0	0	0	0	0	0	0	0	0	0	0	0	0	0	0	0	0	0	0	0	0	0	0	0	0	0	0	0	0	
91	0.005281	0.003256	0.005284	0.003258	0.001567	0.001487	0.001567	0.001488	0.003715	0.001769	0.003717	0.00177	0	0	0	0	0	0	0	0	0	0	0	0	0	0	0	0	0	0	0	0	0	0	0	0	0	0	0	0	0	0	0	0	0	0	
92	0.005281	0.003256	0.005284	0.003258	0.001567	0.001487	0.001567	0.001488	0.003715	0.001769	0.003717	0.00177	0	0	0	0	0	0	0	0	0	0	0	0	0	0	0	0	0	0	0	0	0	0	0	0	0	0	0	0	0	0	0	0	0	0	
93	0.005281	0.003256	0.005284	0.003258	0.001567	0.001487	0.001567	0.001488	0.003715	0.001769	0.003717	0.00177	0	0	0	0	0	0	0	0	0	0	0	0	0	0	0	0	0	0	0	0	0	0	0	0	0	0	0	0	0	0	0	0	0	0	
94	0.005281	0.003256	0.005284	0.003258	0.001567	0.001487	0.001567	0.001488	0.003715	0.001769	0.003717	0.00177	0	0	0	0	0	0	0	0	0	0	0	0	0	0	0	0	0	0	0	0	0	0	0	0	0	0	0	0	0	0	0	0	0	0	
95	0.005281	0.003256	0.005284	0.003258	0.001567	0.001487	0.001567	0.001488	0.003715	0.001769	0.003717	0.00177	0	0	0	0	0	0	0	0	0	0	0	0	0	0	0	0	0	0	0	0	0	0	0	0	0	0	0	0	0	0	0	0	0	0	
96	0.005281	0.003256	0.005284	0.003258	0.001567	0.001487	0.001567	0.001488	0.003715	0.001769	0.003717	0.00177	0	0	0	0	0	0	0	0	0	0	0	0	0	0	0	0	0	0	0	0	0	0	0	0	0	0	0	0	0	0	0	0	0	0	
97	0.005281	0.003256	0.005284	0.003258	0.001567	0.001487	0.001567	0.001488	0.003715	0.001769	0.003717	0.00177	0	0	0	0	0	0	0	0	0	0	0	0	0	0	0	0	0	0	0	0	0	0	0	0	0	0	0	0	0	0	0	0	0	0	
98	0.005281	0.003256	0.005284	0.003258	0.001567	0.001487	0.001567	0.001488	0.003715	0.001769	0.003717	0.00177	0	0	0	0	0	0	0	0	0	0	0	0	0	0	0	0	0	0	0	0	0	0	0	0	0	0	0	0	0	0	0	0	0	0	
99	0.005281	0.003256	0.005284	0.003258	0.001567	0.001487	0.001567	0.001488	0.003715	0.001769	0.003717	0.00177	0	0	0	0	0	0	0	0	0	0	0	0	0	0	0	0	0	0	0	0	0	0	0	0	0	0	0	0	0	0	0	0	0	0	
100	0.005281	0.003256	0.005284	0.003258	0.001567	0.001487	0.001567	0.001488	0.003715	0.001769	0.003717	0.00177	0	0	0	0	0	0	0	0	0	0	0	0	0	0	0	0	0	0	0	0	0	0	0	0	0	0	0	0	0	0	0	0	0	0	
101	0.005281	0.003256	0.005284	0.003258	0.001567	0.001487	0.001567	0.001488	0.003715	0.001769	0.003717	0.00177	0	0	0	0	0	0	0	0	0	0	0	0	0	0	0	0	0	0	0	0	0	0	0	0	0	0	0	0	0	0	0	0	0	0	
102	0.005281	0.003256	0.005284	0.003258	0.001567	0.001487	0.001567	0.001488	0.003715	0.001769	0.003717	0.00177	0	0	0	0	0	0	0	0	0	0	0	0	0	0	0	0	0	0	0	0	0	0	0	0	0	0	0	0	0	0	0	0	0	0	
103	0.005281	0.003256	0.005284	0.003258	0.001567	0.001487	0.001567	0.001488	0.003715	0.001769	0.003717	0.00177	0	0	0	0	0	0	0	0	0	0	0	0	0	0	0	0	0	0	0	0	0	0	0	0	0	0	0	0	0	0	0	0	0	0	
104	0.005281	0.003256	0.005284	0.003258	0.001567	0.001487	0.001567	0.001488	0.003715	0.001769	0.003717	0.00177	0	0	0	0	0	0	0	0	0	0	0	0	0	0	0	0	0	0	0	0	0	0	0	0	0	0	0	0	0	0	0	0	0	0	
105	0.005281	0.003256	0.005284	0.003258	0.001567	0.001487	0.001567	0.001488	0.003715	0.001769	0.003717	0.00177	0	0	0	0	0	0	0	0	0	0	0	0	0	0	0	0	0	0	0	0	0	0	0	0	0	0	0	0	0	0	0	0	0	0	
106	0.005281	0.003256	0.005284	0.003258	0.001567	0.001487	0.001567	0.001488	0.003715	0.001769	0.003717	0.00177	0	0	0	0	0	0	0	0	0	0	0	0	0	0	0	0	0	0	0	0	0	0	0	0	0	0	0	0	0	0	0	0	0	0	
107	0.005281	0.003256	0.005284	0.003258	0.001567	0.001487	0.001567	0.001488	0.003715	0.001769	0.003717	0.00177	0	0	0	0	0	0	0	0	0	0	0	0	0	0	0	0	0	0	0	0	0	0	0	0	0	0	0	0	0	0	0	0	0	0	
108	0.005281	0.003256	0.005284	0.003258	0.001567	0.001487	0.001567	0.001488	0.003715	0.001769	0.003717	0.00177	0	0	0	0	0	0	0	0	0	0	0	0	0	0	0	0	0	0	0	0	0	0	0	0	0	0	0	0	0	0	0	0	0	0	
109	0.005281	0.003256	0.005284	0.003258	0.001567	0.001487	0.001567	0.001488	0.003715	0.001769	0.003717	0.00177	0	0	0	0	0	0	0	0	0	0	0	0	0	0	0	0	0	0	0	0	0	0	0	0	0	0	0	0	0	0	0	0	0	0	
110	0.005281	0.003256	0.005284	0.003258	0.001567	0.001487	0.001567	0.001488	0.003715	0.001769	0.003717	0.00177	0	0	0	0	0	0	0	0	0	0	0	0	0	0	0	0	0	0	0	0	0	0	0	0	0	0	0	0	0	0	0	0	0	0	
111	0.005281	0.003256	0.005284	0.003258	0.001567	0.001487	0.001567	0.001488	0.003715	0.001769	0.003717	0.00177	0	0	0	0	0	0	0	0	0	0	0	0	0	0	0	0	0	0	0	0	0	0	0	0	0	0	0	0	0	0	0	0	0	0	
112	0.005281	0.003256	0.005284	0.003258	0.001567	0.001487	0.001567	0.001488	0.003715	0.001769	0.003717	0.00177	0	0	0	0	0	0	0	0	0	0	0	0	0	0	0	0	0	0	0	0	0	0	0	0	0	0	0	0	0	0	0	0	0	0	
113	0.005281	0.003256	0.005284	0.003258	0.001567	0.001487	0.001567	0.001488	0.003715	0.001769	0.003717	0.00177	0	0	0	0	0	0	0	0	0	0	0	0	0	0	0	0	0	0	0	0	0	0	0	0	0	0	0	0	0	0	0	0	0	0	
114	0.005281	0.003256	0.005284	0.003258	0.001567	0.001487	0.001567	0.001488	0.003715	0.001769	0.003717	0.00177	0	0	0	0	0	0	0	0	0	0	0	0	0	0	0	0	0	0	0	0	0	0	0	0	0	0	0	0	0	0	0	0	0	0	
115	0.005281	0.003256	0.005284	0.003258	0.001567	0.001487	0.001567	0.001488	0.003715	0.001769	0.003717	0.00177	0	0	0	0	0	0	0	0	0	0	0	0	0	0	0	0	0	0	0	0	0	0	0	0	0	0	0	0	0	0	0	0	0	0	
116	1.013	0.03055	1.013	0.03056	0.9995	0.006281	0.9996	0.006284	0.01373	0.02427	0.01373	0.02428	1	0	1	0	1	0	1	0	1	0	1	0	1	0	1	0	1	0	1	0	1	0	1	0	1	0	1	0	1	0	1	0	1	0	
117	0.005281	0.003256	0.005284	0.003258	0.001567	0.001487	0.001567	0.001488	0.003715	0.001769	0.003717	0.00177	0	0	0	0	0	0	0	0	0	0	0	0	0	0	0	0	0	0	0	0	0	0	0	0	0	0	0	0	0	0	0	0	0	0	
118	0.005281	0.003256	0.005284	0.003258	0.001567	0.001487	0.001567	0.001488	0.003715	0.001769	0.003717	0.00177	0	0	0	0	0	0	0	0	0	0	0	0	0	0	0	0	0	0	0	0	0	0	0	0	0	0	0	0	0	0	0	0	0	0	
119	0.005281	0.003256	0.005284	0.003258	0.001567	0.001487	0.001567	0.001488	0.003715	0.001769	0.003717	0.00177	0	0	0	0	0	0	0	0	0	0	0	0	0	0	0	0	0	0	0	0	0	0	0	0	0	0	0	0	0	0	0	0	0	0	
120	0.005281	0.003256	0.005284	0.003258	0.001567	0.001487	0.001567	0.001488	0.003715	0.001769	0.003717	0.00177	0	0	0	0	0	0	0	0	0	0	0	0	0	0	0	0	0	0	0	0	0	0	0	0	0	0	0	0	0	0	0	0	0	0	
121	0.005281	0.003256	0.005284	0.003258	0.001567	0.001487	0.001567	0.001488	0.003715	0.001769	0.003717	0.00177	0	0	0	0	0	0	0	0	0	0	0	0	0	0	0	0	0	0	0	0	0	0	0	0	0	0	0	0	0	0	0	0	0	0	
122	0.005281	0.003256	0.005284	0.003258	0.001567	0.001487	0.001567	0.001488	0.003715	0.001769	0.003717	0.00177	0	0	0	0	0	0	0	0	0	0	0	0	0	0	0	0	0	0	0	0	0	0	0	0	0	0	0	0	0	0	0	0	0	0	
123	0.005281	0.003256	0.005284	0.003258	0.001567	0.001487	0.001567	0.001488	0.003715	0.001769	0.003717	0.00177	0	0	0	0	0	0	0	0	0	0	0	0	0	0	0	0	0	0	0	0	0	0	0	0	0	0	0	0	0	0	0	0	0	0	
124	0.005281	0.003256	0.005284	0.003258	0.001567	0.001487	0.001567	0.001488	0.003715	0.001769	0.003717	0.00177	0	0	0	0	0	0	0	0	0	0	0	0	0	0	0	0	0	0	0	0	0	0	0	0	0	0	0	0	0	0	0	0	0	0	
125	0.005281	0.003256	0.005284	0.003258	0.001567	0.001487	0.001567	0.001488	0.003715	0.001769	0.003717	0.00177	0	0	0	0	0	0	0	0	0	0	0	0	0	0	0	0	0	0	0	0	0	0	0	0	0	0	0	0	0	0	0	0	0	0	
126	0.005281	0.003256	0.005284	0.003258	0.001567	0.001487	0.001567	0.001488	0.003715	0.001769	0.003717	0.00177	0	0	0	0	0	0	0	0	0	0	0	0	0	0	0	0	0	0	0	0	0	0	0	0	0	0	0	0	0	0	0	0	0	0	
127	0.005281	0.003256	0.005284	0.003258	0.001567	0.001487	0.001567	0.001488	0.003715	0.001769	0.003717	0.00177	0	0	0	0	0	0	0	0	0	0	0	0	0	0	0	0	0	0	0	0	0	0	0	0	0	0	0	0	0	0	0	0	0	0	
128	0.005281	0.003256	0.005284	0.003258	0.001567	0.001487	0.001567	0.001488	0.003715	0.001769	0.003717	0.00177	0	0	0	0	0	0	0	0	0	0	0	0	0	0	0	0	0	0	0	0	0	0	0	0	0	0	0	0	0	0	0	0	0	0	
129	0.005281	0.003256	0.005284	0.003258	0.001567	0.001487	0.001567	0.001488	0.003715	0.001769	0.003717	0.00177	0	0	0	0	0	0	0	0	0	0	0	0	0	0	0	0	0	0	0	0	0	0	0	0	0	0	0	0	0	0	0	0	0	0	
130	0.005281	0.003256	0.005284	0.003258	0.001567	0.001487	0.001567	0.001488	0.003715	0.001769	0.003717	0.00177	0	0	0	0	0	0	0	0	0	0	0	0	0	0	0	0	0	0	0	0	0	0	0	0	0	0	0	0	0	0	0	0	0	0	
131	0.005281	0.003256	0.005284	0.003258	0.001567	0.001487	0.001567	0.001488	0.003715	0.001769	0.003717	0.00177	0	0	0	0	0	0	0	0	0	0	0	0	0	0	0	0	0	0	0	0	0	0	0	0	0	0	0	0	0	0	0	0	0	0	
132	0.005281	0.003256	0.005284	0.003258	0.001567	0.001487	0.001567	0.001488	0.003715	0.001769	0.003717	0.00177	0	0	0	0	0	0	0	0	0	0	0	0	0	0	0	0	0	0	0	0	0	0	0	0	0	0	0	0	0	0	0	0	0	0	
133	0.005281	0.003256	0.005284	0.003258	0.001567	0.001487	0.001567	0.001488	0.003715	0.001769	0.003717	0.00177	0	0	0	0	0	0	0	0	0	0	0	0	0	0	0	0	0	0	0	0	0	0	0	0	0	0	0	0	0	0	0	0	0	0	
134	0.005281	0.003256	0.005284	0.003258	0.001567	0.001487	0.001567	0.001488	0.003715	0.001769	0.003717	0.00177	0	0	0	0	0	0	0	0	0	0	0	0	0	0	0	0	0	0	0	0	0	0	0	0	0	0	0	0	0	0	0	0	0	0	
135	0.005281	0.003256	0.005284	0.003258	0.001567	0.001487	0.001567	0.001488	0.003715	0.001769	0.003717	0.00177	0	0	0	0	0	0	0	0	0	0	0	0	0	0	0	0	0	0	0	0	0	0	0	0	0	0	0	0	0	0	0	0	0	0	
136	0.005281	0.003256	0.005284	0.003258	0.001567	0.001487	0.001567	0.001488	0.003715	0.001769	0.003717	0.00177	0	0	0	0	0	0	0	0	0	0	0	0	0	0	0	0	0	0	0	0	0	0	0	0	0	0	0	0	0	0	0	0	0	0	
137	0.005281	0.003256	0.005284	0.003258	0.001567	0.001487	0.001567	0.001488	0.003715	0.001769	0.003717	0.00177	0	0	0	0	0	0	0	0	0	0	0	0	0	0	0	0	0	0	0	0	0	0	0	0	0	0	0	0	0	0	0	0	0	0	
138	0.005281	0.003256	0.005284	0.003258	0.001567	0.001487	0.001567	0.001488	0.003715	0.001769	0.003717	0.00177	0	0	0	0	0	0	0	0	0	0	0	0	0	0	0	0	0	0	0	0	0	0	0	0	0	0	0	0	0	0	0	0	0	0	
139	0.005281	0.003256	0.005284	0.003258	0.001567	0.001487	0.001567	0.001488	0.003715	0.001769	0.003717	0.00177	0	0	0	0	0	0	0	0	0	0	0	0	0	0	0	0	0	0	0	0	0	0	0	0	0	0	0	0	0	0	0	0	0	0	
140	0.03282	1.013	0.03283	1.013	0.01063	1.003	0.01063	1.003	0.02219	0.01015	0.0222	0.01016	0	1	0	1	0	1	0	1	0	1	0	1	0	1	0	1	0	1	0	1	0	1	0	1	0	1	0	1	0	1	0	1	0	1	
141	0.02755	0.04884	0.02756	0.04886	0.01248	0.02668	0.01248	0.02669	0.01507	0.02216	0.01508	0.02216	0	0	0	0	0	0	0	0	0	0	0	0	0	0	0	0	0	0	0	0	0	0	0	0	0	0	0	0	0	0	0	0	0	0	
142	0.02755	0.04884	0.02756	0.04886	0.01248	0.02668	0.01248	0.02669	0.01507	0.02216	0.01508	0.02216	0	0	0	0	0	0	0	0	0	0	0	0	0	0	0	0	0	0	0	0	0	0	0	0	0	0	0	0	0	0	0	0	0	0	
143	0.005281	0.003256	0.005284	0.003258	0.001567	0.001487	0.001567	0.001488	0.003715	0.001769	0.003717	0.00177	0	0	0	0	0	0	0	0	0	0	0	0	0	0	0	0	0	0	0	0	0	0	0	0	0	0	0	0	0	0	0	0	0	0	
144	0.005281	0.003256	0.005284	0.003258	0.001567	0.001487	0.001567	0.001488	0.003715	0.001769	0.003717	0.00177	0	0	0	0	0	0	0	0	0	0	0	0	0	0	0	0	0	0	0	0	0	0	0	0	0	0	0	0	0	0	0	0	0	0	
145	0.005281	0.003256	0.005284	0.003258	0.001567	0.001487	0.001567	0.001488	0.003715	0.001769	0.003717	0.00177	0	0	0	0	0	0	0	0	0	0	0	0	0	0	0	0	0	0	0	0	0	0	0	0	0	0	0	0	0	0	0	0	0	0	
146	0.3041	0.9411	0.3042	0.9414	0.05598	0.006582	0.05606	0.006586	0.2481	0.9345	0.2482	0.9348	1	1	0	1	0	1	0	1	0	1	0	1	0	1	0	1	0	1	0	1	0	1	0	1	0	1	0	1	0	1	0	0	0	0	
147	0.005281	0.003256	0.005284	0.003258	0.001567	0.001487	0.001567	0.001488	0.003715	0.001769	0.003717	0.00177	0	0	0	0	0	0	0	0	0	0	0	0	0	0	0	0	0	0	0	0	0	0	0	0	0	0	0	0	0	0	0	0	0	0	
148	0.005281	0.003256	0.005284	0.003258	0.001567	0.001487	0.001567	0.001488	0.003715	0.001769	0.003717	0.00177	0	0	0	0	0	0	0	0	0	0	0	0	0	0	0	0	0	0	0	0	0	0	0	0	0	0	0	0	0	0	0	0	0	0	
149	0.005281	0.003256	0.005284	0.003258	0.001567	0.001487	0.001567	0.001488	0.003715	0.001769	0.003717	0.00177	0	0	0	0	0	0	0	0	0	0	0	0	0	0	0	0	0	0	0	0	0	0	0	0	0	0	0	0	0	0	0	0	0	0	
150	0.005281	0.003256	0.005284	0.003258	0.001567	0.001487	0.001567	0.001488	0.003715	0.001769	0.003717	0.00177	0	0	0	0	0	0	0	0	0	0	0	0	0	0	0	0	0	0	0	0	0	0	0	0	0	0	0	0	0	0	0	0	0	0	
151	0.005281	0.003256	0.005284	0.003258	0.001567	0.001487	0.001567	0.001488	0.003715	0.001769	0.003717	0.00177	0	0	0	0	0	0	0	0	0	0	0	0	0	0	0	0	0	0	0	0	0	0	0	0	0	0	0	0	0	0	0	0	0	0	
152	0.005281	0.003256	0.005284	0.003258	0.001567	0.001487	0.001567	0.001488	0.003715	0.001769	0.003717	0.00177	0	0	0	0	0	0	0	0	0	0	0	0	0	0	0	0	0	0	0	0	0	0	0	0	0	0	0	0	0	0	0	0	0	0	
153	0.005281	0.003256	0.005284	0.003258	0.001567	0.001487	0.001567	0.001488	0.003715	0.001769	0.003717	0.00177	0	0	0	0	0	0	0	0	0	0	0	0	0	0	0	0	0	0	0	0	0	0	0	0	0	0	0	0	0	0	0	0	0	0	
154	0.005281	0.003256	0.005284	0.003258	0.001567	0.001487	0.001567	0.001488	0.003715	0.001769	0.003717	0.00177	0	0	0	0	0	0	0	0	0	0	0	0	0	0	0	0	0	0	0	0	0	0	0	0	0	0	0	0	0	0	0	0	0	0	
155	0.005281	0.003256	0.005284	0.003258	0.001567	0.001487	0.001567	0.001488	0.003715	0.001769	0.003717	0.00177	0	0	0	0	0	0	0	0	0	0	0	0	0	0	0	0	0	0	0	0	0	0	0	0	0	0	0	0	0	0	0	0	0	0	
156	0.005281	0.003256	0.005284	0.003258	0.001567	0.001487	0.001567	0.001488	0.003715	0.001769	0.003717	0.00177	0	0	0	0	0	0	0	0	0	0	0	0	0	0	0	0	0	0	0	0	0	0	0	0	0	0	0	0	0	0	0	0	0	0	
157	0.005281	0.003256	0.005284	0.003258	0.001567	0.001487	0.001567	0.001488	0.003715	0.001769	0.003717	0.00177	0	0	0	0	0	0	0	0	0	0	0	0	0	0	0	0	0	0	0	0	0	0	0	0	0	0	0	0	0	0	0	0	0	0	
158	0.005281	0.003256	0.005284	0.003258	0.001567	0.001487	0.001567	0.001488	0.003715	0.001769	0.003717	0.00177	0	0	0	0	0	0	0	0	0	0	0	0	0	0	0	0	0	0	0	0	0	0	0	0	0	0	0	0	0	0	0	0	0	0	
159	0.005281	0.003256	0.005284	0.003258	0.001567	0.001487	0.001567	0.001488	0.003715	0.001769	0.003717	0.00177	0	0	0	0	0	0	0	0	0	0	0	0	0	0	0	0	0	0	0	0	0	0	0	0	0	0	0	0	0	0	0	0	0	0	
160	0.005281	0.003256	0.005284	0.003258	0.001567	0.001487	0.001567	0.001488	0.003715	0.001769	0.003717	0.00177	0	0	0	0	0	0	0	0	0	0	0	0	0	0	0	0	0	0	0	0	0	0	0	0	0	0	0	0	0	0	0	0	0	0	
161	0.005281	0.003256	0.005284	0.003258	0.001567	0.001487	0.001567	0.001488	0.003715	0.001769	0.003717	0.00177	0	0	0	0	0	0	0	0	0	0	0	0	0	0	0	0	0	0	0	0	0	0	0	0	0	0	0	0	0	0	0	0	0	0	
162	0.005281	0.003256	0.005284	0.003258	0.001567	0.001487	0.001567	0.001488	0.003715	0.001769	0.003717	0.00177	0	0	0	0	0	0	0	0	0	0	0	0	0	0	0	0	0	0	0	0	0	0	0	0	0	0	0	0	0	0	0	0	0	0	
163	0.005281	0.003256	0.005284	0.003258	0.001567	0.001487	0.001567	0.001488	0.003715	0.001769	0.003717	0.00177	0	0	0	0	0	0	0	0	0	0	0	0	0	0	0	0	0	0	0	0	0	0	0	0	0	0	0	0	0	0	0	0	0	0	
164	1.015	0.6889	1.016	0.6889	1.007	0.6689	1.007	0.6689	0.008133	0.02003	0.008136	0.02004	2	1	2	1	2	1	2	1	2	1	1	1	1	1	1	1	1	1	1	1	1	1	1	1	0	0	0	0	0	0	0	0	0	0	
165	0.005286	0.003261	0.005288	0.003262	0.001571	0.001491	0.001571	0.001492	0.003715	0.001769	0.003717	0.00177	0	0	0	0	0	0	0	0	0	0	0	0	0	0	0	0	0	0	0	0	0	0	0	0	0	0	0	0	0	0	0	0	0	0	
