# Rates were calculated using the expectation of the posterior rate distribution
# Prior distribution is Gamma with 4 discrete categories
# The alpha parameter 0.1
# sp.rates(j)  j= 0	5.286e-07	0.25
# sp.rates(j)  j= 1	0.00108	0.25
# sp.rates(j)  j= 2	0.09382	0.25
# sp.rates(j)  j= 3	3.905	0.25

=========================================================================================================================================================
# POS	RATE
1	0.8615
2	3.628
3	0.8615
4	0.8615
5	0.8615
6	0.8615
7	0.8615
8	0.8615
9	0.8615
10	0.8615
11	0.8615
12	0.8615
13	0.8615
14	0.8615
15	0.8615
16	0.8615
17	0.8615
18	0.8615
19	0.8615
20	0.8615
21	0.8615
22	0.8615
23	0.8615
24	0.8615
25	0.8615
26	0.8615
27	0.8615
28	0.8615
29	0.8615
30	0.8615
31	0.8615
32	0.8615
33	0.8615
34	0.8615
35	0.8615
36	0.8615
37	0.8615
38	0.8615
39	0.8615
40	0.8615
41	0.8615
42	0.8615
43	0.8615
44	0.8615
45	0.8615
46	0.8615
47	0.8615
48	0.8615
49	0.8615
50	0.8615
51	0.8615
52	0.8615
53	0.8615
54	0.8615
55	0.8615
56	0.8615
57	0.8615
58	0.8615
59	0.8615
60	0.8615
61	0.8615
62	0.8615
63	0.8615
64	0.8615
65	0.8615
66	0.8615
67	0.8615
68	0.8615
69	0.8615
70	0.8615
71	0.8615
72	3.897
73	3.892
74	3.905
75	0.8615
76	0.8615
77	0.8615
78	0.8615
79	0.8615
80	0.8615
81	0.8615
82	0.8615
83	0.8615
84	0.8615
85	0.8615
86	0.8615
87	0.8615
88	0.8615
89	0.8615
90	0.8615
91	0.8615
92	0.8615
93	0.8615
94	0.8615
95	0.8615
96	0.8615
97	0.8615
98	0.8615
99	0.8615
100	0.8615
101	0.8615
102	0.8615
103	0.8615
104	0.8615
105	0.8615
106	0.8615
107	0.8615
108	0.8615
109	0.8615
110	0.8615
111	0.8615
112	0.8615
113	0.8615
114	0.8615
115	0.8615
116	3.157
117	0.8615
118	0.8615
119	0.8615
120	0.8615
121	0.8615
122	0.8615
123	0.8615
124	0.8615
125	0.8615
126	0.8615
127	0.8615
128	0.8615
129	0.8615
130	0.8615
131	0.8615
132	0.8615
133	0.8615
134	0.8615
135	0.8615
136	0.8615
137	0.8615
138	0.8615
139	0.8615
140	3.793
141	1
142	1
143	0.8615
144	0.8615
145	0.8615
146	3.719
147	0.8615
148	0.8615
149	0.8615
150	0.8615
151	0.8615
152	0.8615
153	0.8615
154	0.8615
155	0.8615
156	0.8615
157	0.8615
158	0.8615
159	0.8615
160	0.8615
161	0.8615
162	0.8615
163	0.8615
164	3.628
165	0.8615
# Average = 1.001
# Standard Deviation = 0.614
